0 0 100 36.40 1398865379328 1398865360145 1398865360156 1398865379478 0.10000E+01
1 50 50 36.70 1398865385484 1398865366300 1398865366311 1398865385634 0.10000E+01
2 50 50 36.70 1398865386479 1398865367294 1398865367305 1398865386629 0.20000E+01
3 50 50 36.70 1398865387476 1398865368309 1398865368319 1398865387641 0.30000E+01
4 50 50 36.70 1398865388490 1398865369303 1398865369314 1398865388636 0.40000E+01
5 50 50 36.60 1398865389484 1398865370189 1398865370200 1398865389522 0.50000E+01
6 50 50 36.90 1398865390490 1398865371196 1398865371207 1398865390530 0.60000E+01
7 50 50 36.70 1398865391478 1398865372182 1398865372194 1398865391516 0.70000E+01
8 50 50 36.80 1398865392485 1398865373188 1398865373199 1398865392521 0.80000E+01
9 50 50 36.80 1398865393490 1398865374190 1398865374200 1398865393522 0.90000E+01
10 50 50 36.90 1398865394471 1398865375168 1398865375179 1398865394502 0.10000E+02
11 50 50 37.20 1398865395472 1398865376287 1398865376298 1398865395620 0.11000E+02
12 50 50 37.20 1398865396489 1398865377305 1398865377315 1398865396638 0.12000E+02
