0 0 100 29.60 1334143388387 1334143270024 1334143270033 1334143388762 0.10000E+01
1 14 50 29.70 1334143404627 1334143286262 1334143286273 1334143404821 0.10000E+01
2 24 50 29.70 1334143405621 1334143287096 1334143287109 1334143405657 0.20000E+01
3 31 50 29.80 1334143406621 1334143288094 1334143288105 1334143406653 0.30000E+01
4 35 50 29.70 1334143407621 1334143289112 1334143289125 1334143407674 0.40000E+01
5 38 50 29.70 1334143408621 1334143290100 1334143290113 1334143408662 0.50000E+01
6 39 50 29.70 1334143409624 1334143291099 1334143291109 1334143409659 0.60000E+01
7 40 50 29.70 1334143410626 1334143292149 1334143292161 1334143410710 0.70000E+01
8 40 50 29.70 1334143411624 1334143293102 1334143293113 1334143411659 0.80000E+01
9 40 50 29.70 1334143412624 1334143294183 1334143294193 1334143412742 0.90000E+01
10 39 50 30.50 1334143413624 1334143305105 1334143305114 1334143423664 0.10000E+02
11 37 50 30.50 1334143424624 1334143306255 1334143306266 1334143424832 0.11000E+02
12 36 50 30.70 1334143425624 1334143307258 1334143307269 1334143425861 0.12000E+02
13 35 50 30.70 1334143426624 1334143308251 1334143308262 1334143426886 0.13000E+02
14 34 50 30.80 1334143427624 1334143309279 1334143309289 1334143427840 0.14000E+02
15 34 50 30.90 1334143428624 1334143310099 1334143310110 1334143428661 0.15000E+02
16 34 50 31.00 1334143429621 1334143311100 1334143311110 1334143429660 0.16000E+02
17 34 50 31.10 1334143430624 1334143312103 1334143312114 1334143430664 0.17000E+02
18 34 50 31.10 1334143431624 1334143313097 1334143313106 1334143431657 0.18000E+02
19 34 50 31.10 1334143432624 1334143314098 1334143314109 1334143432660 0.19000E+02
20 34 50 31.20 1334143433625 1334143315099 1334143315110 1334143433661 0.20000E+02
21 34 50 31.20 1334143434624 1334143316102 1334143316113 1334143434663 0.21000E+02
22 35 50 31.40 1334143435624 1334143317096 1334143317109 1334143435660 0.22000E+02
23 35 50 31.20 1334143436621 1334143318097 1334143318109 1334143436659 0.23000E+02
24 36 50 31.50 1334143437621 1334143319095 1334143319106 1334143437675 0.24000E+02
25 36 50 31.50 1334143438624 1334143320174 1334143320186 1334143438737 0.25000E+02
26 36 50 31.60 1334143439621 1334143321095 1334143321106 1334143439659 0.26000E+02
27 36 50 31.60 1334143440624 1334143322097 1334143322109 1334143440662 0.27000E+02
28 36 50 31.60 1334143441624 1334143323104 1334143323114 1334143441665 0.28000E+02
29 36 50 31.60 1334143442621 1334143324097 1334143324109 1334143442659 0.29000E+02
30 36 50 31.70 1334143443621 1334143325093 1334143325105 1334143443680 0.30000E+02
31 36 50 31.70 1334143444621 1334143326093 1334143326105 1334143444657 0.31000E+02
32 36 50 31.80 1334143445621 1334143327103 1334143327114 1334143445665 0.32000E+02
33 36 50 31.80 1334143446621 1334143328171 1334143328182 1334143446735 0.33000E+02
34 36 50 31.90 1334143447621 1334143329239 1334143329250 1334143447801 0.34000E+02
35 36 50 31.90 1334143448624 1334143330102 1334143330113 1334143448664 0.35000E+02
36 37 50 31.90 1334143449625 1334143331098 1334143331109 1334143449659 0.36000E+02
37 37 50 32.00 1334143450621 1334143332099 1334143332110 1334143450661 0.37000E+02
38 37 50 32.00 1334143451625 1334143333102 1334143333114 1334143451667 0.38000E+02
39 37 50 32.00 1334143452625 1334143334098 1334143334109 1334143452663 0.39000E+02
40 38 50 32.20 1334143453624 1334143335096 1334143335106 1334143453659 0.40000E+02
41 38 50 32.20 1334143454624 1334143336099 1334143336110 1334143454662 0.41000E+02
42 38 50 32.30 1334143455625 1334143337102 1334143337113 1334143455664 0.42000E+02
43 38 50 32.20 1334143456621 1334143338092 1334143338102 1334143456657 0.43000E+02
44 38 50 32.30 1334143457625 1334143339096 1334143339106 1334143457659 0.44000E+02
45 38 50 32.30 1334143458625 1334143340101 1334143340110 1334143458662 0.45000E+02
46 38 50 32.30 1334143459624 1334143341099 1334143341110 1334143459662 0.46000E+02
47 38 50 32.30 1334143460624 1334143342106 1334143342117 1334143460669 0.47000E+02
48 38 50 32.40 1334143461625 1334143343097 1334143343109 1334143461662 0.48000E+02
49 38 50 32.50 1334143462624 1334143344098 1334143344109 1334143462661 0.49000E+02
50 38 50 32.50 1334143463624 1334143345097 1334143345109 1334143463662 0.50000E+02
51 38 50 32.50 1334143464625 1334143346101 1334143346113 1334143464665 0.51000E+02
52 38 50 32.50 1334143465621 1334143347093 1334143347105 1334143465657 0.52000E+02
53 39 50 32.50 1334143466625 1334143348098 1334143348109 1334143466661 0.53000E+02
54 39 50 32.60 1334143467621 1334143349097 1334143349109 1334143467661 0.54000E+02
55 39 50 32.60 1334143468621 1334143350096 1334143350106 1334143468658 0.55000E+02
56 39 50 32.70 1334143469624 1334143351095 1334143351106 1334143469657 0.56000E+02
57 39 50 32.70 1334143470621 1334143352093 1334143352102 1334143470656 0.57000E+02
58 39 50 32.90 1334143471621 1334143353095 1334143353106 1334143471658 0.58000E+02
59 39 50 32.90 1334143472621 1334143354099 1334143354110 1334143472663 0.59000E+02
60 39 50 33.00 1334143473622 1334143355092 1334143355102 1334143473657 0.60000E+02
61 39 50 33.00 1334143474625 1334143356098 1334143356109 1334143474662 0.61000E+02
62 39 50 32.90 1334143475621 1334143357098 1334143357109 1334143475662 0.62000E+02
63 39 50 33.10 1334143476621 1334143358095 1334143358106 1334143476660 0.63000E+02
64 39 50 33.10 1334143477621 1334143359092 1334143359102 1334143477657 0.64000E+02
65 39 50 33.10 1334143478621 1334143360098 1334143360109 1334143478661 0.65000E+02
66 39 50 33.10 1334143479624 1334143361096 1334143361106 1334143479661 0.66000E+02
67 39 50 33.20 1334143480621 1334143362102 1334143362114 1334143480666 0.67000E+02
68 39 50 33.20 1334143481623 1334143363097 1334143363110 1334143481663 0.68000E+02
69 39 50 33.10 1334143482625 1334143364097 1334143364109 1334143482662 0.69000E+02
70 39 50 33.20 1334143483621 1334143365095 1334143365106 1334143483659 0.70000E+02
71 39 50 33.20 1334143484621 1334143366098 1334143366109 1334143484662 0.71000E+02
72 39 50 33.20 1334143485621 1334143367094 1334143367105 1334143485658 0.72000E+02
73 39 50 33.30 1334143486621 1334143368093 1334143368105 1334143486660 0.73000E+02
74 39 50 33.30 1334143487624 1334143369107 1334143369118 1334143487672 0.74000E+02
75 39 50 33.30 1334143488621 1334143370098 1334143370109 1334143488662 0.75000E+02
76 39 50 33.40 1334143489625 1334143371100 1334143371110 1334143489664 0.76000E+02
77 39 50 33.40 1334143490621 1334143372092 1334143372102 1334143490656 0.77000E+02
78 39 50 33.30 1334143491621 1334143373092 1334143373105 1334143491660 0.78000E+02
79 39 50 33.40 1334143492621 1334143374092 1334143374102 1334143492657 0.79000E+02
80 39 50 33.40 1334143493621 1334143375095 1334143375106 1334143493660 0.80000E+02
81 39 50 33.40 1334143494622 1334143376092 1334143376106 1334143494662 0.81000E+02
82 39 50 33.60 1334143495621 1334143377093 1334143377106 1334143495662 0.82000E+02
83 39 50 33.40 1334143496621 1334143378092 1334143378102 1334143496657 0.83000E+02
84 39 50 33.60 1334143497622 1334143379092 1334143379102 1334143497657 0.84000E+02
85 39 50 33.60 1334143498622 1334143380099 1334143380110 1334143498666 0.85000E+02
86 39 50 33.40 1334143499621 1334143381092 1334143381102 1334143499657 0.86000E+02
87 39 50 33.60 1334143500621 1334143382092 1334143382102 1334143500656 0.87000E+02
88 39 50 33.60 1334143501621 1334143383096 1334143383106 1334143501660 0.88000E+02
89 39 50 33.70 1334143502622 1334143384096 1334143384106 1334143502662 0.89000E+02
90 40 50 33.60 1334143503622 1334143385091 1334143385102 1334143503656 0.90000E+02
91 40 50 33.70 1334143504624 1334143386096 1334143386110 1334143504666 0.91000E+02
92 40 50 33.70 1334143505623 1334143387096 1334143387106 1334143505660 0.92000E+02
93 40 50 33.70 1334143506621 1334143388098 1334143388109 1334143506663 0.93000E+02
94 40 50 33.60 1334143507621 1334143389090 1334143389102 1334143507657 0.94000E+02
95 40 50 33.70 1334143508625 1334143390096 1334143390106 1334143508662 0.95000E+02
96 40 50 33.80 1334143509622 1334143391152 1334143391166 1334143509721 0.96000E+02
97 40 50 33.80 1334143510621 1334143392094 1334143392106 1334143510661 0.97000E+02
98 40 50 33.70 1334143511622 1334143393090 1334143393101 1334143511657 0.98000E+02
99 40 50 33.80 1334143512622 1334143394090 1334143394101 1334143512657 0.99000E+02
100 40 50 33.80 1334143513621 1334143395093 1334143395105 1334143513660 0.10000E+03
101 40 50 33.80 1334143514621 1334143396092 1334143396102 1334143514658 0.10100E+03
102 40 50 33.90 1334143515622 1334143397102 1334143397114 1334143515669 0.10200E+03
103 40 50 33.90 1334143516622 1334143398090 1334143398101 1334143516656 0.10300E+03
104 40 50 34.00 1334143517622 1334143399090 1334143399101 1334143517657 0.10400E+03
105 40 50 33.90 1334143518622 1334143400091 1334143400102 1334143518658 0.10500E+03
106 40 50 33.90 1334143519622 1334143401095 1334143401106 1334143519666 0.10600E+03
107 40 50 34.00 1334143520621 1334143402090 1334143402101 1334143520656 0.10700E+03
108 40 50 34.00 1334143521622 1334143403089 1334143403101 1334143521657 0.10800E+03
109 40 50 34.00 1334143522622 1334143404093 1334143404105 1334143522661 0.10900E+03
110 40 50 34.10 1334143523622 1334143405098 1334143405109 1334143523664 0.11000E+03
111 40 50 34.10 1334143524621 1334143406090 1334143406101 1334143524656 0.11100E+03
112 40 50 34.10 1334143525625 1334143407106 1334143407117 1334143525673 0.11200E+03
113 40 50 34.10 1334143526623 1334143408193 1334143408205 1334143526760 0.11300E+03
114 40 50 34.10 1334143527622 1334143412091 1334143412102 1334143530658 0.11400E+03
115 40 50 34.30 1334143531625 1334143413099 1334143413110 1334143531666 0.11500E+03
116 40 50 34.30 1334143532625 1334143414099 1334143414110 1334143532669 0.11600E+03
117 40 50 34.30 1334143533625 1334143415093 1334143415106 1334143533666 0.11700E+03
118 40 50 34.40 1334143534625 1334143416097 1334143416109 1334143534669 0.11800E+03
119 40 50 34.30 1334143535625 1334143417095 1334143417106 1334143535662 0.11900E+03
120 40 50 34.30 1334143536625 1334143418100 1334143418110 1334143536666 0.12000E+03
121 40 50 34.40 1334143537625 1334143419093 1334143419106 1334143537670 0.12100E+03
122 40 50 34.40 1334143538625 1334143420096 1334143420109 1334143538665 0.12200E+03
123 40 50 34.40 1334143539625 1334143421098 1334143421109 1334143539665 0.12300E+03
124 40 50 34.40 1334143540625 1334143422096 1334143422109 1334143540672 0.12400E+03
125 40 50 34.40 1334143541622 1334143423089 1334143423102 1334143541661 0.12500E+03
126 40 50 34.40 1334143542622 1334143424090 1334143424101 1334143542661 0.12600E+03
127 40 50 34.40 1334143543622 1334143425097 1334143425109 1334143543666 0.12700E+03
128 40 50 34.40 1334143544621 1334143426091 1334143426102 1334143544659 0.12800E+03
129 40 50 34.40 1334143545622 1334143427090 1334143427101 1334143545659 0.12900E+03
130 40 50 34.50 1334143546622 1334143428090 1334143428101 1334143546658 0.13000E+03
131 40 50 34.50 1334143547622 1334143429091 1334143429102 1334143547659 0.13100E+03
132 40 50 34.50 1334143548625 1334143430098 1334143430109 1334143548666 0.13200E+03
133 40 50 34.40 1334143549622 1334143431092 1334143431105 1334143549662 0.13300E+03
134 40 50 34.40 1334143550622 1334143432098 1334143432109 1334143550666 0.13400E+03
135 40 50 34.50 1334143551622 1334143433095 1334143433106 1334143551663 0.13500E+03
136 40 50 34.40 1334143552622 1334143434091 1334143434102 1334143552662 0.13600E+03
137 40 50 34.50 1334143553622 1334143435097 1334143435113 1334143553672 0.13700E+03
138 40 50 34.50 1334143554621 1334143436089 1334143436101 1334143554658 0.13800E+03
139 40 50 34.50 1334143555622 1334143437089 1334143437102 1334143555659 0.13900E+03
140 40 50 34.50 1334143556622 1334143438089 1334143438102 1334143556660 0.14000E+03
141 40 50 34.40 1334143557622 1334143439094 1334143439105 1334143557662 0.14100E+03
142 40 50 34.50 1334143558622 1334143440088 1334143440098 1334143558657 0.14200E+03
143 40 50 34.40 1334143559622 1334143441101 1334143441113 1334143559671 0.14300E+03
144 40 50 34.50 1334143560622 1334143442091 1334143442102 1334143560660 0.14400E+03
145 40 50 34.50 1334143561621 1334143443089 1334143443101 1334143561659 0.14500E+03
146 40 50 34.50 1334143562622 1334143444089 1334143444102 1334143562660 0.14600E+03
147 40 50 34.50 1334143563622 1334143445089 1334143445102 1334143563660 0.14700E+03
148 40 50 34.50 1334143564621 1334143446088 1334143446098 1334143564657 0.14800E+03
149 40 50 34.50 1334143565625 1334143447097 1334143447109 1334143565669 0.14900E+03
150 40 50 34.50 1334143566622 1334143448091 1334143448101 1334143566659 0.15000E+03
151 40 50 34.40 1334143567622 1334143449088 1334143449098 1334143567657 0.15100E+03
152 40 50 34.50 1334143568622 1334143450089 1334143450101 1334143568659 0.15200E+03
153 40 50 34.60 1334143569622 1334143451091 1334143451102 1334143569660 0.15300E+03
154 40 50 34.60 1334143570622 1334143452095 1334143452106 1334143570665 0.15400E+03
155 40 50 34.60 1334143571622 1334143453087 1334143453098 1334143571659 0.15500E+03
156 40 50 34.60 1334143572622 1334143454088 1334143454098 1334143572657 0.15600E+03
157 40 50 34.60 1334143573622 1334143455092 1334143455102 1334143573661 0.15700E+03
158 40 50 34.60 1334143574622 1334143456096 1334143456106 1334143574665 0.15800E+03
159 40 50 34.50 1334143575622 1334143457087 1334143457098 1334143575657 0.15900E+03
160 40 50 34.60 1334143576622 1334143458088 1334143458101 1334143576658 0.16000E+03
161 40 50 34.60 1334143577622 1334143459091 1334143459102 1334143577661 0.16100E+03
162 40 50 34.70 1334143578622 1334143460091 1334143460102 1334143578662 0.16200E+03
163 40 50 34.60 1334143579622 1334143461087 1334143461098 1334143579657 0.16300E+03
164 40 50 34.60 1334143580622 1334143462092 1334143462105 1334143580662 0.16400E+03
165 40 50 34.70 1334143581622 1334143463087 1334143463098 1334143581657 0.16500E+03
166 40 50 34.60 1334143582622 1334143464088 1334143464098 1334143582659 0.16600E+03
167 40 50 34.50 1334143583625 1334143465095 1334143465106 1334143583667 0.16700E+03
168 40 50 34.60 1334143584622 1334143466089 1334143466101 1334143584660 0.16800E+03
169 40 50 34.70 1334143585622 1334143467093 1334143467105 1334143585664 0.16900E+03
170 40 50 34.70 1334143586622 1334143468091 1334143468102 1334143586663 0.17000E+03
171 40 50 34.60 1334143587622 1334143469102 1334143469114 1334143587674 0.17100E+03
172 40 50 34.60 1334143588622 1334143470088 1334143470098 1334143588659 0.17200E+03
173 40 50 34.70 1334143589622 1334143471121 1334143471133 1334143589704 0.17300E+03
174 40 50 34.60 1334143590625 1334143472099 1334143472110 1334143590668 0.17400E+03
175 40 50 34.70 1334143591625 1334143473091 1334143473102 1334143591662 0.17500E+03
176 40 50 34.70 1334143592623 1334143474087 1334143474098 1334143592659 0.17600E+03
177 40 50 34.70 1334143593622 1334143475086 1334143475097 1334143593657 0.17700E+03
178 40 50 34.70 1334143594621 1334143476089 1334143476101 1334143594661 0.17800E+03
179 40 50 34.70 1334143595622 1334143477087 1334143477098 1334143595658 0.17900E+03
180 40 50 34.70 1334143596621 1334143478087 1334143478098 1334143596658 0.18000E+03
181 40 50 34.70 1334143597623 1334143479087 1334143479098 1334143597658 0.18100E+03
182 40 50 34.60 1334143598622 1334143480096 1334143480106 1334143598667 0.18200E+03
183 40 50 34.80 1334143599622 1334143481086 1334143481097 1334143599658 0.18300E+03
184 40 50 34.80 1334143600622 1334143482090 1334143482101 1334143600661 0.18400E+03
185 40 50 34.80 1334143601622 1334143483088 1334143483098 1334143601658 0.18500E+03
186 40 50 34.70 1334143602622 1334143484088 1334143484097 1334143602658 0.18600E+03
187 40 100 34.70 1334143603625 1334143485091 1334143485102 1334143603664 0.18700E+03
188 40 100 34.70 1334143604622 1334143486091 1334143486102 1334143604664 0.18800E+03
189 40 100 34.70 1334143605622 1334143487086 1334143487097 1334143605659 0.18900E+03
190 40 100 34.60 1334143606622 1334143488087 1334143488098 1334143606658 0.19000E+03
191 40 100 34.80 1334143607622 1334143489090 1334143489101 1334143607662 0.19100E+03
192 40 100 34.70 1334143608622 1334143490097 1334143490109 1334143608673 0.19200E+03
193 40 100 34.70 1334143609622 1334143491086 1334143491097 1334143609658 0.19300E+03
