0 0 100 29.70 1334144057311 1334143938745 1334143938757 1334144057346 0.10000E+01
1 14 50 29.80 1334144067774 1334143949208 1334143949221 1334144067810 0.10000E+01
2 23 50 29.70 1334144068777 1334143950368 1334143950378 1334144068994 0.20000E+01
3 30 50 29.70 1334144069771 1334143951206 1334143951217 1334144069806 0.30000E+01
4 34 50 29.70 1334144070778 1334143952217 1334143952229 1334144070818 0.40000E+01
5 37 50 29.70 1334144071788 1334143953221 1334143953233 1334144071821 0.50000E+01
6 38 50 29.70 1334144072785 1334143954228 1334143954241 1334144072835 0.60000E+01
7 39 50 29.80 1334144073786 1334143955220 1334143955233 1334144073822 0.70000E+01
8 39 50 29.80 1334144074780 1334143956216 1334143956229 1334144074817 0.80000E+01
9 38 50 29.80 1334144075771 1334143957208 1334143957218 1334144075814 0.90000E+01
10 38 50 29.80 1334144076769 1334143958202 1334143958213 1334144076804 0.10000E+02
11 38 50 29.80 1334144077770 1334143959204 1334143959214 1334144077806 0.11000E+02
12 38 50 30.00 1334144078779 1334143960212 1334143960225 1334144078815 0.12000E+02
13 38 50 30.00 1334144079777 1334143961216 1334143961226 1334144079815 0.13000E+02
14 38 50 30.10 1334144080780 1334143962211 1334143962222 1334144080812 0.14000E+02
15 38 50 30.20 1334144081777 1334143963209 1334143963221 1334144081811 0.15000E+02
16 38 50 30.20 1334144082777 1334143964212 1334143964222 1334144082813 0.16000E+02
17 38 50 30.30 1334144083776 1334143965207 1334143965218 1334144083809 0.17000E+02
18 38 50 30.30 1334144084777 1334143966211 1334143966222 1334144084813 0.18000E+02
19 39 50 30.30 1334144085776 1334143967208 1334143967221 1334144085811 0.19000E+02
20 40 50 30.40 1334144086771 1334143968207 1334143968218 1334144086809 0.20000E+02
21 40 50 30.50 1334144087775 1334143969364 1334143969374 1334144087965 0.21000E+02
22 40 50 30.80 1334144088778 1334143970373 1334143970385 1334144088976 0.22000E+02
23 40 50 30.80 1334144089769 1334143971200 1334143971210 1334144089803 0.23000E+02
24 40 50 30.80 1334144090769 1334143972204 1334143972214 1334144090806 0.24000E+02
25 40 50 30.90 1334144091778 1334143973229 1334143973241 1334144091832 0.25000E+02
26 40 50 30.90 1334144092770 1334143974202 1334143974214 1334144092805 0.26000E+02
27 40 50 31.00 1334144093777 1334143975209 1334143975218 1334144093809 0.27000E+02
28 40 50 31.00 1334144094778 1334143976208 1334143976218 1334144094809 0.28000E+02
29 40 50 31.10 1334144095769 1334143977203 1334143977214 1334144095805 0.29000E+02
30 40 50 31.40 1334144096770 1334143978203 1334143978213 1334144096806 0.30000E+02
31 40 50 31.40 1334144097770 1334143979202 1334143979213 1334144097804 0.31000E+02
32 40 50 31.40 1334144098770 1334143980201 1334143980213 1334144098805 0.32000E+02
33 40 50 31.50 1334144099769 1334143981214 1334143981225 1334144099816 0.33000E+02
34 40 50 31.60 1334144100776 1334143982209 1334143982221 1334144100813 0.34000E+02
35 40 50 31.60 1334144101780 1334143983211 1334143983221 1334144101812 0.35000E+02
36 40 50 31.60 1334144102781 1334143984212 1334143984222 1334144102814 0.36000E+02
37 40 50 31.70 1334144103776 1334143985215 1334143985226 1334144103818 0.37000E+02
38 40 50 31.80 1334144104776 1334143986334 1334143986346 1334144104938 0.38000E+02
39 40 50 31.90 1334144105775 1334143987205 1334143987217 1334144105809 0.39000E+02
40 40 50 32.00 1334144106769 1334143988200 1334143988210 1334144106802 0.40000E+02
41 40 50 32.00 1334144107769 1334143989205 1334143989217 1334144107809 0.41000E+02
42 40 50 32.00 1334144108778 1334143990212 1334143990226 1334144108818 0.42000E+02
43 40 50 32.00 1334144109770 1334143991200 1334143991214 1334144109806 0.43000E+02
44 40 50 32.00 1334144110770 1334143992203 1334143992213 1334144110805 0.44000E+02
45 40 50 32.30 1334144111769 1334143993203 1334143993214 1334144111806 0.45000E+02
46 40 50 32.40 1334144112769 1334143994216 1334143994230 1334144112822 0.46000E+02
47 40 50 32.40 1334144113770 1334143995202 1334143995214 1334144113806 0.47000E+02
48 40 50 32.50 1334144114772 1334143996204 1334143996214 1334144114805 0.48000E+02
49 40 50 32.50 1334144115771 1334143997200 1334143997210 1334144115803 0.49000E+02
50 40 50 32.50 1334144116778 1334143998212 1334143998222 1334144116816 0.50000E+02
51 40 50 34.80 1334144233971 1334144115395 1334144115406 1334144234006 0.51000E+02
52 34 50 34.70 1334144234959 1334144116387 1334144116398 1334144234998 0.52000E+02
53 30 50 34.70 1334144235960 1334144117389 1334144117401 1334144236001 0.53000E+02
54 28 50 34.70 1334144236960 1334144118381 1334144118393 1334144236993 0.54000E+02
55 26 50 34.70 1334144237958 1334144119379 1334144119390 1334144237990 0.55000E+02
56 25 50 34.70 1334144238967 1334144120389 1334144120401 1334144239001 0.56000E+02
57 25 50 34.80 1334144239969 1334144121393 1334144121405 1334144240003 0.57000E+02
58 25 50 34.70 1334144240967 1334144122391 1334144122401 1334144241001 0.58000E+02
59 26 50 34.70 1334144241959 1334144123380 1334144123393 1334144241992 0.59000E+02
60 26 50 34.60 1334144242974 1334144124395 1334144124406 1334144243006 0.60000E+02
61 27 50 34.60 1334144243975 1334144125401 1334144125413 1334144244015 0.61000E+02
62 28 50 34.50 1334144244978 1334144126406 1334144126417 1334144245015 0.62000E+02
63 29 50 34.40 1334144245978 1334144127402 1334144127413 1334144246015 0.63000E+02
64 29 50 34.40 1334144246968 1334144128389 1334144128401 1334144247001 0.64000E+02
65 29 50 34.40 1334144247959 1334144129382 1334144129393 1334144247994 0.65000E+02
66 29 50 34.40 1334144248960 1334144130381 1334144130393 1334144248994 0.66000E+02
67 29 50 34.30 1334144249960 1334144131396 1334144131406 1334144250011 0.67000E+02
68 29 50 34.10 1334144250959 1334144132395 1334144132406 1334144251007 0.68000E+02
69 30 50 34.10 1334144251958 1334144133395 1334144133406 1334144252007 0.69000E+02
70 31 50 34.00 1334144252958 1334144134417 1334144134429 1334144253034 0.70000E+02
71 32 50 34.10 1334144253970 1334144135392 1334144135402 1334144254005 0.71000E+02
72 32 50 34.00 1334144254958 1334144136379 1334144136389 1334144254990 0.72000E+02
73 32 50 34.00 1334144255958 1334144137380 1334144137390 1334144255991 0.73000E+02
74 32 50 33.90 1334144256959 1334144138386 1334144138397 1334144256998 0.74000E+02
75 33 50 33.90 1334144257959 1334144139383 1334144139393 1334144258000 0.75000E+02
76 33 50 33.90 1334144258977 1334144140398 1334144140409 1334144259008 0.76000E+02
77 33 50 33.80 1334144259958 1334144141379 1334144141390 1334144259992 0.77000E+02
78 34 50 33.80 1334144260959 1334144142386 1334144142397 1334144261000 0.78000E+02
79 34 50 33.80 1334144261969 1334144143400 1334144143410 1334144262011 0.79000E+02
80 34 50 33.80 1334144262963 1334144144386 1334144144397 1334144262998 0.80000E+02
81 34 50 33.80 1334144263958 1334144145380 1334144145393 1334144263995 0.81000E+02
82 34 50 33.80 1334144264959 1334144146384 1334144146397 1334144264999 0.82000E+02
83 34 50 33.80 1334144265958 1334144147380 1334144147393 1334144265995 0.83000E+02
84 34 50 33.70 1334144266958 1334144148381 1334144148393 1334144266995 0.84000E+02
85 35 50 33.70 1334144267959 1334144149383 1334144149394 1334144267996 0.85000E+02
86 35 50 33.70 1334144268967 1334144150389 1334144150401 1334144269003 0.86000E+02
87 35 50 33.70 1334144269958 1334144151386 1334144151397 1334144269999 0.87000E+02
88 35 50 33.70 1334144270972 1334144152395 1334144152406 1334144271007 0.88000E+02
89 36 50 33.70 1334144271960 1334144153380 1334144153393 1334144271995 0.89000E+02
90 36 50 33.80 1334144272960 1334144154386 1334144154397 1334144273001 0.90000E+02
91 36 50 33.80 1334144273960 1334144155385 1334144155397 1334144273999 0.91000E+02
92 36 50 33.70 1334144274966 1334144156388 1334144156401 1334144275003 0.92000E+02
93 36 50 33.70 1334144275965 1334144157385 1334144157397 1334144276001 0.93000E+02
94 36 50 33.70 1334144276958 1334144158404 1334144158417 1334144277019 0.94000E+02
95 36 50 33.70 1334144277959 1334144159384 1334144159397 1334144277999 0.95000E+02
96 36 50 33.80 1334144278958 1334144160438 1334144160449 1334144279052 0.96000E+02
97 36 50 33.80 1334144279961 1334144161380 1334144161390 1334144279993 0.97000E+02
98 36 50 33.70 1334144280967 1334144162387 1334144162398 1334144281000 0.98000E+02
99 37 50 33.70 1334144281960 1334144163383 1334144163394 1334144281996 0.99000E+02
100 37 50 33.70 1334144282967 1334144164424 1334144164434 1334144283040 0.10000E+03
101 37 50 33.70 1334144283967 1334144165402 1334144165413 1334144284018 0.10100E+03
102 37 50 33.70 1334144284959 1334144166395 1334144166406 1334144285010 0.10200E+03
103 37 50 33.80 1334144285967 1334144167388 1334144167401 1334144286004 0.10300E+03
104 37 50 33.80 1334144286962 1334144168388 1334144168398 1334144287001 0.10400E+03
105 37 50 33.80 1334144287966 1334144169389 1334144169401 1334144288002 0.10500E+03
106 37 50 33.80 1334144288968 1334144170391 1334144170402 1334144289006 0.10600E+03
107 37 50 33.80 1334144289967 1334144171386 1334144171397 1334144290000 0.10700E+03
108 37 50 33.90 1334144290968 1334144172391 1334144172402 1334144291005 0.10800E+03
109 37 50 33.80 1334144291968 1334144173388 1334144173398 1334144292001 0.10900E+03
110 38 50 33.70 1334144292962 1334144174381 1334144174393 1334144292998 0.11000E+03
111 39 50 33.70 1334144293958 1334144175378 1334144175389 1334144293992 0.11100E+03
112 39 50 33.90 1334144294958 1334144176382 1334144176394 1334144294997 0.11200E+03
113 39 50 33.90 1334144295959 1334144177379 1334144177390 1334144295992 0.11300E+03
114 39 50 33.90 1334144296960 1334144178382 1334144178394 1334144296996 0.11400E+03
115 39 50 33.90 1334144297960 1334144179378 1334144179390 1334144297994 0.11500E+03
116 39 50 33.90 1334144298960 1334144180383 1334144180394 1334144298997 0.11600E+03
117 39 50 33.80 1334144299959 1334144181380 1334144181390 1334144299993 0.11700E+03
118 39 50 33.80 1334144300977 1334144182400 1334144182410 1334144301014 0.11800E+03
119 39 50 33.90 1334144301974 1334144183399 1334144183410 1334144302012 0.11900E+03
120 39 50 34.00 1334144302959 1334144184382 1334144184393 1334144302997 0.12000E+03
121 39 50 33.90 1334144303959 1334144185384 1334144185394 1334144303998 0.12100E+03
122 39 50 34.00 1334144304959 1334144186378 1334144186389 1334144304994 0.12200E+03
123 39 50 34.00 1334144305975 1334144187395 1334144187406 1334144306010 0.12300E+03
124 39 50 33.90 1334144306958 1334144188379 1334144188390 1334144306995 0.12400E+03
125 39 50 34.00 1334144307959 1334144189383 1334144189394 1334144307998 0.12500E+03
126 39 50 34.00 1334144308971 1334144190390 1334144190401 1334144309005 0.12600E+03
127 39 50 34.00 1334144309970 1334144191389 1334144191401 1334144310006 0.12700E+03
128 39 50 34.10 1334144310967 1334144192389 1334144192401 1334144311006 0.12800E+03
129 39 50 34.00 1334144311968 1334144193419 1334144193430 1334144312034 0.12900E+03
130 39 50 34.10 1334144312971 1334144194396 1334144194406 1334144313012 0.13000E+03
131 39 50 34.00 1334144313967 1334144195389 1334144195401 1334144314006 0.13100E+03
132 39 50 34.10 1334144314967 1334144196387 1334144196398 1334144315001 0.13200E+03
133 39 50 34.10 1334144315980 1334144197428 1334144197441 1334144316047 0.13300E+03
134 39 50 34.00 1334144316978 1334144198445 1334144198457 1334144317060 0.13400E+03
135 39 50 34.30 1334144317971 1334144199393 1334144199405 1334144318063 0.13500E+03
136 39 50 34.10 1334144318959 1334144200379 1334144200390 1334144318995 0.13600E+03
137 39 50 34.10 1334144319958 1334144201379 1334144201390 1334144319996 0.13700E+03
138 39 50 34.10 1334144320966 1334144202392 1334144202405 1334144321012 0.13800E+03
139 39 50 34.30 1334144321965 1334144203386 1334144203397 1334144322003 0.13900E+03
140 39 50 34.30 1334144322960 1334144204377 1334144204389 1334144322994 0.14000E+03
141 39 50 34.10 1334144323967 1334144205385 1334144205397 1334144324002 0.14100E+03
142 39 50 34.10 1334144324958 1334144206381 1334144206393 1334144324998 0.14200E+03
143 39 50 34.30 1334144325982 1334144207404 1334144207418 1334144326021 0.14300E+03
144 39 50 34.30 1334144326967 1334144208386 1334144208397 1334144327003 0.14400E+03
145 39 50 34.30 1334144327969 1334144209389 1334144209401 1334144328007 0.14500E+03
146 39 50 34.30 1334144328959 1334144210386 1334144210397 1334144329005 0.14600E+03
147 39 50 34.30 1334144329966 1334144211384 1334144211397 1334144330004 0.14700E+03
148 39 50 34.40 1334144330967 1334144212385 1334144212397 1334144331004 0.14800E+03
149 39 50 34.40 1334144331966 1334144213395 1334144213406 1334144332011 0.14900E+03
150 39 50 34.60 1334144386220 1334144267792 1334144267801 1334144386411 0.15000E+03
151 38 50 34.50 1334144387210 1334144268624 1334144268637 1334144387249 0.15100E+03
152 38 50 34.60 1334144388215 1334144269631 1334144269641 1334144388251 0.15200E+03
153 38 50 34.50 1334144389210 1334144270624 1334144270633 1334144389243 0.15300E+03
154 38 50 34.60 1334144390210 1334144271628 1334144271638 1334144390248 0.15400E+03
155 38 50 34.60 1334144391210 1334144272628 1334144272641 1334144391251 0.15500E+03
156 38 50 34.60 1334144392210 1334144273627 1334144273638 1334144392250 0.15600E+03
157 38 50 34.60 1334144393210 1334144274624 1334144274634 1334144393244 0.15700E+03
158 38 50 34.50 1334144394212 1334144275635 1334144275646 1334144394257 0.15800E+03
159 38 50 34.50 1334144395233 1334144276648 1334144276658 1334144395266 0.15900E+03
160 38 50 34.50 1334144396229 1334144277646 1334144277657 1334144396265 0.16000E+03
