0 1 0 29.60 1334142403752 1334142285301 1334142285313 1334142403799 0.25100E+03
1 15 100 29.60 1334142410190 1334142291735 1334142291745 1334142410233 0.10000E+01
2 25 100 29.60 1334142411145 1334142292695 1334142292705 1334142411192 0.20000E+01
3 32 100 29.60 1334142412146 1334142293840 1334142293849 1334142412337 0.30000E+01
4 36 100 29.60 1334142413145 1334142294679 1334142294689 1334142413176 0.40000E+01
5 39 100 29.50 1334142414145 1334142295686 1334142295697 1334142414183 0.50000E+01
6 40 100 29.60 1334142415145 1334142296684 1334142296697 1334142415182 0.60000E+01
7 40 100 29.70 1334142416145 1334142297682 1334142297693 1334142416180 0.70000E+01
8 40 100 29.60 1334142417146 1334142298809 1334142298821 1334142417308 0.80000E+01
9 40 100 29.70 1334142418144 1334142299853 1334142299865 1334142418354 0.90000E+01
10 39 100 29.70 1334142419145 1334142300978 1334142300989 1334142419474 0.10000E+02
11 39 100 29.70 1334142420146 1334142301687 1334142301697 1334142420187 0.11000E+02
12 39 100 29.80 1334142421145 1334142302709 1334142302721 1334142421208 0.12000E+02
13 39 100 29.80 1334142422145 1334142303682 1334142303693 1334142422181 0.13000E+02
14 39 100 30.00 1334142423147 1334142304684 1334142304693 1334142423181 0.14000E+02
15 39 100 30.00 1334142424145 1334142305681 1334142305693 1334142424180 0.15000E+02
16 40 100 30.00 1334142425146 1334142306681 1334142306693 1334142425182 0.16000E+02
17 40 100 30.10 1334142426146 1334142307682 1334142307693 1334142426180 0.17000E+02
18 40 100 30.10 1334142427146 1334142308687 1334142308697 1334142427185 0.18000E+02
19 40 100 30.20 1334142428145 1334142309682 1334142309693 1334142428180 0.19000E+02
20 40 100 30.30 1334142429146 1334142310688 1334142310697 1334142429185 0.20000E+02
21 40 100 30.40 1334142430146 1334142311680 1334142311689 1334142430177 0.21000E+02
22 40 100 30.40 1334142431145 1334142312684 1334142312693 1334142431181 0.22000E+02
23 40 100 30.50 1334142432146 1334142313683 1334142313693 1334142432183 0.23000E+02
24 40 100 30.50 1334142433145 1334142314682 1334142314693 1334142433181 0.24000E+02
25 40 100 30.70 1334142434145 1334142315680 1334142315693 1334142434181 0.25000E+02
26 40 100 30.70 1334142435145 1334142316686 1334142316697 1334142435184 0.26000E+02
27 40 100 30.70 1334142436143 1334142317680 1334142317693 1334142436181 0.27000E+02
28 40 100 30.70 1334142437146 1334142318684 1334142318697 1334142437185 0.28000E+02
29 40 100 30.80 1334142438143 1334142319680 1334142319693 1334142438181 0.29000E+02
30 40 100 30.90 1334142439145 1334142320681 1334142320690 1334142439178 0.30000E+02
31 40 100 31.00 1334142440145 1334142321683 1334142321694 1334142440182 0.31000E+02
32 40 100 31.00 1334142441145 1334142322686 1334142322698 1334142441186 0.32000E+02
33 40 100 31.10 1334142442143 1334142323682 1334142323693 1334142442181 0.33000E+02
34 40 100 31.10 1334142443143 1334142324681 1334142324690 1334142443179 0.34000E+02
35 40 100 31.10 1334142444146 1334142325688 1334142325698 1334142444187 0.35000E+02
36 40 100 31.20 1334142445143 1334142326678 1334142326689 1334142445178 0.36000E+02
37 40 100 31.40 1334142446143 1334142327681 1334142327693 1334142446182 0.37000E+02
38 40 100 31.40 1334142447143 1334142328677 1334142328689 1334142447178 0.38000E+02
39 40 100 31.50 1334142448142 1334142329687 1334142329698 1334142448187 0.39000E+02
40 40 100 31.50 1334142449143 1334142330678 1334142330689 1334142449177 0.40000E+02
41 40 100 31.50 1334142450143 1334142331700 1334142331710 1334142450260 0.41000E+02
42 40 100 31.50 1334142451143 1334142332678 1334142332690 1334142451179 0.42000E+02
43 40 100 31.60 1334142452145 1334142333711 1334142333722 1334142452216 0.43000E+02
44 40 100 31.60 1334142453145 1334142334685 1334142334697 1334142453188 0.44000E+02
45 40 100 31.70 1334142454145 1334142335681 1334142335693 1334142454182 0.45000E+02
46 40 100 31.70 1334142455145 1334142336680 1334142336690 1334142455179 0.46000E+02
47 40 100 31.70 1334142456145 1334142337681 1334142337693 1334142456182 0.47000E+02
48 40 100 31.80 1334142457145 1334142338688 1334142338698 1334142457188 0.48000E+02
49 40 100 31.80 1334142458145 1334142339687 1334142339698 1334142458186 0.49000E+02
50 40 100 31.80 1334142459145 1334142340681 1334142340693 1334142459182 0.50000E+02
51 40 100 31.80 1334142460145 1334142341689 1334142341698 1334142460188 0.51000E+02
52 40 100 31.80 1334142461145 1334142342701 1334142342713 1334142461203 0.52000E+02
53 40 100 31.90 1334142462146 1334142343688 1334142343698 1334142462189 0.53000E+02
54 40 100 31.90 1334142463143 1334142344798 1334142344809 1334142463299 0.54000E+02
55 40 100 32.00 1334142464143 1334142345681 1334142345693 1334142464183 0.55000E+02
56 40 100 32.00 1334142465143 1334142346680 1334142346690 1334142465181 0.56000E+02
57 40 100 32.00 1334142466143 1334142347676 1334142347686 1334142466177 0.57000E+02
58 40 100 32.20 1334142467143 1334142348686 1334142348697 1334142467187 0.58000E+02
59 40 100 32.00 1334142468146 1334142349679 1334142349690 1334142468180 0.59000E+02
60 40 100 32.30 1334142469146 1334142350683 1334142350694 1334142469185 0.60000E+02
61 40 100 32.20 1334142470145 1334142351684 1334142351694 1334142470186 0.61000E+02
62 40 100 32.30 1334142471146 1334142352685 1334142352697 1334142471189 0.62000E+02
63 40 100 32.30 1334142472146 1334142353692 1334142353702 1334142472193 0.63000E+02
64 40 100 32.30 1334142473146 1334142354685 1334142354694 1334142473184 0.64000E+02
65 40 100 32.30 1334142474147 1334142355686 1334142355697 1334142474187 0.65000E+02
66 40 100 32.30 1334142475145 1334142356679 1334142356689 1334142475179 0.66000E+02
67 40 100 32.20 1334142476145 1334142357681 1334142357694 1334142476185 0.67000E+02
68 40 100 32.30 1334142477145 1334142358679 1334142358690 1334142477181 0.68000E+02
69 40 100 32.40 1334142478145 1334142359691 1334142359702 1334142478193 0.69000E+02
70 40 100 32.40 1334142479147 1334142360682 1334142360693 1334142479183 0.70000E+02
71 40 100 32.40 1334142480145 1334142361683 1334142361694 1334142480185 0.71000E+02
72 40 100 32.40 1334142481144 1334142362676 1334142362690 1334142481183 0.72000E+02
73 40 100 32.40 1334142482143 1334142363690 1334142363701 1334142482195 0.73000E+02
74 40 100 32.50 1334142483143 1334142364751 1334142364762 1334142483273 0.74000E+02
75 40 100 32.40 1334142484143 1334142365768 1334142365778 1334142484270 0.75000E+02
76 40 100 32.50 1334142485143 1334142366855 1334142366866 1334142485357 0.76000E+02
77 40 100 32.50 1334142486143 1334142367709 1334142367718 1334142486210 0.77000E+02
78 40 100 32.50 1334142487143 1334142368677 1334142368689 1334142487181 0.78000E+02
79 40 100 32.50 1334142488143 1334142369679 1334142369690 1334142488181 0.79000E+02
80 40 100 32.60 1334142489143 1334142370678 1334142370690 1334142489181 0.80000E+02
81 40 100 32.50 1334142490143 1334142371676 1334142371686 1334142490179 0.81000E+02
82 40 100 32.60 1334142491143 1334142372679 1334142372690 1334142491182 0.82000E+02
83 40 100 32.60 1334142492145 1334142373691 1334142373702 1334142492194 0.83000E+02
84 40 100 32.70 1334142493145 1334142374689 1334142374701 1334142493192 0.84000E+02
85 40 100 32.70 1334142494146 1334142375679 1334142375690 1334142494182 0.85000E+02
86 40 100 32.70 1334142495146 1334142376682 1334142376694 1334142495188 0.86000E+02
87 40 100 32.70 1334142496145 1334142377679 1334142377690 1334142496181 0.87000E+02
88 40 100 32.70 1334142497145 1334142378684 1334142378694 1334142497186 0.88000E+02
89 40 100 32.70 1334142498145 1334142379680 1334142379690 1334142498182 0.89000E+02
90 40 100 32.60 1334142499146 1334142380680 1334142380690 1334142499182 0.90000E+02
91 40 100 32.70 1334142500147 1334142381683 1334142381694 1334142500186 0.91000E+02
92 40 100 32.70 1334142501145 1334142382681 1334142382693 1334142501188 0.92000E+02
93 40 100 32.70 1334142502145 1334142383680 1334142383694 1334142502186 0.93000E+02
94 40 100 32.70 1334142503145 1334142384682 1334142384693 1334142503185 0.94000E+02
95 40 100 32.90 1334142504146 1334142385681 1334142385693 1334142504188 0.95000E+02
96 40 100 32.70 1334142505147 1334142386679 1334142386690 1334142505183 0.96000E+02
97 40 100 32.70 1334142506145 1334142387679 1334142387690 1334142506182 0.97000E+02
98 40 100 32.70 1334142507143 1334142388685 1334142388697 1334142507191 0.98000E+02
99 40 100 32.90 1334142508143 1334142389677 1334142389689 1334142508184 0.99000E+02
100 40 100 32.70 1334142509145 1334142390678 1334142390689 1334142509182 0.10000E+03
101 40 100 32.90 1334142510147 1334142391683 1334142391694 1334142510187 0.10100E+03
102 40 100 32.90 1334142511145 1334142392687 1334142392698 1334142511191 0.10200E+03
103 40 100 32.90 1334142512145 1334142393683 1334142393694 1334142512187 0.10300E+03
104 40 100 32.90 1334142513142 1334142394693 1334142394705 1334142513198 0.10400E+03
105 40 100 32.90 1334142514143 1334142395675 1334142395686 1334142514179 0.10500E+03
106 40 100 32.90 1334142515146 1334142396680 1334142396690 1334142515183 0.10600E+03
107 40 100 32.90 1334142516145 1334142397902 1334142397913 1334142516406 0.10700E+03
108 40 100 33.00 1334142517145 1334142398730 1334142398741 1334142517234 0.10800E+03
109 40 100 33.00 1334142518145 1334142399879 1334142399890 1334142518383 0.10900E+03
110 40 100 33.00 1334142519145 1334142400684 1334142400694 1334142519188 0.11000E+03
111 40 100 32.90 1334142520147 1334142401695 1334142401706 1334142520199 0.11100E+03
112 40 100 32.90 1334142521145 1334142402681 1334142402690 1334142521185 0.11200E+03
113 40 100 32.90 1334142522146 1334142403683 1334142403694 1334142522188 0.11300E+03
114 40 100 32.90 1334142523146 1334142404682 1334142404693 1334142523193 0.11400E+03
115 40 100 33.00 1334142524144 1334142405728 1334142405738 1334142524232 0.11500E+03
116 40 100 33.00 1334142525143 1334142406959 1334142406970 1334142525715 0.11600E+03
117 40 100 33.00 1334142526143 1334142407678 1334142407689 1334142526182 0.11700E+03
118 40 100 33.00 1334142527143 1334142408681 1334142408693 1334142527187 0.11800E+03
119 40 100 32.90 1334142528143 1334142409729 1334142409741 1334142528234 0.11900E+03
120 40 100 33.00 1334142529143 1334142410681 1334142410690 1334142529184 0.12000E+03
121 40 100 33.00 1334142530143 1334142411682 1334142411693 1334142530187 0.12100E+03
122 40 100 33.00 1334142531143 1334142412701 1334142412713 1334142531213 0.12200E+03
123 40 100 33.10 1334142532143 1334142413679 1334142413689 1334142532183 0.12300E+03
124 40 100 33.00 1334142533143 1334142414697 1334142414710 1334142533208 0.12400E+03
125 40 100 33.00 1334142534143 1334142415676 1334142415690 1334142534185 0.12500E+03
126 40 100 33.00 1334142535143 1334142416678 1334142416689 1334142535182 0.12600E+03
127 40 100 33.10 1334142536146 1334142417689 1334142417701 1334142536195 0.12700E+03
128 40 100 33.00 1334142537144 1334142418686 1334142418698 1334142537194 0.12800E+03
129 40 100 33.00 1334142538142 1334142419681 1334142419693 1334142538187 0.12900E+03
130 40 100 33.10 1334142539143 1334142420675 1334142420686 1334142539181 0.13000E+03
131 40 100 33.10 1334142540143 1334142421675 1334142421686 1334142540180 0.13100E+03
132 40 100 33.10 1334142541142 1334142422679 1334142422690 1334142541185 0.13200E+03
133 40 100 33.10 1334142542143 1334142423681 1334142423693 1334142542188 0.13300E+03
134 40 100 33.10 1334142543143 1334142424682 1334142424693 1334142543187 0.13400E+03
135 40 100 33.10 1334142544143 1334142425685 1334142425697 1334142544193 0.13500E+03
136 40 100 33.10 1334142545143 1334142426685 1334142426694 1334142545190 0.13600E+03
137 40 100 33.10 1334142546143 1334142427688 1334142427698 1334142546192 0.13700E+03
138 40 100 33.10 1334142547143 1334142428683 1334142428694 1334142547188 0.13800E+03
139 40 100 33.10 1334142548143 1334142429686 1334142429697 1334142548192 0.13900E+03
140 40 100 33.20 1334142549143 1334142431056 1334142431066 1334142549606 0.14000E+03
141 40 100 33.10 1334142550143 1334142431711 1334142431722 1334142550222 0.14100E+03
142 40 100 33.10 1334142551143 1334142432710 1334142432722 1334142551219 0.14200E+03
143 40 100 33.10 1334142552142 1334142433687 1334142433698 1334142552193 0.14300E+03
144 40 100 33.20 1334142553143 1334142434680 1334142434690 1334142553209 0.14400E+03
145 40 100 33.10 1334142554143 1334142435679 1334142435690 1334142554183 0.14500E+03
146 40 100 33.20 1334142555145 1334142436688 1334142436702 1334142555198 0.14600E+03
147 40 100 33.20 1334142556146 1334142437679 1334142437690 1334142556188 0.14700E+03
148 40 100 33.10 1334142557146 1334142438678 1334142438689 1334142557184 0.14800E+03
149 40 100 33.10 1334142558146 1334142439676 1334142439690 1334142558186 0.14900E+03
150 40 100 33.10 1334142559146 1334142440686 1334142440697 1334142559192 0.15000E+03
151 40 100 33.10 1334142560146 1334142441675 1334142441686 1334142560182 0.15100E+03
152 40 100 33.10 1334142561146 1334142442680 1334142442690 1334142561185 0.15200E+03
153 40 100 33.10 1334142562146 1334142443680 1334142443690 1334142562186 0.15300E+03
154 40 100 33.20 1334142563145 1334142444686 1334142444697 1334142563193 0.15400E+03
155 40 100 33.10 1334142564146 1334142445685 1334142445697 1334142564192 0.15500E+03
156 40 100 33.20 1334142565145 1334142446714 1334142446725 1334142565221 0.15600E+03
157 40 100 33.10 1334142566145 1334142447751 1334142447762 1334142566258 0.15700E+03
158 40 100 33.20 1334142567148 1334142448682 1334142448693 1334142567190 0.15800E+03
159 40 100 33.20 1334142568143 1334142449679 1334142449690 1334142568187 0.15900E+03
160 40 100 33.20 1334142569143 1334142450679 1334142450690 1334142569186 0.16000E+03
161 40 100 33.10 1334142570143 1334142451677 1334142451689 1334142570185 0.16100E+03
162 40 100 33.10 1334142571143 1334142452676 1334142452686 1334142571182 0.16200E+03
163 40 100 33.20 1334142572143 1334142453678 1334142453689 1334142572186 0.16300E+03
164 40 100 33.20 1334142573143 1334142454681 1334142454693 1334142573190 0.16400E+03
165 40 100 33.20 1334142574144 1334142455675 1334142455686 1334142574182 0.16500E+03
166 40 100 33.20 1334142575143 1334142456672 1334142456682 1334142575180 0.16600E+03
167 40 100 33.20 1334142576143 1334142457683 1334142457694 1334142576191 0.16700E+03
168 40 100 33.20 1334142577143 1334142458673 1334142458685 1334142577182 0.16800E+03
169 40 100 33.10 1334142578143 1334142459673 1334142459685 1334142578182 0.16900E+03
170 40 100 33.20 1334142579143 1334142460677 1334142460689 1334142579187 0.17000E+03
171 40 100 33.20 1334142580144 1334142461714 1334142461725 1334142580223 0.17100E+03
172 40 100 33.20 1334142581143 1334142462679 1334142462690 1334142581187 0.17200E+03
173 40 100 33.10 1334142582143 1334142463680 1334142463690 1334142582187 0.17300E+03
174 40 100 33.20 1334142583143 1334142465075 1334142465086 1334142583583 0.17400E+03
175 40 100 33.20 1334142584143 1334142465700 1334142465710 1334142584269 0.17500E+03
176 40 100 33.20 1334142585143 1334142466678 1334142466689 1334142585187 0.17600E+03
177 40 100 33.10 1334142586143 1334142467676 1334142467686 1334142586183 0.17700E+03
178 40 100 33.20 1334142587143 1334142468676 1334142468690 1334142587187 0.17800E+03
179 40 100 33.20 1334142588147 1334142469694 1334142469705 1334142588203 0.17900E+03
180 40 100 33.20 1334142589146 1334142470685 1334142470697 1334142589195 0.18000E+03
181 40 100 33.20 1334142590146 1334142471678 1334142471689 1334142590187 0.18100E+03
182 40 100 33.20 1334142591146 1334142472674 1334142472685 1334142591183 0.18200E+03
183 40 100 33.20 1334142592146 1334142473678 1334142473689 1334142592186 0.18300E+03
184 40 100 33.20 1334142593147 1334142474687 1334142474698 1334142593196 0.18400E+03
185 40 100 33.20 1334142594146 1334142475677 1334142475686 1334142594184 0.18500E+03
186 40 100 33.30 1334142595146 1334142476675 1334142476686 1334142595187 0.18600E+03
187 40 100 33.30 1334142596145 1334142477680 1334142477690 1334142596188 0.18700E+03
188 40 100 33.30 1334142597146 1334142478681 1334142478693 1334142597191 0.18800E+03
189 40 100 33.30 1334142598147 1334142479678 1334142479689 1334142598187 0.18900E+03
190 40 100 33.20 1334142599146 1334142480674 1334142480685 1334142599183 0.19000E+03
191 40 100 33.20 1334142600146 1334142481673 1334142481685 1334142600183 0.19100E+03
192 40 100 33.20 1334142601146 1334142482735 1334142482746 1334142601271 0.19200E+03
193 40 100 33.30 1334142602146 1334142483674 1334142483685 1334142602183 0.19300E+03
194 40 100 33.30 1334142603148 1334142484677 1334142484689 1334142603187 0.19400E+03
195 40 100 33.30 1334142604146 1334142485672 1334142485686 1334142604184 0.19500E+03
196 40 100 33.30 1334142605146 1334142486674 1334142486685 1334142605183 0.19600E+03
197 40 100 33.30 1334142606146 1334142487676 1334142487689 1334142606188 0.19700E+03
198 40 100 33.30 1334142607146 1334142488673 1334142488686 1334142607185 0.19800E+03
199 40 100 33.30 1334142608147 1334142489678 1334142489690 1334142608189 0.19900E+03
200 40 100 33.20 1334142609146 1334142490672 1334142490686 1334142609185 0.20000E+03
201 40 100 33.30 1334142610146 1334142491677 1334142491690 1334142610189 0.20100E+03
202 40 100 33.30 1334142611145 1334142492672 1334142492686 1334142611184 0.20200E+03
203 40 100 33.30 1334142612146 1334142493679 1334142493690 1334142612189 0.20300E+03
204 40 100 33.30 1334142613147 1334142494675 1334142494686 1334142613185 0.20400E+03
205 40 100 33.30 1334142614146 1334142495679 1334142495690 1334142614187 0.20500E+03
206 40 100 33.30 1334142615143 1334142496693 1334142496706 1334142615207 0.20600E+03
207 40 100 33.30 1334142616145 1334142497688 1334142497702 1334142616201 0.20700E+03
208 40 100 33.30 1334142617146 1334142498674 1334142498686 1334142617185 0.20800E+03
209 40 100 33.40 1334142618147 1334142499679 1334142499690 1334142618189 0.20900E+03
210 40 100 33.30 1334142619145 1334142500675 1334142500686 1334142619185 0.21000E+03
211 40 100 33.40 1334142620146 1334142501754 1334142501765 1334142620264 0.21100E+03
212 40 100 33.40 1334142621146 1334142502672 1334142502682 1334142621184 0.21200E+03
213 40 100 33.40 1334142622146 1334142503692 1334142503702 1334142622202 0.21300E+03
214 40 100 33.40 1334142623147 1334142504675 1334142504686 1334142623186 0.21400E+03
215 40 100 33.30 1334142624142 1334142505672 1334142505682 1334142624183 0.21500E+03
216 40 100 33.20 1334142625146 1334142506679 1334142506690 1334142625190 0.21600E+03
217 40 100 33.30 1334142626146 1334142507676 1334142507686 1334142626186 0.21700E+03
218 40 100 33.40 1334142627146 1334142508678 1334142508689 1334142627189 0.21800E+03
219 40 100 33.30 1334142628147 1334142509732 1334142509746 1334142628246 0.21900E+03
220 40 100 33.40 1334142629143 1334142510668 1334142510682 1334142629181 0.22000E+03
221 40 100 33.30 1334142630146 1334142511674 1334142511685 1334142630185 0.22100E+03
222 40 100 33.30 1334142631146 1334142512676 1334142512690 1334142631189 0.22200E+03
223 40 100 33.40 1334142632146 1334142513673 1334142513685 1334142632185 0.22300E+03
224 40 100 33.20 1334142633143 1334142514670 1334142514681 1334142633181 0.22400E+03
225 40 100 33.30 1334142634146 1334142515673 1334142515685 1334142634185 0.22500E+03
226 40 100 33.40 1334142635145 1334142516677 1334142516689 1334142635188 0.22600E+03
227 40 100 33.40 1334142636146 1334142517675 1334142517686 1334142636238 0.22700E+03
228 40 100 33.40 1334142637145 1334142518672 1334142518682 1334142637182 0.22800E+03
229 40 100 33.40 1334142638143 1334142519676 1334142519690 1334142638190 0.22900E+03
230 40 100 33.40 1334142639145 1334142520672 1334142520682 1334142639182 0.23000E+03
231 40 100 33.40 1334142640146 1334142521672 1334142521686 1334142640186 0.23100E+03
232 40 100 33.40 1334142641143 1334142522672 1334142522682 1334142641182 0.23200E+03
233 40 100 33.40 1334142642146 1334142523670 1334142523681 1334142642181 0.23300E+03
234 40 100 33.60 1334142643143 1334142524670 1334142524682 1334142643185 0.23400E+03
235 40 100 33.60 1334142644142 1334142525713 1334142525725 1334142644226 0.23500E+03
236 40 100 33.40 1334142645146 1334142536836 1334142536850 1334142655352 0.23600E+03
237 40 100 33.30 1334142656146 1334142537824 1334142537834 1334142656336 0.23700E+03
238 40 100 33.40 1334142657146 1334142538821 1334142538833 1334142657335 0.23800E+03
239 40 100 33.40 1334142658143 1334142539830 1334142539841 1334142658343 0.23900E+03
240 40 100 33.40 1334142659143 1334142540823 1334142540834 1334142659336 0.24000E+03
241 40 100 33.40 1334142660146 1334142541671 1334142541682 1334142660183 0.24100E+03
242 40 100 33.40 1334142661146 1334142542677 1334142542689 1334142661190 0.24200E+03
243 40 100 33.40 1334142662142 1334142543666 1334142543678 1334142662178 0.24300E+03
244 40 100 33.40 1334142663143 1334142544668 1334142544678 1334142663179 0.24400E+03
245 40 100 33.40 1334142664143 1334142545666 1334142545677 1334142664180 0.24500E+03
246 40 100 33.40 1334142665143 1334142546674 1334142546685 1334142665187 0.24600E+03
247 40 100 33.40 1334142666143 1334142547665 1334142547677 1334142666183 0.24700E+03
248 40 100 33.60 1334142667143 1334142548669 1334142548681 1334142667182 0.24800E+03
249 40 100 33.60 1334142668147 1334142549670 1334142549681 1334142668184 0.24900E+03
250 40 100 33.70 1334142808963 1334142690489 1334142690501 1334142809012 0.25000E+03
251 40 100 33.70 1334142809964 1334142691575 1334142691586 1334142810100 0.25100E+03
252 40 100 33.60 1334142810967 1334142692494 1334142692505 1334142811014 0.25200E+03
253 40 100 33.60 1334142811968 1334142693481 1334142693493 1334142812003 0.25300E+03
254 40 100 33.70 1334142812964 1334142694479 1334142694490 1334142813003 0.25400E+03
255 40 100 33.60 1334142813964 1334142695475 1334142695486 1334142813998 0.25500E+03
256 40 100 33.60 1334142814964 1334142696480 1334142696490 1334142815002 0.25600E+03
257 40 100 33.60 1334142815964 1334142697474 1334142697485 1334142815996 0.25700E+03
258 40 100 33.70 1334142816965 1334142698475 1334142698486 1334142816998 0.25800E+03
259 40 100 33.70 1334142817963 1334142699514 1334142699525 1334142818037 0.25900E+03
260 40 100 33.70 1334142818964 1334142700479 1334142700490 1334142819002 0.26000E+03
261 40 100 33.60 1334142819964 1334142701479 1334142701490 1334142820002 0.26100E+03
262 40 100 33.70 1334142820967 1334142702497 1334142702509 1334142821024 0.26200E+03
263 40 100 33.70 1334142821966 1334142703494 1334142703506 1334142822018 0.26300E+03
264 40 100 33.70 1334142822963 1334142704478 1334142704489 1334142823001 0.26400E+03
265 40 100 33.70 1334142823966 1334142705480 1334142705490 1334142824002 0.26500E+03
266 40 100 33.80 1334142824964 1334142706475 1334142706486 1334142824998 0.26600E+03
267 40 100 33.70 1334142825965 1334142707475 1334142707486 1334142825998 0.26700E+03
268 40 100 33.70 1334142826964 1334142708475 1334142708486 1334142826998 0.26800E+03
269 40 100 33.70 1334142827963 1334142709476 1334142709486 1334142828000 0.26900E+03
270 40 100 33.70 1334142828964 1334142710474 1334142710485 1334142828997 0.27000E+03
271 40 100 33.70 1334142829964 1334142711473 1334142711485 1334142829998 0.27100E+03
272 40 100 33.70 1334142830963 1334142712472 1334142712482 1334142831001 0.27200E+03
273 40 100 33.80 1334142831964 1334142713478 1334142713490 1334142832019 0.27300E+03
274 40 100 33.70 1334142832964 1334142714476 1334142714486 1334142832999 0.27400E+03
275 40 100 33.80 1334142833964 1334142715473 1334142715485 1334142833998 0.27500E+03
276 40 100 33.70 1334142834964 1334142716474 1334142716485 1334142834998 0.27600E+03
277 40 100 33.70 1334142835964 1334142717478 1334142717489 1334142836002 0.27700E+03
278 40 100 33.60 1334142836967 1334142718478 1334142718489 1334142837003 0.27800E+03
279 40 100 33.70 1334142837967 1334142719481 1334142719493 1334142838007 0.27900E+03
280 40 100 33.70 1334142838967 1334142720477 1334142720489 1334142839001 0.28000E+03
281 40 100 33.70 1334142839967 1334142721478 1334142721489 1334142840002 0.28100E+03
282 40 100 33.80 1334142840967 1334142722480 1334142722490 1334142841003 0.28200E+03
283 40 100 33.70 1334142841967 1334142723478 1334142723489 1334142842001 0.28300E+03
284 40 100 33.70 1334142842967 1334142724493 1334142724505 1334142843018 0.28400E+03
285 40 100 33.70 1334142843967 1334142725477 1334142725490 1334142844003 0.28500E+03
286 40 100 33.60 1334142844967 1334142726483 1334142726494 1334142845008 0.28600E+03
287 40 100 33.70 1334142845967 1334142727476 1334142727486 1334142846001 0.28700E+03
288 40 100 33.70 1334142846967 1334142728476 1334142728486 1334142847000 0.28800E+03
289 40 100 33.80 1334142847964 1334142729475 1334142729486 1334142848001 0.28900E+03
290 40 100 33.70 1334142848964 1334142730478 1334142730489 1334142849002 0.29000E+03
291 40 100 33.70 1334142849964 1334142731472 1334142731482 1334142849996 0.29100E+03
292 40 100 33.70 1334142850964 1334142732473 1334142732485 1334142850999 0.29200E+03
293 40 100 33.70 1334142851964 1334142733510 1334142733521 1334142852037 0.29300E+03
294 40 100 33.70 1334142852964 1334142734520 1334142734530 1334142853044 0.29400E+03
295 40 100 33.60 1334142853964 1334142735475 1334142735486 1334142854000 0.29500E+03
296 40 100 33.70 1334142854964 1334142736520 1334142736530 1334142855044 0.29600E+03
297 40 100 33.70 1334142855964 1334142737475 1334142737486 1334142856001 0.29700E+03
298 40 100 33.70 1334142856964 1334142738477 1334142738489 1334142857004 0.29800E+03
299 40 100 33.70 1334142857963 1334142739487 1334142739498 1334142858012 0.29900E+03
300 40 100 33.60 1334142858964 1334142740476 1334142740486 1334142859000 0.30000E+03
301 40 100 33.70 1334142859964 1334142741474 1334142741485 1334142860001 0.30100E+03
302 40 100 33.60 1334142860965 1334142742475 1334142742486 1334142861000 0.30200E+03
303 40 100 33.70 1334142861964 1334142743480 1334142743490 1334142862009 0.30300E+03
304 40 100 33.80 1334142862964 1334142744489 1334142744501 1334142863015 0.30400E+03
305 40 100 33.70 1334142863964 1334142745474 1334142745485 1334142863999 0.30500E+03
306 40 100 33.70 1334142864963 1334142746473 1334142746485 1334142864999 0.30600E+03
307 40 100 33.70 1334142865965 1334142747477 1334142747490 1334142866006 0.30700E+03
308 40 100 33.70 1334142866964 1334142748472 1334142748482 1334142866997 0.30800E+03
309 40 100 33.70 1334142867964 1334142749473 1334142749485 1334142868000 0.30900E+03
310 40 100 33.60 1334142868964 1334142750472 1334142750482 1334142868997 0.31000E+03
311 40 100 33.70 1334142869967 1334142751478 1334142751489 1334142870004 0.31100E+03
312 40 100 33.70 1334142870964 1334142752474 1334142752485 1334142870999 0.31200E+03
313 40 100 33.70 1334142871964 1334142753473 1334142753485 1334142872000 0.31300E+03
314 40 100 33.60 1334142872967 1334142754529 1334142754541 1334142873058 0.31400E+03
315 40 100 33.70 1334142873964 1334142755495 1334142755506 1334142874021 0.31500E+03
316 40 100 33.70 1334142874964 1334142756474 1334142756485 1334142875001 0.31600E+03
317 40 100 33.70 1334142875964 1334142757473 1334142757486 1334142876001 0.31700E+03
318 40 100 33.60 1334142876964 1334142758475 1334142758486 1334142877001 0.31800E+03
319 40 100 33.70 1334142877964 1334142759472 1334142759482 1334142878005 0.31900E+03
320 40 100 33.70 1334142878964 1334142760478 1334142760489 1334142879004 0.32000E+03
321 40 100 33.60 1334142879966 1334142761475 1334142761486 1334142880003 0.32100E+03
322 40 100 33.70 1334142880964 1334142762884 1334142762898 1334142881425 0.32200E+03
323 40 100 33.60 1334142881964 1334142763473 1334142763485 1334142882001 0.32300E+03
324 40 100 33.70 1334142882964 1334142764476 1334142764486 1334142883002 0.32400E+03
