            1.0              30.0              50.0              29.3   1412400132192.0
            1.0              30.0              50.0              29.5   1412400133044.0
            1.0              30.0              50.0              29.5   1412400133314.0
            1.0              30.0              50.0              29.3   1412400134199.0
            1.0              30.0              50.0              29.5   1412400135198.0
            1.0              30.0              50.0              29.4   1412400136199.0
            1.0              30.0              50.0              29.4   1412400137199.0
            1.0              30.0              50.0              29.5   1412400138202.0
            1.0              30.0              50.0              29.5   1412400139200.0
            1.0              30.0              50.0              29.6   1412400140200.0
            1.0              30.0              50.0              29.7   1412400141199.0
            1.0              30.0              50.0              29.8   1412400142199.0
            1.0              30.0              50.0              29.7   1412400143199.0
            1.0              30.0              50.0              29.8   1412400144199.0
            1.0              30.0              50.0              30.1   1412400145200.0
            1.0              30.0              50.0              30.0   1412400146200.0
            1.0              30.0              50.0              30.3   1412400147199.0
            1.0              30.0              50.0              30.2   1412400148199.0
            1.0              30.0              50.0              30.5   1412400149200.0
            1.0              30.0              50.0              30.5   1412400150200.0
            1.0              30.0              50.0              30.3   1412400151200.0
            1.0              30.0              50.0              30.8   1412400152200.0
            1.0              30.0              50.0              30.7   1412400153200.0
            1.0              30.0              50.0              30.8   1412400154200.0
            1.0              30.0              50.0              30.9   1412400155200.0
            1.0              30.0              50.0              31.1   1412400156200.0
            1.0              30.0              50.0              31.0   1412400157199.0
            1.0              30.0              50.0              31.4   1412400158199.0
            1.0              30.0              50.0              31.2   1412400159200.0
            1.0              30.0              50.0              31.6   1412400160198.0
            1.0              30.0              50.0              31.6   1412400161200.0
            1.0              30.0              50.0              31.5   1412400162199.0
            1.0              30.0              50.0              31.6   1412400163199.0
            1.0              30.0              50.0              31.6   1412400164199.0
            1.0              30.0              50.0              32.0   1412400165200.0
            1.0              30.0              50.0              32.0   1412400166199.0
            1.0              30.0              50.0              31.9   1412400167199.0
            1.0              30.0              50.0              32.0   1412400168198.0
            1.0              30.0              50.0              32.3   1412400169197.0
            1.0              30.0              50.0              32.4   1412400170199.0
            1.0              30.0              50.0              32.2   1412400171199.0
            1.0              30.0              50.0              32.5   1412400172199.0
            1.0              30.0              50.0              32.4   1412400173200.0
            1.0              30.0              50.0              32.5   1412400174196.0
            1.0              30.0              50.0              32.6   1412400175196.0
            1.0              30.0              50.0              32.6   1412400176199.0
            1.0              30.0              50.0              32.7   1412400177195.0
            1.0              30.0              50.0              32.7   1412400178197.0
            1.0              30.0              50.0              33.1   1412400179199.0
            1.0              30.0              50.0              32.9   1412400180191.0
            1.0              30.0              50.0              33.0   1412400181192.0
            1.0              30.0              50.0              33.0   1412400182199.0
            1.0              30.0              50.0              33.0   1412400183197.0
            1.0              30.0              50.0              33.0   1412400184198.0
            1.0              30.0              50.0              33.1   1412400185200.0
            1.0              30.0              50.0              33.2   1412400186200.0
            1.0              30.0              50.0              33.0   1412400187194.0
            1.0              30.0              50.0              33.3   1412400188200.0
            1.0              30.0              50.0              33.3   1412400189198.0
            1.0              30.0              50.0              33.4   1412400190201.0
            1.0              30.0              50.0              33.3   1412400191196.0
            1.0              30.0              50.0              33.4   1412400192199.0
            1.0              30.0              50.0              33.7   1412400193200.0
            1.0              30.0              50.0              33.4   1412400194198.0
            1.0              30.0              50.0              33.7   1412400195192.0
            1.0              30.0              50.0              33.7   1412400196191.0
            1.0              30.0              50.0              33.6   1412400197193.0
            1.0              30.0              50.0              33.6   1412400198196.0
            1.0              30.0              50.0              33.8   1412400199194.0
            1.0              30.0              50.0              33.7   1412400200193.0
            1.0              30.0              50.0              33.7   1412400201191.0
            1.0              30.0              50.0              34.0   1412400202191.0
            1.0              30.0              50.0              33.7   1412400203190.0
            1.0              30.0              50.0              33.6   1412400204200.0
            1.0              30.0              50.0              33.9   1412400205199.0
            1.0              30.0              50.0              33.7   1412400206190.0
            1.0              30.0              50.0              33.7   1412400207195.0
            1.0              30.0              50.0              33.9   1412400208195.0
            1.0              30.0              50.0              33.9   1412400209191.0
            1.0              30.0              50.0              33.7   1412400210194.0
            1.0              30.0              50.0              33.8   1412400211199.0
            1.0              30.0              50.0              33.7   1412400212194.0
            1.0              30.0              50.0              33.8   1412400213199.0
            1.0              30.0              50.0              33.8   1412400214200.0
            1.0              30.0              50.0              33.9   1412400215199.0
            1.0              30.0              50.0              33.8   1412400216199.0
            1.0              30.0              50.0              33.8   1412400217200.0
            1.0              30.0              50.0              34.0   1412400218201.0
            1.0              30.0              50.0              33.9   1412400219199.0
            1.0              30.0              50.0              33.9   1412400220201.0
            1.0              30.0              50.0              34.1   1412400221200.0
            1.0              30.0              50.0              34.0   1412400222199.0
            1.0              30.0              50.0              34.1   1412400223199.0
            1.0              30.0              50.0              33.9   1412400224200.0
            1.0              30.0              50.0              34.1   1412400225200.0
            1.0              30.0              50.0              34.0   1412400226198.0
            1.0              30.0              50.0              34.0   1412400227198.0
            1.0              30.0              50.0              34.0   1412400228199.0
            1.0              30.0              50.0              34.0   1412400229200.0
            1.0              30.0              50.0              34.0   1412400230199.0
            1.0              30.0              50.0              34.3   1412400231199.0
            1.0              30.0              50.0              34.1   1412400232200.0
            1.0              30.0              50.0              34.1   1412400233200.0
            1.0              30.0              50.0              34.3   1412400234198.0
            1.0              30.0              50.0              34.1   1412400235200.0
            1.0              30.0              50.0              34.0   1412400236193.0
            1.0              30.0              50.0              34.0   1412400237198.0
            1.0              30.0              50.0              34.3   1412400238198.0
            1.0              30.0              50.0              34.1   1412400239198.0
            1.0              30.0              50.0              34.1   1412400240198.0
            1.0              30.0              50.0              34.1   1412400241199.0
            1.0              30.0              50.0              34.3   1412400242198.0
            1.0              30.0              50.0              34.4   1412400243664.0
            1.0              30.0              50.0              34.3   1412400244195.0
            1.0              30.0              50.0              34.3   1412400245198.0
            1.0              30.0              50.0              34.3   1412400246199.0
            1.0              30.0              50.0              34.3   1412400247196.0
            1.0              30.0              50.0              34.3   1412400248195.0
            1.0              30.0              50.0              34.0   1412400249197.0
            1.0              30.0              50.0              34.4   1412400250198.0
            1.0              30.0              50.0              34.3   1412400251198.0
            1.0              30.0              50.0              34.1   1412400252192.0
            1.0              30.0              50.0              34.3   1412400253197.0
            1.0              30.0              50.0              34.4   1412400254196.0
            1.0              30.0              50.0              34.3   1412400255198.0
            1.0              30.0              50.0              34.1   1412400256199.0
            1.0              30.0              50.0              34.3   1412400257198.0
            1.0              30.0              50.0              34.1   1412400258197.0
            1.0              30.0              50.0              34.0   1412400259200.0
            1.0              30.0              50.0              34.4   1412400260197.0
            1.0              30.0              50.0              34.4   1412400261199.0
            1.0              30.0              50.0              34.0   1412400262193.0
            1.0              30.0              50.0              34.3   1412400263196.0
            1.0              30.0              50.0              34.4   1412400264198.0
            1.0              30.0              50.0              34.4   1412400265200.0
            1.0              30.0              50.0              34.3   1412400266199.0
            1.0              30.0              50.0              34.4   1412400267198.0
            1.0              30.0              50.0              34.4   1412400268199.0
            1.0              30.0              50.0              34.3   1412400269199.0
            1.0              30.0              50.0              34.3   1412400270200.0
            1.0              30.0              50.0              34.3   1412400271199.0
            1.0              30.0              50.0              34.4   1412400272198.0
            1.0              30.0              50.0              34.5   1412400273200.0
            1.0              30.0              50.0              34.4   1412400274199.0
            1.0              30.0              50.0              34.4   1412400275199.0
            1.0              30.0              50.0              34.4   1412400276198.0
            1.0              30.0              50.0              34.4   1412400277197.0
            1.0              30.0              50.0              34.6   1412400278199.0
            1.0              30.0              50.0              34.4   1412400279200.0
            1.0              30.0              50.0              34.4   1412400280199.0
            1.0              30.0              50.0              34.5   1412400281198.0
            1.0              30.0              50.0              34.5   1412400282199.0
            1.0              30.0              50.0              34.4   1412400283199.0
            1.0              30.0              50.0              34.6   1412400284200.0
            1.0              30.0              50.0              34.6   1412400285200.0
            1.0              30.0              50.0              34.5   1412400286200.0
            1.0              30.0              50.0              34.5   1412400287199.0
            1.0              30.0              50.0              34.5   1412400288199.0
            1.0              30.0              50.0              34.5   1412400289198.0
            1.0              30.0              50.0              34.6   1412400290199.0
            1.0              30.0              50.0              34.6   1412400291199.0
            1.0              30.0              50.0              34.5   1412400292200.0
            1.0              30.0              50.0              34.5   1412400293198.0
            1.0              30.0              50.0              34.6   1412400294200.0
            1.0              30.0              50.0              34.4   1412400295199.0
            1.0              30.0              50.0              34.4   1412400296197.0
            1.0              30.0              50.0              34.4   1412400297199.0
            1.0              30.0              50.0              34.4   1412400298199.0
            1.0              30.0              50.0              34.6   1412400299200.0
            1.0              30.0              50.0              34.3   1412400300199.0
            1.0              30.0              50.0              34.3   1412400301198.0
            1.0              30.0              50.0              34.4   1412400302199.0
            1.0              30.0              50.0              34.4   1412400303199.0
            1.0              30.0              50.0              34.4   1412400304197.0
            1.0              30.0              50.0              34.4   1412400305201.0
            1.0              30.0              50.0              34.4   1412400306197.0
            1.0              30.0              50.0              34.4   1412400307198.0
            1.0              30.0              50.0              34.4   1412400308200.0
            1.0              30.0              50.0              34.3   1412400309196.0
            1.0              30.0              50.0              34.4   1412400310197.0
            1.0              30.0              50.0              34.4   1412400311203.0
            1.0              30.0              50.0              34.5   1412400312197.0
            1.0              30.0              50.0              34.5   1412400313199.0
            1.0              30.0              50.0              34.5   1412400314202.0
            1.0              30.0              50.0              34.5   1412400315199.0
            1.0              30.0              50.0              34.3   1412400316197.0
            1.0              30.0              50.0              34.5   1412400317199.0
            1.0              30.0              50.0              34.3   1412400318201.0
            1.0              30.0              50.0              34.6   1412400319201.0
            1.0              30.0              50.0              34.4   1412400320196.0
            1.0              30.0              50.0              34.4   1412400321196.0
            1.0              30.0              50.0              34.5   1412400322203.0
            1.0              30.0              50.0              34.3   1412400323200.0
            1.0              30.0              50.0              34.4   1412400324200.0
            1.0              30.0              50.0              34.4   1412400325200.0
            1.0              30.0              50.0              34.4   1412400326199.0
            1.0              30.0              50.0              34.6   1412400327200.0
            1.0              30.0              50.0              34.4   1412400328199.0
            1.0              30.0              50.0              34.5   1412400329198.0
            1.0              30.0              50.0              34.6   1412400330199.0
            1.0              30.0              50.0              34.5   1412400331200.0
            1.0              30.0              50.0              34.6   1412400332200.0
            1.0              30.0              50.0              34.5   1412400333195.0
            1.0              30.0              50.0              34.6   1412400334200.0
            1.0              30.0              50.0              34.4   1412400335200.0
            1.0              30.0              50.0              34.5   1412400336200.0
            1.0              30.0              50.0              34.5   1412400337199.0
            1.0              30.0              50.0              34.5   1412400338199.0
            1.0              30.0              50.0              34.6   1412400339195.0
            1.0              30.0              50.0              34.5   1412400340200.0
            1.0              30.0              50.0              34.5   1412400341195.0
            1.0              30.0              50.0              34.5   1412400342196.0
            1.0              30.0              50.0              34.5   1412400343202.0
            1.0              30.0              50.0              34.4   1412400344198.0
            1.0              30.0              50.0              34.4   1412400345200.0
            1.0              30.0              50.0              34.6   1412400346196.0
            1.0              30.0              50.0              34.4   1412400347198.0
            1.0              30.0              50.0              34.5   1412400348200.0
            1.0              30.0              50.0              34.8   1412400349197.0
            1.0              30.0              50.0              34.7   1412400350200.0
            1.0              30.0              50.0              34.6   1412400351200.0
            1.0              30.0              50.0              34.7   1412400352199.0
            1.0              30.0              50.0              34.5   1412400353197.0
            1.0              30.0              50.0              34.7   1412400354199.0
            1.0              30.0              50.0              34.5   1412400355199.0
            1.0              30.0              50.0              34.6   1412400356197.0
            1.0              30.0              50.0              34.6   1412400357201.0
            1.0              30.0              50.0              34.6   1412400358199.0
            1.0              30.0              50.0              34.5   1412400359199.0
            1.0              30.0              50.0              34.6   1412400360199.0
            1.0              30.0              50.0              34.4   1412400361200.0
            1.0              30.0              50.0              34.5   1412400362196.0
            1.0              30.0              50.0              34.4   1412400363200.0
            1.0              30.0              50.0              34.6   1412400364200.0
            1.0              30.0              50.0              34.5   1412400365200.0
            1.0              30.0              50.0              34.6   1412400366201.0
            1.0              30.0              50.0              34.6   1412400367200.0
            1.0              30.0              50.0              34.5   1412400368201.0
            1.0              30.0              50.0              34.5   1412400369200.0
            1.0              30.0              50.0              34.6   1412400370197.0
            1.0              30.0              50.0              34.5   1412400371200.0
            1.0              30.0              50.0              34.7   1412400372195.0
            1.0              30.0              50.0              34.7   1412400373199.0
            1.0              30.0              50.0              34.6   1412400374200.0
            1.0              30.0              50.0              34.5   1412400375199.0
            1.0              30.0              50.0              34.7   1412400376197.0
            1.0              30.0              50.0              34.5   1412400377200.0
            1.0              30.0              50.0              34.4   1412400378200.0
            1.0              30.0              50.0              34.5   1412400379198.0
            1.0              30.0              50.0              34.5   1412400380199.0
            1.0              40.0              50.0              34.6   1412400381201.0
            1.0              40.0              50.0              34.6   1412400382197.0
            1.0              40.0              50.0              34.5   1412400383198.0
            1.0              40.0              50.0              34.8   1412400384200.0
            1.0              40.0              50.0              34.6   1412400385199.0
            1.0              40.0              50.0              34.5   1412400386200.0
            1.0              40.0              50.0              34.7   1412400387200.0
            1.0              40.0              50.0              34.7   1412400388200.0
            1.0              40.0              50.0              34.7   1412400389199.0
            1.0              40.0              50.0              34.8   1412400390200.0
            1.0              40.0              50.0              34.8   1412400391201.0
            1.0              40.0              50.0              34.8   1412400392199.0
            1.0              40.0              50.0              35.0   1412400393200.0
            1.0              40.0              50.0              35.1   1412400394201.0
            1.0              40.0              50.0              35.0   1412400395195.0
            1.0              40.0              50.0              34.8   1412400396194.0
            1.0              40.0              50.0              35.0   1412400397198.0
            1.0              40.0              50.0              34.8   1412400398200.0
            1.0              40.0              50.0              35.0   1412400399199.0
            1.0              40.0              50.0              35.2   1412400400207.0
            1.0              40.0              50.0              35.2   1412400401193.0
            1.0              40.0              50.0              35.1   1412400402199.0
            1.0              40.0              50.0              35.2   1412400403199.0
            1.0              40.0              50.0              35.3   1412400404199.0
            1.0              40.0              50.0              35.5   1412400405197.0
            1.0              40.0              50.0              35.3   1412400406199.0
            1.0              40.0              50.0              35.4   1412400407199.0
            1.0              40.0              50.0              35.4   1412400408199.0
            1.0              40.0              50.0              35.5   1412400409200.0
            1.0              40.0              50.0              35.3   1412400410199.0
            1.0              40.0              50.0              35.4   1412400411199.0
            1.0              40.0              50.0              35.5   1412400412199.0
            1.0              40.0              50.0              35.4   1412400413197.0
            1.0              40.0              50.0              35.7   1412400414200.0
            1.0              40.0              50.0              35.5   1412400415199.0
            1.0              40.0              50.0              35.8   1412400416198.0
            1.0              40.0              50.0              35.7   1412400417200.0
            1.0              40.0              50.0              35.7   1412400418199.0
            1.0              40.0              50.0              35.7   1412400419200.0
            1.0              40.0              50.0              35.7   1412400420200.0
            1.0              40.0              50.0              35.8   1412400421200.0
            1.0              40.0              50.0              35.7   1412400422200.0
            1.0              40.0              50.0              35.7   1412400423201.0
            1.0              40.0              50.0              36.0   1412400424199.0
            1.0              40.0              50.0              35.9   1412400425199.0
            1.0              40.0              50.0              36.0   1412400426200.0
            1.0              40.0              50.0              35.9   1412400427199.0
            1.0              40.0              50.0              35.9   1412400428199.0
            1.0              40.0              50.0              35.9   1412400429200.0
            1.0              40.0              50.0              36.1   1412400430200.0
            1.0              40.0              50.0              36.1   1412400431198.0
            1.0              40.0              50.0              36.0   1412400432200.0
            1.0              40.0              50.0              36.0   1412400433199.0
            1.0              40.0              50.0              36.0   1412400434198.0
            1.0              40.0              50.0              36.2   1412400435199.0
            1.0              40.0              50.0              36.1   1412400436199.0
            1.0              40.0              50.0              36.1   1412400437199.0
            1.0              40.0              50.0              36.0   1412400438199.0
            1.0              40.0              50.0              36.1   1412400439199.0
            1.0              40.0              50.0              36.2   1412400440195.0
            1.0              40.0              50.0              36.4   1412400441200.0
            1.0              40.0              50.0              36.1   1412400442199.0
            1.0              40.0              50.0              36.2   1412400443198.0
            1.0              40.0              50.0              36.4   1412400444199.0
            1.0              40.0              50.0              36.2   1412400445200.0
            1.0              40.0              50.0              36.4   1412400446198.0
            1.0              40.0              50.0              36.2   1412400447199.0
            1.0              40.0              50.0              36.2   1412400448201.0
            1.0              40.0              50.0              36.2   1412400449198.0
            1.0              40.0              50.0              36.2   1412400450199.0
            1.0              40.0              50.0              36.2   1412400451200.0
            1.0              40.0              50.0              36.4   1412400452198.0
            1.0              40.0              50.0              36.4   1412400453199.0
            1.0              40.0              50.0              36.1   1412400454201.0
            1.0              40.0              50.0              36.1   1412400455200.0
            1.0              40.0              50.0              36.1   1412400456200.0
            1.0              40.0              50.0              36.2   1412400457200.0
            1.0              40.0              50.0              36.4   1412400458199.0
            1.0              40.0              50.0              36.5   1412400459200.0
            1.0              40.0              50.0              36.5   1412400460199.0
            1.0              40.0              50.0              36.2   1412400461197.0
            1.0              40.0              50.0              36.4   1412400462199.0
            1.0              40.0              50.0              36.4   1412400463194.0
            1.0              40.0              50.0              36.4   1412400464200.0
            1.0              40.0              50.0              36.2   1412400465200.0
            1.0              40.0              50.0              36.4   1412400466200.0
            1.0              40.0              50.0              36.2   1412400467199.0
            1.0              40.0              50.0              36.4   1412400468199.0
            1.0              40.0              50.0              36.2   1412400469199.0
            1.0              40.0              50.0              36.1   1412400470200.0
            1.0              40.0              50.0              36.2   1412400471200.0
            1.0              40.0              50.0              36.4   1412400472196.0
            1.0              40.0              50.0              36.2   1412400473195.0
            1.0              40.0              50.0              36.4   1412400474198.0
            1.0              40.0              50.0              36.2   1412400475200.0
            1.0              40.0              50.0              36.5   1412400476199.0
            1.0              40.0              50.0              36.4   1412400477191.0
            1.0              40.0              50.0              36.5   1412400478194.0
            1.0              40.0              50.0              36.6   1412400479196.0
            1.0              40.0              50.0              36.4   1412400480193.0
            1.0              40.0              50.0              36.5   1412400481193.0
            1.0              40.0              50.0              36.5   1412400482192.0
            1.0              40.0              50.0              36.2   1412400483200.0
            1.0              40.0              50.0              36.4   1412400484195.0
            1.0              40.0              50.0              36.2   1412400485199.0
            1.0              40.0              50.0              36.4   1412400486200.0
            1.0              40.0              50.0              36.4   1412400487200.0
            1.0              40.0              50.0              36.4   1412400488199.0
            1.0              40.0              50.0              36.2   1412400489199.0
            1.0              40.0              50.0              36.1   1412400490200.0
            1.0              40.0              50.0              36.2   1412400491199.0
            1.0              40.0              50.0              36.4   1412400492198.0
            1.0              40.0              50.0              36.2   1412400493199.0
            1.0              40.0              50.0              36.4   1412400494200.0
            1.0              40.0              50.0              36.5   1412400495200.0
            1.0              40.0              50.0              36.4   1412400496200.0
            1.0              40.0              50.0              36.2   1412400497199.0
            1.0              40.0              50.0              36.4   1412400498200.0
            1.0              40.0              50.0              36.5   1412400499199.0
            1.0              40.0              50.0              36.5   1412400500200.0
            1.0              40.0              50.0              36.4   1412400501199.0
            1.0              40.0              50.0              36.4   1412400502199.0
            1.0              40.0              50.0              36.5   1412400503199.0
            1.0              40.0              50.0              36.5   1412400504200.0
            1.0              40.0              50.0              36.8   1412400505199.0
            1.0              40.0              50.0              36.6   1412400506198.0
            1.0              40.0              50.0              36.6   1412400507200.0
            1.0              40.0              50.0              36.7   1412400508200.0
            1.0              40.0              50.0              36.7   1412400509200.0
            1.0              40.0              50.0              36.4   1412400510199.0
            1.0              40.0              50.0              36.7   1412400511199.0
            1.0              40.0              50.0              36.5   1412400512199.0
            1.0              40.0              50.0              36.5   1412400513198.0
            1.0              40.0              50.0              36.5   1412400514196.0
            1.0              40.0              50.0              36.6   1412400515198.0
            1.0              40.0              50.0              36.7   1412400516199.0
            1.0              40.0              50.0              36.8   1412400517199.0
            1.0              40.0              50.0              36.7   1412400518200.0
            1.0              40.0              50.0              36.7   1412400519200.0
            1.0              40.0              50.0              36.6   1412400520197.0
            1.0              40.0              50.0              36.8   1412400521196.0
            1.0              40.0              50.0              36.6   1412400522199.0
            1.0              40.0              50.0              36.6   1412400523199.0
            1.0              40.0              50.0              36.7   1412400524196.0
            1.0              40.0              50.0              36.7   1412400525198.0
            1.0              40.0              50.0              36.9   1412400526199.0
            1.0              40.0              50.0              36.6   1412400527199.0
            1.0              40.0              50.0              36.7   1412400528199.0
            1.0              40.0              50.0              36.5   1412400529200.0
            1.0              40.0              50.0              36.6   1412400530196.0
            1.0              40.0              50.0              36.7   1412400531199.0
            1.0              40.0              50.0              36.6   1412400532200.0
            1.0              40.0              50.0              36.8   1412400533200.0
            1.0              40.0              50.0              36.7   1412400534200.0
            1.0              40.0              50.0              36.6   1412400535199.0
            1.0              40.0              50.0              36.6   1412400536200.0
            1.0              40.0              50.0              36.7   1412400537199.0
            1.0              40.0              50.0              36.5   1412400538199.0
            1.0              40.0              50.0              36.6   1412400539197.0
            1.0              40.0              50.0              36.7   1412400540200.0
            1.0              40.0              50.0              36.6   1412400541199.0
            1.0              40.0              50.0              36.7   1412400542198.0
            1.0              40.0              50.0              36.5   1412400543198.0
            1.0              40.0              50.0              36.6   1412400544199.0
            1.0              40.0              50.0              36.6   1412400545200.0
            1.0              40.0              50.0              36.6   1412400546200.0
            1.0              40.0              50.0              36.7   1412400547199.0
            1.0              40.0              50.0              36.7   1412400548200.0
            1.0              40.0              50.0              36.6   1412400549200.0
            1.0              40.0              50.0              36.5   1412400550199.0
            1.0              40.0              50.0              36.6   1412400551199.0
            1.0              40.0              50.0              36.8   1412400552197.0
            1.0              40.0              50.0              36.6   1412400553199.0
            1.0              40.0              50.0              36.6   1412400554200.0
            1.0              40.0              50.0              36.6   1412400555200.0
            1.0              40.0              50.0              36.7   1412400556199.0
            1.0              40.0              50.0              36.6   1412400557197.0
            1.0              40.0              50.0              36.6   1412400558200.0
            1.0              40.0              50.0              36.6   1412400559199.0
            1.0              40.0              50.0              36.8   1412400560199.0
            1.0              40.0              50.0              36.6   1412400561199.0
            1.0              40.0              50.0              36.7   1412400562199.0
            1.0              40.0              50.0              36.9   1412400563200.0
            1.0              40.0              50.0              36.5   1412400564200.0
            1.0              40.0              50.0              36.9   1412400565199.0
            1.0              40.0              50.0              36.7   1412400566199.0
            1.0              40.0              50.0              36.6   1412400567200.0
            1.0              40.0              50.0              36.7   1412400568199.0
            1.0              40.0              50.0              36.7   1412400569199.0
            1.0              40.0              50.0              36.8   1412400570200.0
            1.0              40.0              50.0              36.6   1412400571199.0
            1.0              40.0              50.0              36.7   1412400572200.0
            1.0              40.0              50.0              36.6   1412400573199.0
            1.0              40.0              50.0              36.7   1412400574200.0
            1.0              40.0              50.0              36.6   1412400575200.0
            1.0              40.0              50.0              36.7   1412400576200.0
            1.0              40.0              50.0              36.8   1412400577200.0
            1.0              40.0              50.0              36.7   1412400578200.0
            1.0              40.0              50.0              36.7   1412400579199.0
            1.0              40.0              50.0              36.7   1412400580200.0
            1.0              40.0              50.0              36.6   1412400581199.0
            1.0              40.0              50.0              36.9   1412400582197.0
            1.0              40.0              50.0              36.8   1412400583200.0
            1.0              40.0              50.0              36.7   1412400584200.0
            1.0              40.0              50.0              36.8   1412400585199.0
            1.0              40.0              50.0              36.8   1412400586198.0
            1.0              40.0              50.0              36.8   1412400587200.0
            1.0              40.0              50.0              36.9   1412400588200.0
            1.0              40.0              50.0              36.8   1412400589199.0
            1.0              40.0              50.0              37.0   1412400590200.0
            1.0              40.0              50.0              36.9   1412400591200.0
            1.0              40.0              50.0              36.8   1412400592200.0
            1.0              40.0              50.0              36.7   1412400593199.0
            1.0              40.0              50.0              36.9   1412400594200.0
            1.0              40.0              50.0              36.7   1412400595199.0
            1.0              40.0              50.0              36.9   1412400596198.0
            1.0              40.0              50.0              36.8   1412400597193.0
            1.0              40.0              50.0              36.8   1412400598201.0
            1.0              40.0              50.0              36.9   1412400599199.0
            1.0              40.0              50.0              36.8   1412400600200.0
            1.0              40.0              50.0              37.0   1412400601199.0
            1.0              40.0              50.0              36.9   1412400602200.0
            1.0              40.0              50.0              37.0   1412400603198.0
            1.0              40.0              50.0              37.0   1412400604200.0
            1.0              40.0              50.0              36.8   1412400605199.0
            1.0              40.0              50.0              36.9   1412400606200.0
            1.0              40.0              50.0              37.0   1412400607199.0
            1.0              40.0              50.0              37.0   1412400608199.0
            1.0              40.0              50.0              37.0   1412400609200.0
            1.0              40.0              50.0              36.9   1412400610200.0
            1.0              40.0              50.0              36.9   1412400611199.0
            1.0              40.0              50.0              36.9   1412400612199.0
            1.0              40.0              50.0              37.0   1412400613197.0
            1.0              40.0              50.0              37.0   1412400614199.0
            1.0              40.0              50.0              36.8   1412400615199.0
            1.0              40.0              50.0              37.0   1412400616200.0
            1.0              40.0              50.0              36.8   1412400617200.0
            1.0              40.0              50.0              37.0   1412400618199.0
            1.0              40.0              50.0              36.7   1412400619199.0
            1.0              40.0              50.0              36.7   1412400620199.0
            1.0              40.0              50.0              36.7   1412400621199.0
            1.0              40.0              50.0              36.6   1412400622200.0
            1.0              40.0              50.0              36.7   1412400623199.0
            1.0              40.0              50.0              36.6   1412400624199.0
            1.0              40.0              50.0              36.6   1412400625199.0
            1.0              40.0              50.0              36.6   1412400626200.0
            1.0              40.0              50.0              36.8   1412400627201.0
            1.0              40.0              50.0              36.7   1412400628199.0
            1.0              40.0              50.0              36.8   1412400629200.0
            1.0              40.0              50.0              36.6   1412400630202.0
            1.0              40.0              50.0              36.7   1412400631201.0
            1.0              40.0              50.0              36.6   1412400632199.0
            1.0              40.0              50.0              36.8   1412400633197.0
            1.0              40.0              50.0              36.7   1412400634199.0
            1.0              40.0              50.0              36.7   1412400635198.0
            1.0              40.0              50.0              36.8   1412400636199.0
            1.0              40.0              50.0              36.9   1412400637200.0
            1.0              40.0              50.0              36.7   1412400638198.0
            1.0              40.0              50.0              36.6   1412400639199.0
            1.0              40.0              50.0              36.9   1412400640200.0
            1.0              40.0              50.0              36.5   1412400641199.0
            1.0              40.0              50.0              36.8   1412400642199.0
            1.0              40.0              50.0              36.8   1412400643200.0
            1.0              40.0              50.0              36.8   1412400644199.0
            1.0              40.0              50.0              36.7   1412400645198.0
            1.0              40.0              50.0              36.9   1412400646199.0
            1.0              40.0              50.0              36.7   1412400647199.0
            1.0              40.0              50.0              36.6   1412400648199.0
            1.0              40.0              50.0              36.5   1412400649199.0
            1.0              40.0              50.0              36.7   1412400650199.0
            1.0              40.0              50.0              36.6   1412400651200.0
            1.0              40.0              50.0              36.8   1412400652199.0
            1.0              40.0              50.0              36.6   1412400653200.0
            1.0              40.0              50.0              36.6   1412400654200.0
            1.0              40.0              50.0              36.7   1412400655200.0
            1.0              40.0              50.0              36.6   1412400656199.0
            1.0              40.0              50.0              36.4   1412400657200.0
            1.0              40.0              50.0              36.7   1412400658199.0
            1.0              40.0              50.0              36.7   1412400659209.0
            1.0              40.0              50.0              36.6   1412400660201.0
            1.0              40.0              50.0              36.7   1412400661200.0
            1.0              40.0              50.0              36.7   1412400662199.0
            1.0              40.0              50.0              36.7   1412400663200.0
            1.0              40.0              50.0              36.6   1412400664200.0
            1.0              40.0              50.0              36.6   1412400665199.0
            1.0              40.0              50.0              36.8   1412400666200.0
            1.0              40.0              50.0              36.6   1412400667199.0
            1.0              40.0              50.0              36.7   1412400668199.0
            1.0              40.0              50.0              36.6   1412400669200.0
            1.0              40.0              50.0              36.7   1412400670200.0
            1.0              40.0              50.0              36.8   1412400671200.0
            1.0              40.0              50.0              36.8   1412400672199.0
            1.0              40.0              50.0              36.7   1412400673200.0
            1.0              40.0              50.0              36.8   1412400674200.0
            1.0              40.0              50.0              36.8   1412400675197.0
            1.0              40.0              50.0              36.8   1412400676199.0
            1.0              40.0              50.0              36.8   1412400677200.0
            1.0              40.0              50.0              36.7   1412400678199.0
            1.0              40.0              50.0              36.7   1412400679200.0
            1.0              40.0              50.0              36.7   1412400680199.0
            1.0              40.0              50.0              36.7   1412400681198.0
            1.0              40.0              50.0              36.6   1412400682200.0
            1.0              40.0              50.0              36.5   1412400683199.0
            1.0              40.0              50.0              36.8   1412400684200.0
            1.0              40.0              50.0              37.0   1412400685200.0
            1.0              40.0              50.0              36.8   1412400686199.0
            1.0              40.0              50.0              36.8   1412400687199.0
            1.0              40.0              50.0              36.7   1412400688199.0
            1.0              40.0              50.0              36.7   1412400689200.0
            1.0              40.0              50.0              36.6   1412400690200.0
            1.0              40.0              50.0              36.6   1412400691200.0
            1.0              40.0              50.0              36.6   1412400692199.0
            1.0              40.0              50.0              36.7   1412400693199.0
            1.0              40.0              50.0              36.9   1412400694200.0
            1.0              40.0              50.0              36.7   1412400695200.0
            1.0              40.0              50.0              36.6   1412400696200.0
            1.0              40.0              50.0              36.8   1412400697199.0
            1.0              40.0              50.0              36.7   1412400698200.0
            1.0              40.0              50.0              36.6   1412400699200.0
            1.0              40.0              50.0              36.7   1412400700200.0
            1.0              40.0              50.0              36.9   1412400701200.0
            1.0              40.0              50.0              36.6   1412400702199.0
            1.0              40.0              50.0              36.7   1412400703199.0
            1.0              40.0              50.0              36.6   1412400704200.0
            1.0              40.0              50.0              36.7   1412400705200.0
            1.0              40.0              50.0              36.8   1412400706199.0
            1.0              40.0              50.0              36.7   1412400707200.0
            1.0              40.0              50.0              36.7   1412400708199.0
            1.0              40.0              50.0              36.7   1412400709200.0
            1.0              40.0              50.0              36.8   1412400710199.0
            1.0              40.0              50.0              36.7   1412400711196.0
            1.0              40.0              50.0              36.9   1412400712199.0
            1.0              40.0              50.0              36.9   1412400713200.0
            1.0              40.0              50.0              36.9   1412400714200.0
            1.0              40.0              50.0              37.0   1412400715200.0
            1.0              40.0              50.0              37.0   1412400716199.0
            1.0              40.0              50.0              36.9   1412400717201.0
            1.0              40.0              50.0              36.8   1412400718200.0
            1.0              40.0              50.0              36.7   1412400719200.0
            1.0              40.0              50.0              36.9   1412400720199.0
            1.0              40.0              50.0              36.7   1412400721200.0
            1.0              40.0              50.0              36.7   1412400722200.0
            1.0              40.0              50.0              36.8   1412400723199.0
            1.0              40.0              50.0              36.7   1412400724200.0
            1.0              40.0              50.0              36.8   1412400725199.0
            1.0              40.0              50.0              36.6   1412400726199.0
            1.0              40.0              50.0              36.8   1412400727199.0
            1.0              40.0              50.0              36.7   1412400728200.0
            1.0              40.0              50.0              36.8   1412400729200.0
            1.0              40.0              50.0              36.9   1412400730199.0
            1.0              40.0              50.0              36.7   1412400731199.0
            1.0              40.0              50.0              36.8   1412400732200.0
            1.0              40.0              50.0              36.8   1412400733199.0
            1.0              40.0              50.0              36.8   1412400734200.0
            1.0              40.0              50.0              36.6   1412400735199.0
            1.0              40.0              50.0              36.8   1412400736200.0
            1.0              40.0              50.0              36.9   1412400737199.0
            1.0              40.0              50.0              36.7   1412400738200.0
            1.0              40.0              50.0              36.7   1412400739200.0
            1.0              40.0              50.0              36.7   1412400740200.0
            1.0              40.0              50.0              36.8   1412400741199.0
            1.0              40.0              50.0              36.9   1412400742199.0
            1.0              40.0              50.0              36.8   1412400743200.0
            1.0              40.0              50.0              37.0   1412400744199.0
            1.0              40.0              50.0              36.8   1412400745200.0
            1.0              40.0              50.0              36.9   1412400746200.0
            1.0              40.0              50.0              36.9   1412400747200.0
            1.0              40.0              50.0              36.7   1412400748200.0
            1.0              40.0              50.0              36.8   1412400749198.0
            1.0              40.0              50.0              36.9   1412400750200.0
            1.0              40.0              50.0              36.9   1412400751200.0
            1.0              40.0              50.0              36.9   1412400752201.0
            1.0              40.0              50.0              36.8   1412400753201.0
            1.0              40.0              50.0              36.8   1412400754199.0
            1.0              40.0              50.0              36.8   1412400755398.0
            1.0              40.0              50.0              36.9   1412400756199.0
            1.0              40.0              50.0              36.8   1412400757199.0
            1.0              40.0              50.0              37.0   1412400758199.0
            1.0              40.0              50.0              36.8   1412400759200.0
            1.0              40.0              50.0              37.0   1412400760196.0
            1.0              40.0              50.0              36.9   1412400761199.0
            1.0              40.0              50.0              37.0   1412400762200.0
            1.0              40.0              50.0              37.0   1412400763199.0
            1.0              40.0              50.0              36.9   1412400764199.0
            1.0              40.0              50.0              37.0   1412400765199.0
            1.0              40.0              50.0              36.8   1412400766200.0
            1.0              40.0              50.0              36.9   1412400767198.0
            1.0              40.0              50.0              37.0   1412400768199.0
            1.0              40.0              50.0              37.0   1412400769200.0
            1.0              40.0              50.0              36.9   1412400770200.0
            1.0              40.0              50.0              36.9   1412400771199.0
            1.0              40.0              50.0              37.0   1412400772200.0
            1.0              40.0              50.0              37.0   1412400773200.0
            1.0              40.0              50.0              37.2   1412400774199.0
            1.0              40.0              50.0              37.2   1412400775198.0
            1.0              40.0              50.0              37.0   1412400776200.0
            1.0              40.0              50.0              37.0   1412400777199.0
            1.0              40.0              50.0              37.0   1412400778199.0
            1.0              40.0              50.0              36.9   1412400779200.0
            1.0              40.0              50.0              36.9   1412400780200.0
            1.0              40.0              50.0              36.9   1412400781199.0
            1.0              40.0              50.0              36.8   1412400782200.0
            1.0              40.0              50.0              36.9   1412400783199.0
            1.0              40.0              50.0              37.0   1412400784199.0
            1.0              40.0              50.0              36.9   1412400785199.0
            1.0              40.0              50.0              36.8   1412400786199.0
            1.0              40.0              50.0              36.8   1412400787199.0
            1.0              40.0              50.0              36.7   1412400788200.0
            1.0              40.0              50.0              36.8   1412400789200.0
            1.0              40.0              50.0              36.9   1412400790199.0
            1.0              40.0              50.0              36.9   1412400791198.0
            1.0              40.0              50.0              36.9   1412400792198.0
            1.0              40.0              50.0              37.2   1412400793197.0
            1.0              40.0              50.0              37.0   1412400794200.0
            1.0              40.0              50.0              37.0   1412400795199.0
            1.0              40.0              50.0              36.8   1412400796200.0
            1.0              40.0              50.0              36.9   1412400797199.0
            1.0              40.0              50.0              36.8   1412400798201.0
            1.0              40.0              50.0              36.9   1412400799199.0
            1.0              40.0              50.0              36.9   1412400800197.0
            1.0              40.0              50.0              36.9   1412400801199.0
            1.0              40.0              50.0              36.9   1412400802199.0
            1.0              40.0              50.0              37.0   1412400803198.0
            1.0              40.0              50.0              37.2   1412400804199.0
            1.0              40.0              50.0              36.9   1412400805198.0
            1.0              40.0              50.0              37.3   1412400806200.0
            1.0              40.0              50.0              36.9   1412400807200.0
            1.0              40.0              50.0              37.2   1412400808199.0
            1.0              40.0              50.0              37.2   1412400809198.0
            1.0              40.0              50.0              36.9   1412400810200.0
            1.0              40.0              50.0              37.2   1412400811198.0
            1.0              40.0              50.0              36.8   1412400812199.0
            1.0              40.0              50.0              37.0   1412400813200.0
            1.0              40.0              50.0              36.9   1412400814200.0
            1.0              40.0              50.0              37.0   1412400815200.0
            1.0              40.0              50.0              36.9   1412400816201.0
            1.0              40.0              50.0              36.9   1412400817200.0
            1.0              40.0              50.0              36.9   1412400818201.0
            1.0              40.0              50.0              36.9   1412400819199.0
            1.0              40.0              50.0              37.0   1412400820199.0
            1.0              40.0              50.0              36.8   1412400821200.0
            1.0              40.0              50.0              36.9   1412400822199.0
            1.0              40.0              50.0              37.0   1412400823200.0
            1.0              40.0              50.0              36.8   1412400824200.0
            1.0              40.0              50.0              36.8   1412400825199.0
            1.0              40.0              50.0              36.9   1412400826200.0
            1.0              40.0              50.0              36.9   1412400827199.0
            1.0              40.0              50.0              36.8   1412400828199.0
            1.0              40.0              50.0              36.8   1412400829199.0
            1.0              40.0              50.0              36.7   1412400830199.0
            1.0              40.0              50.0              36.7   1412400831200.0
            1.0              40.0              50.0              36.9   1412400832199.0
            1.0              40.0              50.0              36.7   1412400833200.0
            1.0              40.0              50.0              36.7   1412400834199.0
            1.0              40.0              50.0              36.7   1412400835200.0
            1.0              40.0              50.0              36.9   1412400836199.0
            1.0              40.0              50.0              36.8   1412400837199.0
            1.0              40.0              50.0              37.0   1412400838199.0
            1.0              40.0              50.0              37.0   1412400839199.0
            1.0              40.0              50.0              36.9   1412400840200.0
            1.0              40.0              50.0              36.9   1412400841199.0
            1.0              40.0              50.0              36.9   1412400842200.0
            1.0              40.0              50.0              36.7   1412400843199.0
            1.0              40.0              50.0              36.9   1412400844197.0
            1.0              40.0              50.0              36.9   1412400845200.0
            1.0              40.0              50.0              36.7   1412400846201.0
            1.0              40.0              50.0              36.8   1412400847200.0
            1.0              40.0              50.0              36.9   1412400848200.0
            1.0              40.0              50.0              37.0   1412400849200.0
            1.0              40.0              50.0              36.9   1412400850199.0
            1.0              40.0              50.0              36.9   1412400851200.0
            1.0              40.0              50.0              36.9   1412400852199.0
            1.0              40.0              50.0              36.8   1412400853199.0
            1.0              40.0              50.0              36.9   1412400854199.0
            1.0              40.0              50.0              36.8   1412400855199.0
            1.0              40.0              50.0              37.0   1412400856200.0
            1.0              40.0              50.0              36.8   1412400857200.0
            1.0              40.0              50.0              37.0   1412400858199.0
            1.0              40.0              50.0              37.0   1412400859200.0
            1.0              40.0              50.0              36.8   1412400860199.0
            1.0              40.0              50.0              36.8   1412400861199.0
            1.0              40.0              50.0              36.9   1412400862199.0
            1.0              40.0              50.0              37.0   1412400863199.0
            1.0              40.0              50.0              37.0   1412400864199.0
            1.0              40.0              50.0              36.7   1412400865198.0
            1.0              40.0              50.0              36.8   1412400866199.0
            1.0              40.0              50.0              36.9   1412400867200.0
            1.0              40.0              50.0              37.0   1412400868200.0
            1.0              40.0              50.0              36.9   1412400869199.0
            1.0              40.0              50.0              36.8   1412400870199.0
            1.0              40.0              50.0              36.9   1412400871198.0
            1.0              40.0              50.0              36.9   1412400872199.0
            1.0              40.0              50.0              37.2   1412400873200.0
            1.0              40.0              50.0              36.9   1412400874198.0
            1.0              40.0              50.0              36.9   1412400875199.0
            1.0              40.0              50.0              36.9   1412400876199.0
            1.0              40.0              50.0              37.0   1412400877200.0
            1.0              40.0              50.0              36.9   1412400878199.0
            1.0              40.0              50.0              37.0   1412400879198.0
            1.0              40.0              50.0              36.8   1412400880195.0
            1.0              40.0              50.0              36.9   1412400881200.0
            1.0              40.0              50.0              36.8   1412400882199.0
            1.0              40.0              50.0              36.9   1412400883199.0
            1.0              40.0              50.0              36.9   1412400884200.0
            1.0              40.0              50.0              36.9   1412400885199.0
            1.0              40.0              50.0              36.9   1412400886200.0
            1.0              40.0              50.0              37.0   1412400887199.0
            1.0              40.0              50.0              37.0   1412400888200.0
            1.0              40.0              50.0              36.8   1412400889200.0
            1.0              40.0              50.0              36.7   1412400890200.0
            1.0              40.0              50.0              36.8   1412400891197.0
            1.0              40.0              50.0              36.9   1412400892200.0
            1.0              40.0              50.0              36.9   1412400893199.0
            1.0              40.0              50.0              36.9   1412400894200.0
            1.0              40.0              50.0              36.9   1412400895201.0
            1.0              40.0              50.0              36.8   1412400896196.0
            1.0              40.0              50.0              37.0   1412400897199.0
            1.0              40.0              50.0              36.9   1412400898198.0
            1.0              40.0              50.0              36.9   1412400899200.0
            1.0              40.0              50.0              36.8   1412400900199.0
            1.0              40.0              50.0              36.8   1412400901196.0
            1.0              40.0              50.0              36.8   1412400902199.0
            1.0              40.0              50.0              36.8   1412400903198.0
            1.0              40.0              50.0              36.9   1412400904199.0
            1.0              40.0              50.0              36.9   1412400905199.0
            1.0              40.0              50.0              37.0   1412400906199.0
            1.0              40.0              50.0              36.9   1412400907199.0
            1.0              40.0              50.0              36.8   1412400908199.0
            1.0              40.0              50.0              36.8   1412400909199.0
            1.0              40.0              50.0              36.8   1412400910198.0
            1.0              40.0              50.0              36.9   1412400911199.0
            1.0              40.0              50.0              36.8   1412400912200.0
            1.0              40.0              50.0              37.0   1412400913196.0
            1.0              40.0              50.0              36.8   1412400914195.0
            1.0              40.0              50.0              37.0   1412400915200.0
            1.0              40.0              50.0              37.2   1412400916199.0
            1.0              40.0              50.0              37.0   1412400917200.0
            1.0              40.0              50.0              37.0   1412400918200.0
            1.0              40.0              50.0              36.9   1412400919199.0
            1.0              40.0              50.0              37.2   1412400920199.0
            1.0              40.0              50.0              37.2   1412400921199.0
            1.0              40.0              50.0              36.9   1412400922200.0
            1.0              40.0              50.0              36.9   1412400923199.0
            1.0              40.0              50.0              37.2   1412400924200.0
            1.0              40.0              50.0              37.0   1412400925200.0
            1.0              40.0              50.0              36.8   1412400926200.0
            1.0              40.0              50.0              37.2   1412400927200.0
            1.0              40.0              50.0              37.0   1412400928200.0
            1.0              40.0              50.0              36.9   1412400929199.0
            1.0              40.0              50.0              36.9   1412400930199.0
            1.0              40.0              50.0              36.9   1412400931199.0
            1.0              40.0              50.0              36.9   1412400932199.0
            1.0              40.0              50.0              37.0   1412400933199.0
            1.0              40.0              50.0              36.8   1412400934199.0
            1.0              40.0              50.0              36.9   1412400935199.0
            1.0              40.0              50.0              36.9   1412400936199.0
            1.0              40.0              50.0              36.9   1412400937200.0
            1.0              40.0              50.0              37.0   1412400938198.0
            1.0              40.0              50.0              37.0   1412400939198.0
            1.0              40.0              50.0              37.2   1412400940199.0
            1.0              40.0              50.0              37.2   1412400941198.0
            1.0              40.0              50.0              36.9   1412400942199.0
            1.0              40.0              50.0              37.3   1412400943199.0
            1.0              40.0              50.0              37.2   1412400944199.0
            1.0              40.0              50.0              37.2   1412400945200.0
            1.0              40.0              50.0              37.0   1412400946200.0
            1.0              40.0              50.0              37.0   1412400947199.0
            1.0              40.0              50.0              37.2   1412400948199.0
            1.0              40.0              50.0              37.0   1412400949199.0
            1.0              40.0              50.0              37.0   1412400950197.0
            1.0              40.0              50.0              37.2   1412400951202.0
