0 0 100 35.80 1398269199561 1398269174166 1398269174177 1398269199708 0.10000E+01
1 30 50 35.50 1398269273539 1398269248791 1398269248803 1398269274334 0.10000E+01
2 30 50 35.50 1398269274354 1398269248959 1398269248970 1398269274523 0.20000E+01
3 30 50 35.70 1398269274543 1398269249214 1398269249225 1398269274850 0.30000E+01
4 30 50 35.50 1398269275032 1398269249777 1398269249788 1398269275320 0.40000E+01
5 30 50 35.50 1398269275542 1398269250070 1398269250081 1398269275611 0.50000E+01
6 30 50 35.80 1398269276035 1398269250533 1398269250544 1398269276075 0.60000E+01
7 30 50 35.70 1398269276538 1398269251506 1398269251517 1398269277049 0.70000E+01
9 30 50 35.50 1398269277553 1398269252044 1398269252056 1398269277587 0.90000E+01
10 30 50 35.70 1398269278030 1398269252537 1398269252549 1398269278080 0.10000E+02
11 30 50 35.50 1398269278543 1398269253115 1398269253125 1398269278657 0.11000E+02
12 30 50 35.30 1398269279041 1398269254422 1398269254433 1398269279965 0.12000E+02
14 30 50 35.80 1398269280046 1398269254722 1398269254733 1398269280263 0.14000E+02
15 30 50 35.30 1398269280545 1398269255153 1398269255164 1398269280694 0.15000E+02
16 30 50 35.80 1398269281038 1398269256317 1398269256327 1398269281858 0.16000E+02
18 30 50 35.90 1398269282040 1398269256644 1398269256655 1398269282186 0.18000E+02
19 30 50 35.70 1398269282553 1398269257304 1398269257314 1398269282846 0.19000E+02
20 30 50 35.90 1398269283048 1398269257739 1398269257750 1398269283281 0.20000E+02
21 30 50 35.90 1398269283543 1398269258032 1398269258043 1398269283574 0.21000E+02
22 30 50 35.90 1398269284036 1398269258711 1398269258723 1398269284254 0.22000E+02
23 30 50 35.70 1398269284536 1398269259025 1398269259035 1398269284566 0.23000E+02
24 30 50 36.00 1398269285030 1398269259985 1398269259995 1398269285526 0.24000E+02
25 30 50 36.00 1398269285546 1398269260034 1398269260044 1398269285575 0.25000E+02
26 30 50 40.90 1398269331953 1398269306453 1398269306463 1398269331993 0.26000E+02
27 30 50 41.00 1398269332455 1398269307268 1398269307279 1398269332810 0.27000E+02
28 30 50 40.90 1398269332951 1398269307646 1398269307657 1398269333187 0.28000E+02
29 30 50 41.00 1398269333450 1398269307946 1398269307957 1398269333487 0.29000E+02
30 30 50 41.10 1398269333951 1398269308700 1398269308712 1398269334242 0.30000E+02
31 30 50 41.40 1398269334465 1398269308955 1398269308966 1398269334497 0.31000E+02
32 30 50 41.40 1398269334962 1398269309502 1398269309513 1398269335043 0.32000E+02
33 30 50 41.50 1398269335446 1398269310185 1398269310196 1398269335726 0.33000E+02
34 30 50 41.50 1398269335948 1398269310439 1398269310450 1398269335980 0.34000E+02
35 30 50 41.50 1398269336464 1398269311672 1398269311683 1398269337213 0.35000E+02
37 30 50 41.60 1398269337455 1398269312115 1398269312126 1398269337656 0.37000E+02
38 30 50 41.60 1398269337957 1398269312563 1398269312573 1398269338104 0.38000E+02
39 30 50 41.60 1398269338448 1398269313162 1398269313173 1398269338704 0.39000E+02
40 30 50 41.60 1398269338966 1398269313571 1398269313582 1398269339113 0.40000E+02
41 30 50 41.90 1398269339457 1398269314219 1398269314229 1398269339759 0.41000E+02
42 30 50 41.70 1398269339960 1398269314626 1398269314637 1398269340167 0.42000E+02
43 30 50 41.60 1398269340450 1398269315057 1398269315068 1398269340598 0.43000E+02
44 30 50 41.90 1398269340961 1398269315505 1398269315516 1398269341047 0.44000E+02
45 30 50 41.80 1398269341450 1398269316318 1398269316330 1398269341860 0.45000E+02
46 30 50 41.90 1398269341962 1398269316451 1398269316461 1398269341991 0.46000E+02
47 30 50 42.30 1398269342455 1398269317339 1398269317350 1398269342880 0.47000E+02
48 30 50 42.30 1398269342961 1398269317451 1398269317461 1398269342991 0.48000E+02
49 30 50 42.30 1398269343455 1398269318289 1398269318299 1398269343830 0.49000E+02
50 30 50 42.30 1398269343951 1398269318778 1398269318789 1398269344320 0.50000E+02
51 30 50 42.30 1398269344462 1398269319000 1398269319010 1398269344540 0.51000E+02
52 30 50 42.50 1398269344963 1398269320042 1398269320053 1398269345583 0.52000E+02
54 30 50 42.30 1398269345966 1398269320598 1398269320610 1398269346140 0.54000E+02
55 30 50 42.30 1398269346463 1398269321133 1398269321144 1398269346675 0.55000E+02
56 30 50 42.40 1398269346957 1398269321799 1398269321810 1398269347341 0.56000E+02
57 30 50 42.70 1398269347462 1398269322070 1398269322082 1398269347612 0.57000E+02
58 30 50 42.40 1398269347956 1398269322618 1398269322629 1398269348160 0.58000E+02
59 30 50 42.70 1398269348463 1398269322955 1398269322966 1398269348496 0.59000E+02
60 30 50 42.90 1398269348959 1398269323642 1398269323654 1398269349183 0.60000E+02
61 30 50 42.90 1398269349466 1398269324296 1398269324308 1398269349838 0.61000E+02
62 30 50 43.00 1398269349960 1398269324710 1398269324721 1398269350251 0.62000E+02
63 30 50 43.00 1398269350453 1398269324942 1398269324954 1398269350484 0.63000E+02
64 30 50 42.90 1398269350948 1398269325612 1398269325623 1398269351153 0.64000E+02
65 30 50 43.10 1398269351456 1398269325997 1398269326008 1398269351538 0.65000E+02
66 30 50 43.00 1398269351961 1398269326459 1398269326470 1398269351999 0.66000E+02
67 30 50 43.10 1398269352464 1398269326997 1398269327007 1398269352538 0.67000E+02
68 30 50 43.20 1398269352961 1398269327500 1398269327511 1398269353041 0.68000E+02
69 30 50 43.20 1398269353465 1398269328000 1398269328010 1398269353540 0.69000E+02
70 30 50 43.40 1398269353963 1398269328462 1398269328473 1398269354002 0.70000E+02
71 30 50 43.40 1398269354466 1398269329107 1398269329118 1398269354648 0.71000E+02
72 30 50 42.70 1398269354951 1398269329497 1398269329508 1398269355039 0.72000E+02
73 30 50 43.60 1398269355463 1398269329955 1398269329966 1398269355495 0.73000E+02
74 30 50 43.40 1398269355959 1398269330591 1398269330602 1398269356133 0.74000E+02
75 30 50 43.30 1398269356456 1398269330947 1398269330957 1398269356487 0.75000E+02
76 30 50 43.60 1398269356951 1398269331672 1398269331682 1398269357213 0.76000E+02
77 30 50 43.70 1398269357490 1398269331980 1398269331990 1398269357519 0.77000E+02
78 30 50 43.70 1398269357963 1398269332656 1398269332666 1398269358196 0.78000E+02
79 30 50 43.70 1398269358458 1398269332948 1398269332959 1398269358490 0.79000E+02
80 30 50 43.70 1398269358954 1398269333492 1398269333504 1398269359034 0.80000E+02
81 30 50 43.90 1398269359457 1398269334157 1398269334168 1398269359698 0.81000E+02
82 30 50 43.70 1398269359961 1398269334452 1398269334463 1398269359993 0.82000E+02
83 30 50 43.80 1398269360458 1398269335277 1398269335287 1398269360817 0.83000E+02
84 30 50 43.80 1398269360959 1398269335533 1398269335544 1398269361074 0.84000E+02
85 30 50 44.00 1398269361458 1398269336026 1398269336037 1398269361568 0.85000E+02
86 30 50 43.80 1398269361951 1398269336441 1398269336451 1398269361981 0.86000E+02
87 30 50 44.10 1398269362465 1398269337306 1398269337317 1398269362847 0.87000E+02
88 30 50 44.30 1398269362949 1398269337440 1398269337451 1398269362981 0.88000E+02
89 30 50 44.10 1398269363464 1398269338525 1398269338536 1398269364066 0.89000E+02
91 30 50 44.40 1398269364449 1398269338942 1398269338953 1398269364482 0.91000E+02
92 30 50 44.40 1398269364967 1398269339697 1398269339708 1398269365238 0.92000E+02
93 30 50 44.40 1398269365460 1398269340061 1398269340072 1398269365602 0.93000E+02
94 30 50 44.50 1398269365966 1398269340459 1398269340470 1398269365999 0.94000E+02
95 30 50 44.30 1398269366462 1398269341262 1398269341274 1398269366804 0.95000E+02
96 30 50 44.30 1398269366965 1398269341457 1398269341467 1398269366997 0.96000E+02
97 30 50 44.40 1398269367461 1398269342312 1398269342324 1398269367854 0.97000E+02
98 30 50 44.40 1398269367955 1398269342450 1398269342462 1398269367992 0.98000E+02
99 30 50 44.50 1398269368455 1398269343059 1398269343069 1398269368598 0.99000E+02
100 30 50 44.70 1398269368962 1398269343452 1398269343463 1398269368992 0.10000E+03
101 30 50 44.80 1398269369455 1398269343999 1398269344011 1398269369540 0.10100E+03
102 30 50 44.70 1398269369963 1398269344551 1398269344561 1398269370091 0.10200E+03
103 30 50 44.80 1398269370454 1398269344951 1398269344962 1398269370491 0.10300E+03
104 30 50 44.70 1398269370955 1398269345706 1398269345717 1398269371246 0.10400E+03
105 30 50 44.70 1398269371448 1398269345952 1398269345962 1398269371492 0.10500E+03
106 30 50 45.00 1398269371955 1398269346447 1398269346458 1398269371987 0.10600E+03
107 30 50 44.50 1398269372451 1398269347102 1398269347113 1398269372643 0.10700E+03
108 30 50 45.00 1398269372965 1398269347457 1398269347468 1398269372998 0.10800E+03
109 30 50 44.70 1398269373462 1398269348256 1398269348268 1398269373798 0.10900E+03
110 30 50 44.80 1398269373960 1398269348450 1398269348461 1398269373991 0.11000E+03
111 30 50 45.20 1398269374455 1398269348976 1398269348987 1398269374517 0.11100E+03
112 30 50 45.20 1398269374962 1398269349476 1398269349487 1398269375016 0.11200E+03
113 30 50 45.00 1398269375460 1398269350002 1398269350013 1398269375543 0.11300E+03
114 30 50 45.10 1398269375947 1398269350439 1398269350449 1398269375979 0.11400E+03
115 30 50 45.20 1398269376463 1398269351003 1398269351014 1398269376544 0.11500E+03
116 30 50 45.20 1398269376947 1398269351468 1398269351478 1398269377009 0.11600E+03
117 30 50 45.40 1398269377453 1398269351996 1398269352007 1398269377537 0.11700E+03
118 30 50 45.30 1398269377961 1398269352456 1398269352467 1398269377996 0.11800E+03
119 30 50 45.40 1398269378460 1398269352962 1398269352973 1398269378503 0.11900E+03
120 30 50 45.20 1398269378966 1398269353458 1398269353470 1398269378999 0.12000E+03
121 30 50 45.50 1398269379464 1398269353957 1398269353967 1398269379496 0.12100E+03
122 30 50 45.40 1398269379963 1398269354643 1398269354654 1398269380183 0.12200E+03
123 30 50 45.50 1398269380465 1398269355216 1398269355227 1398269380756 0.12300E+03
124 30 50 45.70 1398269380958 1398269355833 1398269355844 1398269381374 0.12400E+03
125 30 50 45.70 1398269381455 1398269355961 1398269355971 1398269381501 0.12500E+03
126 30 50 45.80 1398269381965 1398269357339 1398269357350 1398269382880 0.12600E+03
128 30 50 45.80 1398269382961 1398269357453 1398269357464 1398269382993 0.12800E+03
129 30 50 45.50 1398269383457 1398269358512 1398269358523 1398269384052 0.12900E+03
131 30 50 45.70 1398269384455 1398269358999 1398269359011 1398269384540 0.13100E+03
132 30 50 45.90 1398269384964 1398269359890 1398269359902 1398269385432 0.13200E+03
133 30 50 45.90 1398269385452 1398269360379 1398269360389 1398269385919 0.13300E+03
134 30 50 45.90 1398269385959 1398269360452 1398269360464 1398269385993 0.13400E+03
135 30 50 45.90 1398269386456 1398269361586 1398269361598 1398269387128 0.13500E+03
137 30 50 45.80 1398269387450 1398269361943 1398269361954 1398269387484 0.13700E+03
138 30 50 46.10 1398269387948 1398269362703 1398269362715 1398269388245 0.13800E+03
139 30 50 46.00 1398269388447 1398269362940 1398269362951 1398269388481 0.13900E+03
140 30 50 46.20 1398269388964 1398269363529 1398269363540 1398269389069 0.14000E+03
141 30 50 46.20 1398269389452 1398269363943 1398269363954 1398269389483 0.14100E+03
142 30 50 46.10 1398269389967 1398269364637 1398269364647 1398269390177 0.14200E+03
143 30 50 46.20 1398269390459 1398269364951 1398269364962 1398269390491 0.14300E+03
144 30 50 45.90 1398269390955 1398269365556 1398269365567 1398269391096 0.14400E+03
145 30 50 46.10 1398269391459 1398269366166 1398269366176 1398269391706 0.14500E+03
146 30 50 46.40 1398269391948 1398269366441 1398269366452 1398269391982 0.14600E+03
147 30 50 46.40 1398269392465 1398269367756 1398269367768 1398269393297 0.14700E+03
149 30 50 46.10 1398269393459 1398269368757 1398269368767 1398269394297 0.14900E+03
151 30 50 46.40 1398269394460 1398269369016 1398269369027 1398269394556 0.15100E+03
152 30 50 46.50 1398269394959 1398269369665 1398269369676 1398269395205 0.15200E+03
153 30 50 46.50 1398269395447 1398269369998 1398269370008 1398269395538 0.15300E+03
154 30 50 46.50 1398269395961 1398269370558 1398269370570 1398269396100 0.15400E+03
155 30 50 46.50 1398269396463 1398269371299 1398269371311 1398269396840 0.15500E+03
156 30 50 46.50 1398269396961 1398269371453 1398269371464 1398269396993 0.15600E+03
157 30 50 46.70 1398269397456 1398269372098 1398269372108 1398269397638 0.15700E+03
158 30 50 46.70 1398269397960 1398269372545 1398269372556 1398269398086 0.15800E+03
159 30 50 46.80 1398269398448 1398269373096 1398269373107 1398269398637 0.15900E+03
160 30 50 46.60 1398269398959 1398269373557 1398269373568 1398269399097 0.16000E+03
161 30 50 46.80 1398269399460 1398269374198 1398269374209 1398269399738 0.16100E+03
162 30 50 46.80 1398269399960 1398269374452 1398269374462 1398269399992 0.16200E+03
163 30 50 46.70 1398269400455 1398269375069 1398269375079 1398269400610 0.16300E+03
164 30 50 46.80 1398269400953 1398269375446 1398269375457 1398269400987 0.16400E+03
165 30 50 47.10 1398269401450 1398269376476 1398269376487 1398269402016 0.16500E+03
167 30 50 46.50 1398269402460 1398269376955 1398269376966 1398269402495 0.16700E+03
168 30 50 47.20 1398269402959 1398269377763 1398269377775 1398269403304 0.16800E+03
169 30 50 47.10 1398269403466 1398269377962 1398269377973 1398269403502 0.16900E+03
170 30 50 47.20 1398269403966 1398269378695 1398269378706 1398269404234 0.17000E+03
171 30 50 46.80 1398269404457 1398269379044 1398269379055 1398269404585 0.17100E+03
172 30 50 47.20 1398269404948 1398269379442 1398269379453 1398269404983 0.17200E+03
173 30 50 47.10 1398269405467 1398269380668 1398269380678 1398269406209 0.17300E+03
175 30 50 47.20 1398269406451 1398269380945 1398269380955 1398269406484 0.17500E+03
176 30 50 46.80 1398269406948 1398269381666 1398269381677 1398269407206 0.17600E+03
177 30 50 46.80 1398269407447 1398269381950 1398269381961 1398269407515 0.17700E+03
178 30 50 47.40 1398269407958 1398269382511 1398269382523 1398269408052 0.17800E+03
179 30 50 47.30 1398269408455 1398269383166 1398269383177 1398269408706 0.17900E+03
180 30 50 47.30 1398269408948 1398269383466 1398269383477 1398269409006 0.18000E+03
181 30 50 47.20 1398269409450 1398269384041 1398269384052 1398269409581 0.18100E+03
182 30 50 47.30 1398269409964 1398269384650 1398269384661 1398269410193 0.18200E+03
183 30 50 47.30 1398269410456 1398269384949 1398269384960 1398269410489 0.18300E+03
184 30 50 47.50 1398269410952 1398269385562 1398269385574 1398269411103 0.18400E+03
185 30 50 47.40 1398269411466 1398269385959 1398269385970 1398269411500 0.18500E+03
186 30 50 47.40 1398269411963 1398269387654 1398269387664 1398269413193 0.18600E+03
189 30 50 47.70 1398269413455 1398269388159 1398269388171 1398269413700 0.18900E+03
190 30 50 47.70 1398269413962 1398269388460 1398269388470 1398269414000 0.19000E+03
191 30 50 47.60 1398269414463 1398269389391 1398269389402 1398269414932 0.19100E+03
192 30 50 47.60 1398269414952 1398269389446 1398269389456 1398269414985 0.19200E+03
193 30 50 47.60 1398269415449 1398269390216 1398269390227 1398269415757 0.19300E+03
194 30 50 47.70 1398269415958 1398269390452 1398269390462 1398269415991 0.19400E+03
195 30 50 47.60 1398269416454 1398269390999 1398269391011 1398269416540 0.19500E+03
196 30 50 47.90 1398269416963 1398269391457 1398269391467 1398269416997 0.19600E+03
197 30 50 47.50 1398269417461 1398269392004 1398269392016 1398269417545 0.19700E+03
198 30 50 47.90 1398269417949 1398269392770 1398269392782 1398269418312 0.19800E+03
199 30 50 47.70 1398269418453 1398269392982 1398269392993 1398269418522 0.19900E+03
200 30 50 47.90 1398269418966 1398269393474 1398269393485 1398269419014 0.20000E+03
201 30 50 48.00 1398269419458 1398269394192 1398269394204 1398269419734 0.20100E+03
202 30 50 47.60 1398269419956 1398269394449 1398269394459 1398269419988 0.20200E+03
203 30 50 47.70 1398269420451 1398269394946 1398269394956 1398269420486 0.20300E+03
204 30 50 48.00 1398269420949 1398269395691 1398269395701 1398269421230 0.20400E+03
205 30 50 47.90 1398269421452 1398269396371 1398269396382 1398269421912 0.20500E+03
206 30 50 47.90 1398269421953 1398269396446 1398269396457 1398269421986 0.20600E+03
207 30 50 48.00 1398269422449 1398269397336 1398269397347 1398269422876 0.20700E+03
208 30 50 48.00 1398269422957 1398269397452 1398269397463 1398269422993 0.20800E+03
209 30 50 48.00 1398269423457 1398269398336 1398269398346 1398269423875 0.20900E+03
210 30 50 48.00 1398269423956 1398269398452 1398269398463 1398269423993 0.21000E+03
211 30 50 48.10 1398269424456 1398269399067 1398269399079 1398269424608 0.21100E+03
212 30 50 48.20 1398269424951 1398269399445 1398269399455 1398269424985 0.21200E+03
213 30 50 48.20 1398269425448 1398269400101 1398269400112 1398269425642 0.21300E+03
214 30 50 48.20 1398269425964 1398269400505 1398269400515 1398269426044 0.21400E+03
215 30 50 48.20 1398269426447 1398269401229 1398269401239 1398269426768 0.21500E+03
216 30 50 48.10 1398269426949 1398269401512 1398269401522 1398269427051 0.21600E+03
217 30 50 48.10 1398269427454 1398269402531 1398269402541 1398269428070 0.21700E+03
219 30 50 48.20 1398269428453 1398269403230 1398269403242 1398269428771 0.21900E+03
220 30 50 48.20 1398269428952 1398269403447 1398269403458 1398269428987 0.22000E+03
221 30 50 48.40 1398269429450 1398269404516 1398269404527 1398269430056 0.22100E+03
223 30 50 48.30 1398269430459 1398269404956 1398269404967 1398269430496 0.22300E+03
224 30 50 48.20 1398269430960 1398269405457 1398269405467 1398269430996 0.22400E+03
225 30 50 48.60 1398269431459 1398269406336 1398269406347 1398269431876 0.22500E+03
226 30 50 47.90 1398269431957 1398269406453 1398269406463 1398269431992 0.22600E+03
227 30 50 48.60 1398269432455 1398269407118 1398269407128 1398269432657 0.22700E+03
228 30 50 48.40 1398269432959 1398269407500 1398269407512 1398269433040 0.22800E+03
229 30 50 48.70 1398269433463 1398269408004 1398269408014 1398269433544 0.22900E+03
230 30 50 48.70 1398269433947 1398269408727 1398269408738 1398269434267 0.23000E+03
231 30 50 48.70 1398269434449 1398269408945 1398269408956 1398269434484 0.23100E+03
232 30 50 48.70 1398269434948 1398269409507 1398269409518 1398269435047 0.23200E+03
233 30 50 48.60 1398269435450 1398269410297 1398269410307 1398269435837 0.23300E+03
234 30 50 48.60 1398269435958 1398269410501 1398269410512 1398269436041 0.23400E+03
235 30 50 48.40 1398269436464 1398269410959 1398269410971 1398269436499 0.23500E+03
236 30 50 48.70 1398269436963 1398269411460 1398269411470 1398269436999 0.23600E+03
237 30 50 48.80 1398269437463 1398269412149 1398269412159 1398269437688 0.23700E+03
238 30 50 48.80 1398269437950 1398269412569 1398269412580 1398269438109 0.23800E+03
239 30 50 48.80 1398269438451 1398269413176 1398269413187 1398269438716 0.23900E+03
240 30 50 48.80 1398269438958 1398269413455 1398269413467 1398269438995 0.24000E+03
241 30 50 48.90 1398269439459 1398269414473 1398269414484 1398269440013 0.24100E+03
243 30 50 48.70 1398269440456 1398269415009 1398269415021 1398269440550 0.24300E+03
244 30 50 49.00 1398269440952 1398269415505 1398269415516 1398269441046 0.24400E+03
245 30 50 48.90 1398269441449 1398269415995 1398269416006 1398269441537 0.24500E+03
246 30 50 48.80 1398269441960 1398269416456 1398269416467 1398269441996 0.24600E+03
247 30 50 48.90 1398269442459 1398269416954 1398269416966 1398269442494 0.24700E+03
248 30 50 48.90 1398269442957 1398269417699 1398269417710 1398269443239 0.24800E+03
249 30 50 48.90 1398269443461 1398269417960 1398269417971 1398269443499 0.24900E+03
250 30 50 49.10 1398269443962 1398269418519 1398269418529 1398269444058 0.25000E+03
251 30 50 49.00 1398269444461 1398269418981 1398269418991 1398269444520 0.25100E+03
252 30 50 49.10 1398269444963 1398269419673 1398269419684 1398269445212 0.25200E+03
253 30 50 49.10 1398269445454 1398269419949 1398269419960 1398269445488 0.25300E+03
254 30 50 49.10 1398269445951 1398269420762 1398269420774 1398269446303 0.25400E+03
255 30 50 49.10 1398269446465 1398269420963 1398269420974 1398269446503 0.25500E+03
256 30 50 48.70 1398269446965 1398269422057 1398269422067 1398269447596 0.25600E+03
258 30 50 49.40 1398269447958 1398269422453 1398269422464 1398269447993 0.25800E+03
259 30 50 49.10 1398269448457 1398269423476 1398269423486 1398269449015 0.25900E+03
261 30 50 49.10 1398269449459 1398269424146 1398269424156 1398269449685 0.26100E+03
262 30 50 49.30 1398269449967 1398269424677 1398269424688 1398269450217 0.26200E+03
263 30 50 49.10 1398269450459 1398269424954 1398269424965 1398269450493 0.26300E+03
264 30 50 49.30 1398269450957 1398269425892 1398269425902 1398269451431 0.26400E+03
265 30 50 49.30 1398269451451 1398269425950 1398269425960 1398269451489 0.26500E+03
266 30 50 49.40 1398269451952 1398269426512 1398269426523 1398269452052 0.26600E+03
267 30 50 49.40 1398269452455 1398269427008 1398269427019 1398269452548 0.26700E+03
268 30 50 49.00 1398269452951 1398269427446 1398269427457 1398269452985 0.26800E+03
269 30 50 49.40 1398269453449 1398269428192 1398269428203 1398269453732 0.26900E+03
270 30 50 49.40 1398269453954 1398269428454 1398269428465 1398269453994 0.27000E+03
271 30 50 49.50 1398269454457 1398269429197 1398269429207 1398269454736 0.27100E+03
272 30 50 49.40 1398269454957 1398269429497 1398269429507 1398269455036 0.27200E+03
273 30 50 49.30 1398269455458 1398269430260 1398269430271 1398269455801 0.27300E+03
274 30 50 49.50 1398269455962 1398269430463 1398269430473 1398269456002 0.27400E+03
275 30 50 49.50 1398269456464 1398269431534 1398269431544 1398269457073 0.27500E+03
277 30 50 49.60 1398269457455 1398269432005 1398269432015 1398269457544 0.27700E+03
278 30 50 49.60 1398269457967 1398269432463 1398269432474 1398269458003 0.27800E+03
279 30 50 49.40 1398269458467 1398269432964 1398269432974 1398269458504 0.27900E+03
280 30 50 49.50 1398269458967 1398269434174 1398269434184 1398269459712 0.28000E+03
282 30 50 49.30 1398269459955 1398269434501 1398269434511 1398269460039 0.28200E+03
283 30 50 49.60 1398269460462 1398269435088 1398269435099 1398269460627 0.28300E+03
284 30 50 49.60 1398269460949 1398269435444 1398269435454 1398269460983 0.28400E+03
285 30 50 49.70 1398269461465 1398269436410 1398269436421 1398269461949 0.28500E+03
287 30 50 49.70 1398269462453 1398269437322 1398269437333 1398269462862 0.28700E+03
288 30 50 49.70 1398269462963 1398269437460 1398269437470 1398269462999 0.28800E+03
289 30 50 49.70 1398269463462 1398269438463 1398269438475 1398269464004 0.28900E+03
291 30 50 49.80 1398269464467 1398269439016 1398269439027 1398269464555 0.29100E+03
292 30 50 49.60 1398269464957 1398269439756 1398269439767 1398269465296 0.29200E+03
293 30 50 49.60 1398269465457 1398269440006 1398269440016 1398269465544 0.29300E+03
294 30 50 49.80 1398269465967 1398269440593 1398269440604 1398269466132 0.29400E+03
295 30 50 49.80 1398269466453 1398269441260 1398269441271 1398269466799 0.29500E+03
296 30 50 49.80 1398269466960 1398269441456 1398269441467 1398269466996 0.29600E+03
297 30 50 49.60 1398269467459 1398269442119 1398269442130 1398269467658 0.29700E+03
298 30 50 50.00 1398269467960 1398269442680 1398269442690 1398269468218 0.29800E+03
299 30 50 50.00 1398269468460 1398269442977 1398269442987 1398269468516 0.29900E+03
300 30 50 49.80 1398269468958 1398269443646 1398269443657 1398269469185 0.30000E+03
301 30 50 49.60 1398269469466 1398269444193 1398269444204 1398269469733 0.30100E+03
302 30 50 50.10 1398269469954 1398269444450 1398269444461 1398269469989 0.30200E+03
303 30 50 49.50 1398269470451 1398269445566 1398269445578 1398269471106 0.30300E+03
305 30 50 50.00 1398269471448 1398269445995 1398269446006 1398269471535 0.30500E+03
306 30 50 50.10 1398269471958 1398269446666 1398269446677 1398269472205 0.30600E+03
307 30 50 50.00 1398269472447 1398269447038 1398269447048 1398269472577 0.30700E+03
308 30 50 50.10 1398269472960 1398269447457 1398269447467 1398269472995 0.30800E+03
309 30 50 50.00 1398269473458 1398269448392 1398269448403 1398269473932 0.30900E+03
310 30 50 50.00 1398269473952 1398269448451 1398269448462 1398269473991 0.31000E+03
311 30 50 50.20 1398269474454 1398269449198 1398269449208 1398269474736 0.31100E+03
312 30 50 50.10 1398269474958 1398269449604 1398269449614 1398269475142 0.31200E+03
313 30 50 50.20 1398269475464 1398269449960 1398269449972 1398269475501 0.31300E+03
314 30 50 50.30 1398269475964 1398269450606 1398269450617 1398269476148 0.31400E+03
315 30 50 50.30 1398269476450 1398269450947 1398269450958 1398269476486 0.31500E+03
316 30 50 50.30 1398269476950 1398269452080 1398269452091 1398269477620 0.31600E+03
318 30 50 50.10 1398269477962 1398269452458 1398269452469 1398269477997 0.31800E+03
319 30 50 50.30 1398269478461 1398269453143 1398269453154 1398269478682 0.31900E+03
320 30 50 50.30 1398269478964 1398269453462 1398269453472 1398269479001 0.32000E+03
321 30 50 50.30 1398269479463 1398269454393 1398269454403 1398269479932 0.32100E+03
322 30 50 50.30 1398269479952 1398269454448 1398269454459 1398269479987 0.32200E+03
323 30 50 50.20 1398269480450 1398269455198 1398269455208 1398269480736 0.32300E+03
324 30 50 50.20 1398269480958 1398269455456 1398269455467 1398269480995 0.32400E+03
325 30 50 50.50 1398269481458 1398269456392 1398269456403 1398269481932 0.32500E+03
326 30 50 50.40 1398269481952 1398269457119 1398269457130 1398269482659 0.32600E+03
328 30 50 50.40 1398269482960 1398269457457 1398269457468 1398269482996 0.32800E+03
329 30 50 50.20 1398269483460 1398269458116 1398269458127 1398269483655 0.32900E+03
330 30 50 50.20 1398269483957 1398269458453 1398269458463 1398269483992 0.33000E+03
331 30 50 50.50 1398269484455 1398269459037 1398269459047 1398269484576 0.33100E+03
332 30 50 50.40 1398269484981 1398269459500 1398269459511 1398269485039 0.33200E+03
333 30 50 50.50 1398269485463 1398269460075 1398269460087 1398269485615 0.33300E+03
334 30 50 50.70 1398269485958 1398269460606 1398269460617 1398269486146 0.33400E+03
335 30 50 50.30 1398269486448 1398269461054 1398269461065 1398269486593 0.33500E+03
336 30 50 50.50 1398269486956 1398269461451 1398269461462 1398269486990 0.33600E+03
337 30 50 50.70 1398269487453 1398269462519 1398269462530 1398269488058 0.33700E+03
339 30 50 50.50 1398269488460 1398269463007 1398269463018 1398269488546 0.33900E+03
340 30 50 50.80 1398269488949 1398269463610 1398269463620 1398269489149 0.34000E+03
341 30 50 50.70 1398269489450 1398269463998 1398269464008 1398269489536 0.34100E+03
342 30 50 50.70 1398269489959 1398269464747 1398269464757 1398269490285 0.34200E+03
343 30 50 50.20 1398269490467 1398269464965 1398269464977 1398269490505 0.34300E+03
344 30 50 50.80 1398269490949 1398269465445 1398269465456 1398269490984 0.34400E+03
345 30 50 50.80 1398269491467 1398269466392 1398269466403 1398269491932 0.34500E+03
346 30 50 50.80 1398269491952 1398269466674 1398269466686 1398269492214 0.34600E+03
347 30 50 50.80 1398269492455 1398269466953 1398269466963 1398269492490 0.34700E+03
348 30 50 50.80 1398269492953 1398269467769 1398269467780 1398269493308 0.34800E+03
349 30 50 50.80 1398269493449 1398269467948 1398269467958 1398269493488 0.34900E+03
350 30 50 50.80 1398269493951 1398269468638 1398269468650 1398269494178 0.35000E+03
351 30 50 50.90 1398269494460 1398269469167 1398269469178 1398269494706 0.35100E+03
352 30 50 50.80 1398269494948 1398269469450 1398269469461 1398269494989 0.35200E+03
353 30 50 50.50 1398269495452 1398269470206 1398269470217 1398269495745 0.35300E+03
354 30 50 50.90 1398269495967 1398269470469 1398269470481 1398269496009 0.35400E+03
355 30 50 51.00 1398269496453 1398269471041 1398269471051 1398269496579 0.35500E+03
356 30 50 50.80 1398269496962 1398269471459 1398269471470 1398269496998 0.35600E+03
357 30 50 50.90 1398269497461 1398269472011 1398269472023 1398269497551 0.35700E+03
358 30 50 50.80 1398269497953 1398269472450 1398269472461 1398269497990 0.35800E+03
359 30 50 51.00 1398269498453 1398269472993 1398269473004 1398269498532 0.35900E+03
360 30 50 50.70 1398269498955 1398269473451 1398269473461 1398269498989 0.36000E+03
361 30 50 51.00 1398269499452 1398269473964 1398269473975 1398269499504 0.36100E+03
362 30 50 50.80 1398269499967 1398269474464 1398269474474 1398269500003 0.36200E+03
363 30 50 51.00 1398269500467 1398269475273 1398269475284 1398269500812 0.36300E+03
364 30 50 51.10 1398269500954 1398269475450 1398269475462 1398269500990 0.36400E+03
365 30 50 51.00 1398269501454 1398269476511 1398269476522 1398269502051 0.36500E+03
367 30 50 51.10 1398269502453 1398269476950 1398269476960 1398269502488 0.36700E+03
368 30 50 51.10 1398269502951 1398269477627 1398269477638 1398269503166 0.36800E+03
369 30 50 51.10 1398269503448 1398269477998 1398269478009 1398269503537 0.36900E+03
370 30 50 51.10 1398269503960 1398269478688 1398269478700 1398269504228 0.37000E+03
371 30 50 51.00 1398269504450 1398269479249 1398269479260 1398269504788 0.37100E+03
372 30 50 51.00 1398269504950 1398269479448 1398269479458 1398269504985 0.37200E+03
373 30 50 50.80 1398269505448 1398269480439 1398269480451 1398269505979 0.37300E+03
375 30 50 51.10 1398269506461 1398269480958 1398269480969 1398269506497 0.37500E+03
376 30 50 51.00 1398269506960 1398269481897 1398269481908 1398269507436 0.37600E+03
377 30 50 51.00 1398269507457 1398269481953 1398269481964 1398269507492 0.37700E+03
378 30 50 51.00 1398269507955 1398269482668 1398269482679 1398269508207 0.37800E+03
379 30 50 51.20 1398269508448 1398269483207 1398269483217 1398269508745 0.37900E+03
380 30 50 51.20 1398269508967 1398269483466 1398269483477 1398269509004 0.38000E+03
381 30 50 50.80 1398269509467 1398269484179 1398269484190 1398269509718 0.38100E+03
382 30 50 51.10 1398269509960 1398269484458 1398269484470 1398269509998 0.38200E+03
383 30 50 51.20 1398269510461 1398269485335 1398269485346 1398269510874 0.38300E+03
384 30 50 51.40 1398269510955 1398269485454 1398269485465 1398269510994 0.38400E+03
385 30 50 51.50 1398269511456 1398269486509 1398269486520 1398269512048 0.38500E+03
387 30 50 51.50 1398269512451 1398269487046 1398269487057 1398269512586 0.38700E+03
388 30 50 51.50 1398269512948 1398269488393 1398269488404 1398269513933 0.38800E+03
390 30 50 51.20 1398269513954 1398269488452 1398269488463 1398269513991 0.39000E+03
391 30 50 51.50 1398269514454 1398269489111 1398269489122 1398269514650 0.39100E+03
392 30 50 51.20 1398269514952 1398269489462 1398269489473 1398269515001 0.39200E+03
393 30 50 51.50 1398269515464 1398269490317 1398269490328 1398269515857 0.39300E+03
394 30 50 51.50 1398269515958 1398269490454 1398269490465 1398269515993 0.39400E+03
395 30 50 51.50 1398269516456 1398269491110 1398269491121 1398269516648 0.39500E+03
396 30 50 51.50 1398269516950 1398269491447 1398269491459 1398269516987 0.39600E+03
397 30 50 51.60 1398269517450 1398269492188 1398269492198 1398269517725 0.39700E+03
398 30 50 51.50 1398269517967 1398269492671 1398269492683 1398269518211 0.39800E+03
399 30 50 51.60 1398269518452 1398269492967 1398269492978 1398269518506 0.39900E+03
400 30 50 51.70 1398269518949 1398269493528 1398269493539 1398269519067 0.40000E+03
401 30 50 51.20 1398269519449 1398269494177 1398269494188 1398269519716 0.40100E+03
402 30 50 51.70 1398269519958 1398269494640 1398269494652 1398269520180 0.40200E+03
403 30 50 51.70 1398269520461 1398269495011 1398269495022 1398269520550 0.40300E+03
404 30 50 51.70 1398269520952 1398269495449 1398269495459 1398269520988 0.40400E+03
405 30 50 51.70 1398269521451 1398269496394 1398269496405 1398269521933 0.40500E+03
406 30 50 51.70 1398269521953 1398269496449 1398269496459 1398269521988 0.40600E+03
407 30 50 51.50 1398269522450 1398269497165 1398269497176 1398269522704 0.40700E+03
408 30 50 51.40 1398269522966 1398269497462 1398269497474 1398269523003 0.40800E+03
409 30 50 51.40 1398269523466 1398269498235 1398269498246 1398269523774 0.40900E+03
410 30 50 51.40 1398269523955 1398269498453 1398269498463 1398269523991 0.41000E+03
411 30 50 51.60 1398269524454 1398269499221 1398269499231 1398269524759 0.41100E+03
412 30 50 51.80 1398269524964 1398269499460 1398269499472 1398269525000 0.41200E+03
413 30 50 51.70 1398269525462 1398269500440 1398269500450 1398269525979 0.41300E+03
415 30 50 51.80 1398269526462 1398269500958 1398269500970 1398269526498 0.41500E+03
416 30 50 51.60 1398269526962 1398269501578 1398269501589 1398269527117 0.41600E+03
417 30 50 51.70 1398269527459 1398269502018 1398269502029 1398269527557 0.41700E+03
418 30 50 51.80 1398269527960 1398269502544 1398269502554 1398269528082 0.41800E+03
419 30 50 51.60 1398269528465 1398269503011 1398269503021 1398269528549 0.41900E+03
420 30 50 51.80 1398269528952 1398269504029 1398269504040 1398269529567 0.42000E+03
422 30 50 51.90 1398269529949 1398269504447 1398269504457 1398269529986 0.42200E+03
423 30 50 51.70 1398269530448 1398269505279 1398269505290 1398269530817 0.42300E+03
424 30 50 51.90 1398269530958 1398269505471 1398269505482 1398269531010 0.42400E+03
425 30 50 51.90 1398269531452 1398269505997 1398269506008 1398269531536 0.42500E+03
426 50 50 51.90 1398269531958 1398269506490 1398269506500 1398269532028 0.42600E+03
427 50 50 51.90 1398269532451 1398269506950 1398269506961 1398269532489 0.42700E+03
428 50 50 52.20 1398269532951 1398269507809 1398269507820 1398269533347 0.42800E+03
429 50 50 51.90 1398269533449 1398269508187 1398269508198 1398269533726 0.42900E+03
430 50 50 52.10 1398269533948 1398269508446 1398269508456 1398269533985 0.43000E+03
431 50 50 52.20 1398269534467 1398269509200 1398269509211 1398269534739 0.43100E+03
432 50 50 52.10 1398269534960 1398269509458 1398269509468 1398269534996 0.43200E+03
433 50 50 51.90 1398269535458 1398269510282 1398269510294 1398269535821 0.43300E+03
434 50 50 51.90 1398269535962 1398269510461 1398269510471 1398269536000 0.43400E+03
435 50 50 52.30 1398269536462 1398269511340 1398269511350 1398269536879 0.43500E+03
436 50 50 52.20 1398269536960 1398269511780 1398269511791 1398269537319 0.43600E+03
437 50 50 52.20 1398269537460 1398269512011 1398269512023 1398269537551 0.43700E+03
438 50 50 52.40 1398269537953 1398269512619 1398269512630 1398269538157 0.43800E+03
439 50 50 52.40 1398269538458 1398269512957 1398269512968 1398269538496 0.43900E+03
440 50 50 52.50 1398269538958 1398269513675 1398269513686 1398269539213 0.44000E+03
441 50 50 52.40 1398269539454 1398269514240 1398269514251 1398269539778 0.44100E+03
442 50 50 52.50 1398269539959 1398269514457 1398269514467 1398269539995 0.44200E+03
443 50 50 52.80 1398269540458 1398269515254 1398269515265 1398269540792 0.44300E+03
444 50 50 52.60 1398269540954 1398269515640 1398269515651 1398269541179 0.44400E+03
445 50 50 52.90 1398269541461 1398269515961 1398269515972 1398269541500 0.44500E+03
446 50 50 52.80 1398269541963 1398269516462 1398269516474 1398269542001 0.44600E+03
447 50 50 53.00 1398269542465 1398269517475 1398269517486 1398269543014 0.44700E+03
449 50 50 53.20 1398269543458 1398269518524 1398269518535 1398269544063 0.44900E+03
451 50 50 53.20 1398269544465 1398269519012 1398269519023 1398269544551 0.45100E+03
452 50 50 53.40 1398269544953 1398269519451 1398269519463 1398269544990 0.45200E+03
453 50 50 53.60 1398269545453 1398269520496 1398269520507 1398269546036 0.45300E+03
455 50 50 53.60 1398269546459 1398269521642 1398269521652 1398269547180 0.45500E+03
457 50 50 53.90 1398269547462 1398269521961 1398269521971 1398269547499 0.45700E+03
458 50 50 53.30 1398269547961 1398269522521 1398269522532 1398269548059 0.45800E+03
459 50 50 54.10 1398269548462 1398269523268 1398269523279 1398269548806 0.45900E+03
460 50 50 54.30 1398269548967 1398269523698 1398269523709 1398269549236 0.46000E+03
461 50 50 54.30 1398269549457 1398269523958 1398269523968 1398269549496 0.46100E+03
462 50 50 54.10 1398269549958 1398269524701 1398269524711 1398269550238 0.46200E+03
463 50 50 54.50 1398269550460 1398269525012 1398269525023 1398269550550 0.46300E+03
464 50 50 54.50 1398269550952 1398269525450 1398269525461 1398269550989 0.46400E+03
465 50 50 54.50 1398269551452 1398269526418 1398269526429 1398269551957 0.46500E+03
467 50 50 54.70 1398269552461 1398269527007 1398269527017 1398269552544 0.46700E+03
468 50 50 55.00 1398269552946 1398269527563 1398269527574 1398269553101 0.46800E+03
469 50 50 54.80 1398269553463 1398269528176 1398269528187 1398269553715 0.46900E+03
470 50 50 55.00 1398269553956 1398269528791 1398269528802 1398269554329 0.47000E+03
471 50 50 55.10 1398269554450 1398269528949 1398269528960 1398269554487 0.47100E+03
472 50 50 55.30 1398269554950 1398269529902 1398269529912 1398269555441 0.47200E+03
473 50 50 55.30 1398269555461 1398269530020 1398269530031 1398269555558 0.47300E+03
474 50 50 55.40 1398269555961 1398269530499 1398269530511 1398269556038 0.47400E+03
475 50 50 55.30 1398269556461 1398269530960 1398269530971 1398269556499 0.47500E+03
476 50 50 55.30 1398269556962 1398269531461 1398269531472 1398269557000 0.47600E+03
477 50 50 55.80 1398269557463 1398269532176 1398269532188 1398269557715 0.47700E+03
478 50 50 55.70 1398269557957 1398269532456 1398269532467 1398269557994 0.47800E+03
479 50 50 55.70 1398269558457 1398269533310 1398269533321 1398269558848 0.47900E+03
480 50 50 56.10 1398269558949 1398269533463 1398269533474 1398269559001 0.48000E+03
481 50 50 56.10 1398269559464 1398269534364 1398269534375 1398269559903 0.48100E+03
482 50 50 56.20 1398269559964 1398269534699 1398269534710 1398269560237 0.48200E+03
483 50 50 56.40 1398269560458 1398269535008 1398269535019 1398269560545 0.48300E+03
484 50 50 56.40 1398269560948 1398269535582 1398269535593 1398269561120 0.48400E+03
485 50 50 56.20 1398269561463 1398269536014 1398269536025 1398269561552 0.48500E+03
486 50 50 56.80 1398269561955 1398269537286 1398269537296 1398269562824 0.48600E+03
488 50 50 56.80 1398269562965 1398269537464 1398269537475 1398269563002 0.48800E+03
489 50 50 57.10 1398269563464 1398269537965 1398269537975 1398269563503 0.48900E+03
490 50 50 56.90 1398269563965 1398269539198 1398269539209 1398269564736 0.49000E+03
492 50 50 57.20 1398269564958 1398269539463 1398269539474 1398269565002 0.49200E+03
493 50 50 57.40 1398269565465 1398269540186 1398269540196 1398269565724 0.49300E+03
494 50 50 57.40 1398269565966 1398269540462 1398269540472 1398269566000 0.49400E+03
495 50 50 57.60 1398269566463 1398269541362 1398269541373 1398269566899 0.49500E+03
496 50 50 57.60 1398269566960 1398269541476 1398269541487 1398269567014 0.49600E+03
497 50 50 57.80 1398269567456 1398269542246 1398269542258 1398269567785 0.49700E+03
498 50 50 57.60 1398269567966 1398269542467 1398269542478 1398269568005 0.49800E+03
499 50 50 57.90 1398269568448 1398269543014 1398269543025 1398269568552 0.49900E+03
500 50 50 58.00 1398269568954 1398269543840 1398269543850 1398269569378 0.50000E+03
501 50 50 57.90 1398269569459 1398269544010 1398269544020 1398269569548 0.50100E+03
502 50 50 58.00 1398269569950 1398269544573 1398269544584 1398269570111 0.50200E+03
503 50 50 58.20 1398269570453 1398269545092 1398269545103 1398269570630 0.50300E+03
504 50 50 58.30 1398269570952 1398269545451 1398269545462 1398269570990 0.50400E+03
505 50 50 58.30 1398269571453 1398269546173 1398269546183 1398269571711 0.50500E+03
506 50 50 58.30 1398269571952 1398269546448 1398269546458 1398269571986 0.50600E+03
507 50 50 58.40 1398269572448 1398269547048 1398269547059 1398269572586 0.50700E+03
508 50 50 58.40 1398269572948 1398269547738 1398269547749 1398269573276 0.50800E+03
509 50 50 58.40 1398269573458 1398269547960 1398269547971 1398269573499 0.50900E+03
510 50 50 58.70 1398269573962 1398269548689 1398269548699 1398269574227 0.51000E+03
511 50 50 58.70 1398269574448 1398269548946 1398269548957 1398269574485 0.51100E+03
512 50 50 58.90 1398269574948 1398269549648 1398269549658 1398269575185 0.51200E+03
513 50 50 58.90 1398269575467 1398269550134 1398269550144 1398269575671 0.51300E+03
514 50 50 58.90 1398269575953 1398269550478 1398269550488 1398269576015 0.51400E+03
515 50 50 58.90 1398269576457 1398269551006 1398269551016 1398269576543 0.51500E+03
516 50 50 59.30 1398269576966 1398269551511 1398269551522 1398269577050 0.51600E+03
517 50 50 59.00 1398269577452 1398269552003 1398269552014 1398269577541 0.51700E+03
518 50 50 59.30 1398269577963 1398269552521 1398269552532 1398269578059 0.51800E+03
519 50 50 59.40 1398269578462 1398269553190 1398269553200 1398269578727 0.51900E+03
520 50 50 59.40 1398269578949 1398269553460 1398269553470 1398269578997 0.52000E+03
521 50 50 59.60 1398269579460 1398269553971 1398269553982 1398269579509 0.52100E+03
522 50 50 59.50 1398269579951 1398269554689 1398269554700 1398269580227 0.52200E+03
523 50 50 59.70 1398269580448 1398269554944 1398269554955 1398269580482 0.52300E+03
524 50 50 59.80 1398269580965 1398269555523 1398269555535 1398269581062 0.52400E+03
525 50 50 59.80 1398269581464 1398269556044 1398269556055 1398269581582 0.52500E+03
526 50 50 59.80 1398269581964 1398269556504 1398269556514 1398269582040 0.52600E+03
527 50 50 59.80 1398269582463 1398269557012 1398269557023 1398269582551 0.52700E+03
528 50 50 60.00 1398269582953 1398269557665 1398269557676 1398269583203 0.52800E+03
529 50 50 60.10 1398269583464 1398269558012 1398269558024 1398269583551 0.52900E+03
530 50 50 60.20 1398269583953 1398269558699 1398269558711 1398269584238 0.53000E+03
531 50 50 60.30 1398269584459 1398269559012 1398269559023 1398269584550 0.53100E+03
532 50 50 60.20 1398269584952 1398269559550 1398269559562 1398269585088 0.53200E+03
533 50 50 60.30 1398269585450 1398269560198 1398269560208 1398269585735 0.53300E+03
534 50 50 60.20 1398269585956 1398269560514 1398269560524 1398269586051 0.53400E+03
535 50 50 60.70 1398269586453 1398269561167 1398269561178 1398269586705 0.53500E+03
536 50 50 60.70 1398269586967 1398269561464 1398269561474 1398269587002 0.53600E+03
537 50 50 60.50 1398269587464 1398269562133 1398269562144 1398269587671 0.53700E+03
538 50 50 60.70 1398269587953 1398269562537 1398269562547 1398269588074 0.53800E+03
539 50 50 60.50 1398269588456 1398269562968 1398269562979 1398269588507 0.53900E+03
540 50 50 60.70 1398269588949 1398269563547 1398269563558 1398269589085 0.54000E+03
541 50 50 60.90 1398269589467 1398269564645 1398269564656 1398269590183 0.54100E+03
543 50 50 60.90 1398269590465 1398269564965 1398269564976 1398269590504 0.54300E+03
544 50 50 60.90 1398269590947 1398269565445 1398269565455 1398269590982 0.54400E+03
545 50 50 60.90 1398269591464 1398269566267 1398269566278 1398269591805 0.54500E+03
546 50 50 61.00 1398269591966 1398269566465 1398269566475 1398269592002 0.54600E+03
547 50 50 61.00 1398269592465 1398269567569 1398269567579 1398269593105 0.54700E+03
549 50 50 61.20 1398269593447 1398269567946 1398269567957 1398269593523 0.54900E+03
550 50 50 61.20 1398269593966 1398269568768 1398269568779 1398269594305 0.55000E+03
551 50 50 60.90 1398269594467 1398269569194 1398269569204 1398269594731 0.55100E+03
552 50 50 61.20 1398269594952 1398269569452 1398269569462 1398269594989 0.55200E+03
553 50 50 61.40 1398269595452 1398269570384 1398269570395 1398269595921 0.55300E+03
554 50 50 61.40 1398269595962 1398269570457 1398269570468 1398269595995 0.55400E+03
555 50 50 61.60 1398269596457 1398269571608 1398269571618 1398269597145 0.55500E+03
557 50 50 61.70 1398269597467 1398269571965 1398269571976 1398269597503 0.55700E+03
558 50 50 61.70 1398269597966 1398269572895 1398269572906 1398269598433 0.55800E+03
559 50 50 61.80 1398269598453 1398269573900 1398269573912 1398269599439 0.55900E+03
561 50 50 61.80 1398269599460 1398269574005 1398269574016 1398269599542 0.56100E+03
562 50 50 61.80 1398269599964 1398269574895 1398269574905 1398269600431 0.56200E+03
563 50 50 61.80 1398269600452 1398269575005 1398269575016 1398269600542 0.56300E+03
564 50 50 62.10 1398269600964 1398269575628 1398269575638 1398269601165 0.56400E+03
565 50 50 62.10 1398269601466 1398269576323 1398269576335 1398269601862 0.56500E+03
566 50 50 62.10 1398269601963 1398269576462 1398269576472 1398269602000 0.56600E+03
567 50 50 62.30 1398269602462 1398269577273 1398269577284 1398269602811 0.56700E+03
568 50 50 62.30 1398269602952 1398269577448 1398269577458 1398269602985 0.56800E+03
569 50 50 62.20 1398269603448 1398269578372 1398269578382 1398269603910 0.56900E+03
570 50 50 62.30 1398269603950 1398269578511 1398269578522 1398269604049 0.57000E+03
571 50 50 62.40 1398269604451 1398269578957 1398269578968 1398269604494 0.57100E+03
572 50 50 62.30 1398269604958 1398269579597 1398269579607 1398269605134 0.57200E+03
573 50 50 62.50 1398269605455 1398269579953 1398269579963 1398269605490 0.57300E+03
574 50 50 62.40 1398269605952 1398269580646 1398269580658 1398269606185 0.57400E+03
575 50 50 62.40 1398269606466 1398269580964 1398269580975 1398269606502 0.57500E+03
576 50 50 62.60 1398269606965 1398269581647 1398269581657 1398269607184 0.57600E+03
577 50 50 62.60 1398269607466 1398269582013 1398269582024 1398269607551 0.57700E+03
578 50 50 62.50 1398269607953 1398269582530 1398269582542 1398269608069 0.57800E+03
579 50 50 62.80 1398269608451 1398269583004 1398269583015 1398269608542 0.57900E+03
580 50 50 62.90 1398269608965 1398269583712 1398269583722 1398269609249 0.58000E+03
581 50 50 62.80 1398269609450 1398269584269 1398269584280 1398269609807 0.58100E+03
582 50 50 62.60 1398269609948 1398269584445 1398269584456 1398269609984 0.58200E+03
583 50 50 63.00 1398269610446 1398269585241 1398269585251 1398269610778 0.58300E+03
584 50 50 63.00 1398269610960 1398269585459 1398269585470 1398269610997 0.58400E+03
585 50 50 63.10 1398269611460 1398269586218 1398269586229 1398269611755 0.58500E+03
586 50 50 62.80 1398269611957 1398269586454 1398269586464 1398269611991 0.58600E+03
587 50 50 63.10 1398269612454 1398269587080 1398269587091 1398269612618 0.58700E+03
588 50 50 63.20 1398269612960 1398269587460 1398269587471 1398269612998 0.58800E+03
589 50 50 63.00 1398269613461 1398269588177 1398269588188 1398269613715 0.58900E+03
590 50 50 63.10 1398269613956 1398269588826 1398269588838 1398269614365 0.59000E+03
591 50 50 63.20 1398269614465 1398269588964 1398269588976 1398269614503 0.59100E+03
592 50 50 63.10 1398269614966 1398269589699 1398269589709 1398269615236 0.59200E+03
593 50 50 63.10 1398269615457 1398269590092 1398269590103 1398269615630 0.59300E+03
594 50 50 63.30 1398269615952 1398269590506 1398269590516 1398269616043 0.59400E+03
595 50 50 63.20 1398269616465 1398269591176 1398269591187 1398269616714 0.59500E+03
596 50 50 63.20 1398269616955 1398269591454 1398269591465 1398269616992 0.59600E+03
597 50 50 63.40 1398269617455 1398269592646 1398269592658 1398269618184 0.59700E+03
599 50 50 63.40 1398269618466 1398269592965 1398269592975 1398269618501 0.59900E+03
600 50 50 63.30 1398269618964 1398269593671 1398269593683 1398269619210 0.60000E+03
601 50 50 63.60 1398269619451 1398269594083 1398269594094 1398269619621 0.60100E+03
602 50 50 63.70 1398269619962 1398269594816 1398269594827 1398269620353 0.60200E+03
603 50 50 63.40 1398269620454 1398269595676 1398269595688 1398269621214 0.60300E+03
605 50 50 63.40 1398269621456 1398269595957 1398269595968 1398269621494 0.60500E+03
606 50 50 63.70 1398269621957 1398269596457 1398269596467 1398269621994 0.60600E+03
607 50 50 63.80 1398269622456 1398269597094 1398269597105 1398269622631 0.60700E+03
608 50 50 63.70 1398269622954 1398269597499 1398269597510 1398269623036 0.60800E+03
609 50 50 63.90 1398269623459 1398269598567 1398269598578 1398269624106 0.60900E+03
611 50 50 63.90 1398269624447 1398269598945 1398269598956 1398269624524 0.61100E+03
612 50 50 63.70 1398269624946 1398269599715 1398269599725 1398269625252 0.61200E+03
613 50 50 64.00 1398269625453 1398269600113 1398269600124 1398269625651 0.61300E+03
614 50 50 63.90 1398269625952 1398269600449 1398269600460 1398269625986 0.61400E+03
615 50 50 64.00 1398269626449 1398269601208 1398269601220 1398269626746 0.61500E+03
616 50 50 64.10 1398269626948 1398269601450 1398269601461 1398269626988 0.61600E+03
617 50 50 64.30 1398269627451 1398269602447 1398269602458 1398269627985 0.61700E+03
619 50 50 64.10 1398269628448 1398269602946 1398269602958 1398269628485 0.61900E+03
620 50 50 64.40 1398269628948 1398269604198 1398269604208 1398269629735 0.62000E+03
622 50 50 64.40 1398269629956 1398269604455 1398269604466 1398269629993 0.62200E+03
623 50 50 64.30 1398269630455 1398269604957 1398269604967 1398269630494 0.62300E+03
624 50 50 64.30 1398269630957 1398269605773 1398269605783 1398269631310 0.62400E+03
625 50 50 64.30 1398269631451 1398269606058 1398269606069 1398269631596 0.62500E+03
626 50 50 64.60 1398269631958 1398269607504 1398269607514 1398269633041 0.62600E+03
629 50 50 64.40 1398269633463 1398269608080 1398269608091 1398269633618 0.62900E+03
630 50 50 64.50 1398269633960 1398269608769 1398269608779 1398269634305 0.63000E+03
631 50 50 64.50 1398269634446 1398269609085 1398269609096 1398269634622 0.63100E+03
632 50 50 64.70 1398269634964 1398269609463 1398269609474 1398269635000 0.63200E+03
633 50 50 64.60 1398269635462 1398269610280 1398269610291 1398269635817 0.63300E+03
634 50 50 64.60 1398269635958 1398269610465 1398269610476 1398269636002 0.63400E+03
635 50 50 64.70 1398269636465 1398269610981 1398269610992 1398269636519 0.63500E+03
636 50 50 64.70 1398269636961 1398269611571 1398269611581 1398269637108 0.63600E+03
637 50 50 64.70 1398269637450 1398269612204 1398269612215 1398269637741 0.63700E+03
638 50 50 64.80 1398269637962 1398269612537 1398269612549 1398269638075 0.63800E+03
639 50 50 65.00 1398269638457 1398269613281 1398269613292 1398269638818 0.63900E+03
640 50 50 65.00 1398269638959 1398269613490 1398269613502 1398269639028 0.64000E+03
641 50 50 65.10 1398269639450 1398269614190 1398269614200 1398269639726 0.64100E+03
642 50 50 65.10 1398269639947 1398269617156 1398269617166 1398269648080 0.64200E+03
659 50 50 65.40 1398269648462 1398269623689 1398269623700 1398269649399 0.65900E+03
661 50 50 65.70 1398269649460 1398269624118 1398269624129 1398269649656 0.66100E+03
662 50 50 65.50 1398269649957 1398269624605 1398269624615 1398269650141 0.66200E+03
663 50 50 65.70 1398269650463 1398269624964 1398269624974 1398269650500 0.66300E+03
664 50 50 65.80 1398269650964 1398269625698 1398269625708 1398269651234 0.66400E+03
665 50 50 65.80 1398269651456 1398269625958 1398269625969 1398269651496 0.66500E+03
666 50 50 66.10 1398269651959 1398269631787 1398269631798 1398269657324 0.66600E+03
677 50 50 66.10 1398269657464 1398269631963 1398269631973 1398269657500 0.67700E+03
678 50 50 66.10 1398269657963 1398269632843 1398269632853 1398269658379 0.67800E+03
679 50 50 66.10 1398269658461 1398269632974 1398269632984 1398269658511 0.67900E+03
680 50 50 66.10 1398269658953 1398269633657 1398269633667 1398269659193 0.68000E+03
681 50 50 66.10 1398269659454 1398269633953 1398269633963 1398269659489 0.68100E+03
682 50 50 66.10 1398269659979 1398269634721 1398269634732 1398269660258 0.68200E+03
683 50 50 66.20 1398269660459 1398269635121 1398269635132 1398269660659 0.68300E+03
684 50 50 66.20 1398269660960 1398269635462 1398269635473 1398269660999 0.68400E+03
685 50 50 66.40 1398269661462 1398269636545 1398269636555 1398269662081 0.68500E+03
687 50 50 66.40 1398269662464 1398269637125 1398269637136 1398269662663 0.68700E+03
688 50 50 66.20 1398269662964 1398269637581 1398269637592 1398269663118 0.68800E+03
689 50 50 66.40 1398269663460 1398269638074 1398269638085 1398269663612 0.68900E+03
690 50 50 66.40 1398269663954 1398269638972 1398269638982 1398269668075 0.69000E+03
699 50 50 66.60 1398269668457 1398269643123 1398269643134 1398269668660 0.69900E+03
700 50 50 66.60 1398269668962 1398269643618 1398269643630 1398269669156 0.70000E+03
701 50 50 66.60 1398269669458 1398269644205 1398269644215 1398269669742 0.70100E+03
702 50 50 66.70 1398269669963 1398269644623 1398269644633 1398269670159 0.70200E+03
703 50 50 66.70 1398269670461 1398269644961 1398269644972 1398269670498 0.70300E+03
704 50 50 66.60 1398269670961 1398269645525 1398269645535 1398269671088 0.70400E+03
705 50 50 66.70 1398269671451 1398269645950 1398269645962 1398269671488 0.70500E+03
706 50 50 66.50 1398269671951 1398269646545 1398269646556 1398269672082 0.70600E+03
707 50 50 66.80 1398269672465 1398269646963 1398269646975 1398269672501 0.70700E+03
708 50 50 66.90 1398269672964 1398269647617 1398269647627 1398269673153 0.70800E+03
709 50 50 66.90 1398269673454 1398269647952 1398269647962 1398269673488 0.70900E+03
710 50 50 66.90 1398269673950 1398269648759 1398269648770 1398269674296 0.71000E+03
711 50 50 66.80 1398269674457 1398269648961 1398269648971 1398269674497 0.71100E+03
712 50 50 66.70 1398269674960 1398269649662 1398269649674 1398269675200 0.71200E+03
713 50 50 67.10 1398269675462 1398269649989 1398269650000 1398269675525 0.71300E+03
714 50 50 66.80 1398269675948 1398269650445 1398269650455 1398269675981 0.71400E+03
715 50 50 67.10 1398269676466 1398269651158 1398269651168 1398269676694 0.71500E+03
716 50 50 67.10 1398269676956 1398269651501 1398269651512 1398269677038 0.71600E+03
717 50 50 67.10 1398269677460 1398269652349 1398269652360 1398269677886 0.71700E+03
718 50 50 67.10 1398269677946 1398269652444 1398269652455 1398269677981 0.71800E+03
719 50 50 66.90 1398269678463 1398269653489 1398269653499 1398269679025 0.71900E+03
721 50 50 67.10 1398269679467 1398269653965 1398269653976 1398269679502 0.72100E+03
722 50 50 67.30 1398269679964 1398269654671 1398269654682 1398269680208 0.72200E+03
723 50 50 67.30 1398269680471 1398269654969 1398269654980 1398269680506 0.72300E+03
724 50 50 67.40 1398269680949 1398269655495 1398269655507 1398269681032 0.72400E+03
725 50 50 67.40 1398269681455 1398269656211 1398269656222 1398269681748 0.72500E+03
726 50 50 67.20 1398269681950 1398269656448 1398269656459 1398269681985 0.72600E+03
727 50 50 67.30 1398269682447 1398269657247 1398269657258 1398269682784 0.72700E+03
728 50 50 67.30 1398269682966 1398269657465 1398269657476 1398269683002 0.72800E+03
729 50 50 67.20 1398269683464 1398269658011 1398269658023 1398269683549 0.72900E+03
730 50 50 67.50 1398269683951 1398269658459 1398269658470 1398269683996 0.73000E+03
731 50 50 67.20 1398269684459 1398269659384 1398269659395 1398269684922 0.73100E+03
732 50 50 67.20 1398269684963 1398269659460 1398269659472 1398269684998 0.73200E+03
733 50 50 67.40 1398269685460 1398269660564 1398269660574 1398269686100 0.73300E+03
735 50 50 67.40 1398269686463 1398269660964 1398269660976 1398269686502 0.73500E+03
736 50 50 67.50 1398269686964 1398269662013 1398269662024 1398269687550 0.73600E+03
738 50 50 67.40 1398269687952 1398269662500 1398269662511 1398269688037 0.73800E+03
739 50 50 67.50 1398269688459 1398269663122 1398269663133 1398269688659 0.73900E+03
740 50 50 67.50 1398269688960 1398269663500 1398269663512 1398269689038 0.74000E+03
741 50 50 67.50 1398269689460 1398269663959 1398269663969 1398269689495 0.74100E+03
742 50 50 67.30 1398269689958 1398269664697 1398269664708 1398269690234 0.74200E+03
743 50 50 67.50 1398269690456 1398269664954 1398269664965 1398269690491 0.74300E+03
744 50 50 67.50 1398269690954 1398269665453 1398269665463 1398269690989 0.74400E+03
745 50 50 67.20 1398269691452 1398269666500 1398269666512 1398269692037 0.74500E+03
747 50 50 67.60 1398269692459 1398269666957 1398269666967 1398269692494 0.74700E+03
748 50 50 67.80 1398269692956 1398269667788 1398269667799 1398269693325 0.74800E+03
749 50 50 67.80 1398269693465 1398269668023 1398269668034 1398269693560 0.74900E+03
750 50 50 67.80 1398269693963 1398269668512 1398269668522 1398269694048 0.75000E+03
751 50 50 67.60 1398269694450 1398269669201 1398269669212 1398269694737 0.75100E+03
752 50 50 67.80 1398269694959 1398269669459 1398269669471 1398269694996 0.75200E+03
753 50 50 67.90 1398269695459 1398269670398 1398269670409 1398269695935 0.75300E+03
754 50 50 67.90 1398269695955 1398269670453 1398269670464 1398269695990 0.75400E+03
755 50 50 67.40 1398269696452 1398269671830 1398269671841 1398269697367 0.75500E+03
757 50 50 67.40 1398269697448 1398269671944 1398269671956 1398269697481 0.75700E+03
758 50 50 67.80 1398269697964 1398269672726 1398269672736 1398269698262 0.75800E+03
759 50 50 67.90 1398269698463 1398269673173 1398269673184 1398269698710 0.75900E+03
760 50 50 68.00 1398269698951 1398269673632 1398269673643 1398269699168 0.76000E+03
761 50 50 68.00 1398269699450 1398269674232 1398269674242 1398269699767 0.76100E+03
762 50 50 68.00 1398269699949 1398269674449 1398269674460 1398269699985 0.76200E+03
763 50 50 67.60 1398269700448 1398269675339 1398269675350 1398269700875 0.76300E+03
764 50 50 67.80 1398269700956 1398269675454 1398269675464 1398269700990 0.76400E+03
765 50 50 67.90 1398269701453 1398269675988 1398269675999 1398269701525 0.76500E+03
766 50 50 67.90 1398269701947 1398269676472 1398269676483 1398269702008 0.76600E+03
767 50 50 68.00 1398269702451 1398269676982 1398269676992 1398269702518 0.76700E+03
768 50 50 68.10 1398269702960 1398269677655 1398269677666 1398269703192 0.76800E+03
769 50 50 68.10 1398269703453 1398269678134 1398269678146 1398269703671 0.76900E+03
770 50 50 67.90 1398269703953 1398269678450 1398269678460 1398269703986 0.77000E+03
771 50 50 68.00 1398269704449 1398269679172 1398269679183 1398269704709 0.77100E+03
772 50 50 68.10 1398269704950 1398269679564 1398269679575 1398269705100 0.77200E+03
773 50 50 68.10 1398269705463 1398269679961 1398269679971 1398269705497 0.77300E+03
774 50 50 68.20 1398269705959 1398269680592 1398269680604 1398269706129 0.77400E+03
775 50 50 68.30 1398269706451 1398269681088 1398269681099 1398269706625 0.77500E+03
776 50 50 68.10 1398269706946 1398269681703 1398269681714 1398269707239 0.77600E+03
777 50 50 68.20 1398269707460 1398269681987 1398269681998 1398269707523 0.77700E+03
778 50 50 68.10 1398269707966 1398269682691 1398269682702 1398269708228 0.77800E+03
779 50 50 68.20 1398269708449 1398269682948 1398269682959 1398269708485 0.77900E+03
780 50 50 68.30 1398269708967 1398269683646 1398269683657 1398269709182 0.78000E+03
781 50 50 68.20 1398269709464 1398269683962 1398269683974 1398269709499 0.78100E+03
782 50 50 68.30 1398269709962 1398269684720 1398269684730 1398269710256 0.78200E+03
783 50 50 68.30 1398269710457 1398269684965 1398269684976 1398269710502 0.78300E+03
784 50 50 68.30 1398269710965 1398269685585 1398269685595 1398269711120 0.78400E+03
785 50 50 68.00 1398269711462 1398269685961 1398269685972 1398269711498 0.78500E+03
786 50 50 68.30 1398269711960 1398269686461 1398269686472 1398269711997 0.78600E+03
787 50 50 68.50 1398269712460 1398269687520 1398269687531 1398269713056 0.78700E+03
789 50 50 68.60 1398269713458 1398269688392 1398269688402 1398269713928 0.78900E+03
790 50 50 68.60 1398269713948 1398269688448 1398269688458 1398269713984 0.79000E+03
791 50 50 68.50 1398269714467 1398269688982 1398269688993 1398269714518 0.79100E+03
792 50 50 68.20 1398269714960 1398269689763 1398269689774 1398269715300 0.79200E+03
793 50 50 68.20 1398269715461 1398269689968 1398269689979 1398269715506 0.79300E+03
794 50 50 68.50 1398269715948 1398269690613 1398269690624 1398269716149 0.79400E+03
795 50 50 68.70 1398269716481 1398269691388 1398269691399 1398269716925 0.79500E+03
796 50 50 68.70 1398269716965 1398269691472 1398269691483 1398269717009 0.79600E+03
797 50 50 68.70 1398269717451 1398269692616 1398269692626 1398269718151 0.79700E+03
799 50 50 68.70 1398269718453 1398269692956 1398269692966 1398269718491 0.79900E+03
800 50 50 68.70 1398269718954 1398269693754 1398269693765 1398269719290 0.80000E+03
801 50 50 68.30 1398269719451 1398269693953 1398269693963 1398269719489 0.80100E+03
802 50 50 68.80 1398269719952 1398269694698 1398269694708 1398269720234 0.80200E+03
803 50 50 68.60 1398269720455 1398269695400 1398269695410 1398269720936 0.80300E+03
804 50 50 68.60 1398269720956 1398269695454 1398269695466 1398269720992 0.80400E+03
805 50 50 68.80 1398269721455 1398269696439 1398269696450 1398269721976 0.80500E+03
807 50 50 68.50 1398269722459 1398269696959 1398269696971 1398269722496 0.80700E+03
808 50 50 68.70 1398269722958 1398269697700 1398269697710 1398269723237 0.80800E+03
809 50 50 68.80 1398269723458 1398269697961 1398269697972 1398269723498 0.80900E+03
810 50 50 68.70 1398269723960 1398269698655 1398269698666 1398269724191 0.81000E+03
811 50 50 68.70 1398269724453 1398269698959 1398269698970 1398269724495 0.81100E+03
812 50 50 68.90 1398269724958 1398269699655 1398269699667 1398269725193 0.81200E+03
813 50 50 68.80 1398269725454 1398269700084 1398269700095 1398269725621 0.81300E+03
814 50 50 68.70 1398269725963 1398269700697 1398269700708 1398269726233 0.81400E+03
815 50 50 68.90 1398269726454 1398269700953 1398269700963 1398269726488 0.81500E+03
816 50 50 68.90 1398269726951 1398269701655 1398269701666 1398269727191 0.81600E+03
817 50 50 68.90 1398269727453 1398269701964 1398269701975 1398269727501 0.81700E+03
818 50 50 68.90 1398269727964 1398269702540 1398269702551 1398269728076 0.81800E+03
819 50 50 68.90 1398269728458 1398269703039 1398269703049 1398269728574 0.81900E+03
820 50 50 68.90 1398269728957 1398269703547 1398269703558 1398269729083 0.82000E+03
821 50 50 69.00 1398269729465 1398269704039 1398269704050 1398269729575 0.82100E+03
822 50 50 69.00 1398269729957 1398269704511 1398269704522 1398269730047 0.82200E+03
823 50 50 69.00 1398269730450 1398269705135 1398269705146 1398269730672 0.82300E+03
824 50 50 69.00 1398269730953 1398269705452 1398269705463 1398269730989 0.82400E+03
825 50 50 69.00 1398269731451 1398269706397 1398269706408 1398269731934 0.82500E+03
826 50 50 69.00 1398269731954 1398269706451 1398269706462 1398269731988 0.82600E+03
827 50 50 69.00 1398269732450 1398269707522 1398269707533 1398269733058 0.82700E+03
829 50 50 69.10 1398269733461 1398269708158 1398269708168 1398269733693 0.82900E+03
830 50 50 69.10 1398269733955 1398269708625 1398269708635 1398269734160 0.83000E+03
831 50 50 69.10 1398269734461 1398269709049 1398269709060 1398269734585 0.83100E+03
832 50 50 69.00 1398269734968 1398269709491 1398269709502 1398269735027 0.83200E+03
833 50 50 69.00 1398269735450 1398269709996 1398269710006 1398269735532 0.83300E+03
834 50 50 69.10 1398269735954 1398269710501 1398269710511 1398269736037 0.83400E+03
835 50 50 69.30 1398269736459 1398269710996 1398269711007 1398269736533 0.83500E+03
836 50 50 69.00 1398269736955 1398269711452 1398269711463 1398269736988 0.83600E+03
837 50 50 69.40 1398269737451 1398269712149 1398269712159 1398269737685 0.83700E+03
838 50 50 69.40 1398269737966 1398269712466 1398269712477 1398269738002 0.83800E+03
839 50 50 69.40 1398269738465 1398269713231 1398269713242 1398269738767 0.83900E+03
840 50 50 69.50 1398269738948 1398269713452 1398269713462 1398269738988 0.84000E+03
841 50 50 69.30 1398269739451 1398269713951 1398269713962 1398269739487 0.84100E+03
842 50 50 69.30 1398269739950 1398269714659 1398269714670 1398269740195 0.84200E+03
843 50 50 69.40 1398269740457 1398269715168 1398269715178 1398269740703 0.84300E+03
844 50 50 69.40 1398269740964 1398269715463 1398269715474 1398269740999 0.84400E+03
845 50 50 69.50 1398269741461 1398269716241 1398269716252 1398269741778 0.84500E+03
846 50 50 69.70 1398269741958 1398269716599 1398269716611 1398269742136 0.84600E+03
847 50 50 69.50 1398269742458 1398269716957 1398269716968 1398269742493 0.84700E+03
848 50 50 69.50 1398269742956 1398269717920 1398269717930 1398269743455 0.84800E+03
850 50 50 69.60 1398269743959 1398269718458 1398269718469 1398269743994 0.85000E+03
851 50 50 69.40 1398269744457 1398269719209 1398269719219 1398269744744 0.85100E+03
852 50 50 69.70 1398269744966 1398269719464 1398269719475 1398269745000 0.85200E+03
853 50 50 69.60 1398269745464 1398269720341 1398269720351 1398269745877 0.85300E+03
854 50 50 69.50 1398269745957 1398269720756 1398269720766 1398269746292 0.85400E+03
855 50 50 69.60 1398269746453 1398269720952 1398269720962 1398269746487 0.85500E+03
856 50 50 69.60 1398269746950 1398269722357 1398269722368 1398269747894 0.85600E+03
858 50 50 69.60 1398269747954 1398269722452 1398269722463 1398269747988 0.85800E+03
859 50 50 69.70 1398269748451 1398269723332 1398269723342 1398269748868 0.85900E+03
860 50 50 69.70 1398269748948 1398269723449 1398269723459 1398269748984 0.86000E+03
861 50 50 69.60 1398269749467 1398269724165 1398269724176 1398269749701 0.86100E+03
862 50 50 69.60 1398269749962 1398269724462 1398269724474 1398269749999 0.86200E+03
863 50 50 70.00 1398269750462 1398269725697 1398269725708 1398269751233 0.86300E+03
865 50 50 69.30 1398269751454 1398269726054 1398269726065 1398269751590 0.86500E+03
866 50 50 69.70 1398269751951 1398269726755 1398269726766 1398269752291 0.86600E+03
867 50 50 69.70 1398269752452 1398269727680 1398269727690 1398269753215 0.86700E+03
869 50 50 70.10 1398269753456 1398269728020 1398269728031 1398269753556 0.86900E+03
870 50 50 69.80 1398269753959 1398269728501 1398269728512 1398269754037 0.87000E+03
871 50 50 69.80 1398269754460 1398269729379 1398269729390 1398269754915 0.87100E+03
872 50 50 70.10 1398269754956 1398269729454 1398269729464 1398269754989 0.87200E+03
873 50 50 70.00 1398269755452 1398269730245 1398269730255 1398269755780 0.87300E+03
874 50 50 70.00 1398269755961 1398269730557 1398269730567 1398269756092 0.87400E+03
875 50 50 70.10 1398269756454 1398269730953 1398269730964 1398269756489 0.87500E+03
876 50 50 70.00 1398269756951 1398269731516 1398269731528 1398269757053 0.87600E+03
877 50 50 70.10 1398269757455 1398269732015 1398269732027 1398269757552 0.87700E+03
878 50 50 70.10 1398269757954 1398269732520 1398269732531 1398269758056 0.87800E+03
879 50 50 70.10 1398269758458 1398269732959 1398269732970 1398269758495 0.87900E+03
880 50 50 70.00 1398269758958 1398269733600 1398269733611 1398269759137 0.88000E+03
881 50 50 70.20 1398269759459 1398269733960 1398269733970 1398269759495 0.88100E+03
882 50 50 70.10 1398269759957 1398269734456 1398269734466 1398269759992 0.88200E+03
883 50 50 69.80 1398269760455 1398269735250 1398269735261 1398269760787 0.88300E+03
884 50 50 70.20 1398269760948 1398269735683 1398269735694 1398269761219 0.88400E+03
885 50 50 70.20 1398269761460 1398269736000 1398269736012 1398269761537 0.88500E+03
886 50 50 70.10 1398269761959 1398269736668 1398269736678 1398269762203 0.88600E+03
887 50 50 70.30 1398269762464 1398269736963 1398269736975 1398269762500 0.88700E+03
888 50 50 69.80 1398269762963 1398269737461 1398269737473 1398269762997 0.88800E+03
889 50 50 70.30 1398269763460 1398269738076 1398269738086 1398269763611 0.88900E+03
890 50 50 70.10 1398269763953 1398269738452 1398269738462 1398269763987 0.89000E+03
891 50 50 70.40 1398269764449 1398269739514 1398269739525 1398269765050 0.89100E+03
893 50 50 70.40 1398269765452 1398269739951 1398269739962 1398269765487 0.89300E+03
894 50 50 70.40 1398269765949 1398269740569 1398269740580 1398269766105 0.89400E+03
895 50 50 70.40 1398269766446 1398269741025 1398269741035 1398269766560 0.89500E+03
896 50 50 70.30 1398269766963 1398269741466 1398269741476 1398269767002 0.89600E+03
897 50 50 70.40 1398269767464 1398269741966 1398269741976 1398269767501 0.89700E+03
898 50 50 70.20 1398269767963 1398269742464 1398269742475 1398269768000 0.89800E+03
899 50 50 70.30 1398269768462 1398269742964 1398269742975 1398269768500 0.89900E+03
900 50 50 70.40 1398269768963 1398269743562 1398269743573 1398269769098 0.90000E+03
901 50 50 70.40 1398269769460 1398269743962 1398269743973 1398269769498 0.90100E+03
902 50 50 70.50 1398269769960 1398269744791 1398269744801 1398269770326 0.90200E+03
903 50 50 70.50 1398269770446 1398269744961 1398269744971 1398269770496 0.90300E+03
904 50 50 70.40 1398269770958 1398269745549 1398269745561 1398269771085 0.90400E+03
905 50 50 70.40 1398269771447 1398269746336 1398269746347 1398269771872 0.90500E+03
906 50 50 70.40 1398269771952 1398269746450 1398269746461 1398269771986 0.90600E+03
907 50 50 70.50 1398269772448 1398269747502 1398269747512 1398269773037 0.90700E+03
909 50 50 70.30 1398269773459 1398269747961 1398269747972 1398269773496 0.90900E+03
910 50 50 70.70 1398269773959 1398269748754 1398269748765 1398269774289 0.91000E+03
911 50 50 70.50 1398269774450 1398269748951 1398269748962 1398269774487 0.91100E+03
912 50 50 70.50 1398269774950 1398269749829 1398269749840 1398269775364 0.91200E+03
913 50 50 70.70 1398269775465 1398269750177 1398269750187 1398269775712 0.91300E+03
914 50 50 70.30 1398269775953 1398269750455 1398269750466 1398269775991 0.91400E+03
915 50 50 70.70 1398269776453 1398269751183 1398269751193 1398269776718 0.91500E+03
916 50 50 70.50 1398269776960 1398269751621 1398269751632 1398269777157 0.91600E+03
917 50 50 70.80 1398269777458 1398269752074 1398269752086 1398269777611 0.91700E+03
918 50 50 70.70 1398269777953 1398269752639 1398269752650 1398269778175 0.91800E+03
919 50 50 70.70 1398269778457 1398269753159 1398269753170 1398269778695 0.91900E+03
920 50 50 70.70 1398269778956 1398269753461 1398269753471 1398269778996 0.92000E+03
921 50 50 70.70 1398269779459 1398269754191 1398269754202 1398269779726 0.92100E+03
922 50 50 70.70 1398269779947 1398269754448 1398269754460 1398269779984 0.92200E+03
923 50 50 70.50 1398269780447 1398269754946 1398269754956 1398269780481 0.92300E+03
924 50 50 70.90 1398269780964 1398269755719 1398269755731 1398269781255 0.92400E+03
925 50 50 70.80 1398269781457 1398269756206 1398269756217 1398269781742 0.92500E+03
926 50 50 70.80 1398269781963 1398269756522 1398269756534 1398269782058 0.92600E+03
927 50 50 70.90 1398269782461 1398269757941 1398269757951 1398269783476 0.92700E+03
930 50 50 70.80 1398269783959 1398269758461 1398269758472 1398269783996 0.93000E+03
931 50 50 70.90 1398269784459 1398269759441 1398269759451 1398269784976 0.93100E+03
933 50 50 70.80 1398269785459 1398269759962 1398269759972 1398269785497 0.93300E+03
934 50 50 70.70 1398269785960 1398269760669 1398269760680 1398269786204 0.93400E+03
