 0.000E+00  0.000E+00  0.000E+00
 0.333E-03 -0.273E-01  0.814E-10
 0.667E-03 -0.273E-01  0.524E-09
 0.100E-02 -0.273E-01  0.162E-08
 0.133E-02 -0.273E-01  0.362E-08
 0.167E-02 -0.273E-01  0.675E-08
 0.200E-02 -0.273E-01  0.113E-07
 0.233E-02 -0.273E-01  0.174E-07
 0.267E-02 -0.273E-01  0.254E-07
 0.300E-02 -0.273E-01  0.356E-07
 0.333E-02 -0.273E-01  0.480E-07
 0.367E-02 -0.273E-01  0.629E-07
 0.400E-02 -0.273E-01  0.805E-07
 0.433E-02 -0.273E-01  0.101E-06
 0.467E-02 -0.273E-01  0.125E-06
 0.500E-02 -0.273E-01  0.152E-06
 0.533E-02 -0.273E-01  0.182E-06
 0.567E-02 -0.273E-01  0.216E-06
 0.600E-02 -0.273E-01  0.254E-06
 0.633E-02 -0.273E-01  0.295E-06
 0.667E-02 -0.273E-01  0.341E-06
 0.700E-02 -0.273E-01  0.391E-06
 0.733E-02 -0.273E-01  0.446E-06
 0.767E-02 -0.273E-01  0.505E-06
 0.800E-02 -0.273E-01  0.569E-06
 0.833E-02 -0.273E-01  0.637E-06
 0.867E-02 -0.273E-01  0.711E-06
 0.900E-02 -0.273E-01  0.790E-06
 0.933E-02 -0.273E-01  0.873E-06
 0.967E-02 -0.273E-01  0.963E-06
 0.100E-01 -0.273E-01  0.106E-05
 0.103E-01 -0.763E-03  0.116E-05
 0.107E-01 -0.763E-03  0.126E-05
 0.110E-01 -0.763E-03  0.137E-05
 0.113E-01 -0.763E-03  0.149E-05
 0.117E-01 -0.763E-03  0.161E-05
 0.120E-01 -0.763E-03  0.173E-05
 0.123E-01 -0.763E-03  0.186E-05
 0.127E-01 -0.763E-03  0.200E-05
 0.130E-01 -0.763E-03  0.213E-05
 0.133E-01 -0.763E-03  0.228E-05
 0.137E-01 -0.763E-03  0.242E-05
 0.140E-01 -0.763E-03  0.257E-05
 0.143E-01 -0.763E-03  0.273E-05
 0.147E-01 -0.763E-03  0.289E-05
 0.150E-01 -0.763E-03  0.305E-05
 0.153E-01 -0.763E-03  0.321E-05
 0.157E-01 -0.763E-03  0.338E-05
 0.160E-01 -0.763E-03  0.356E-05
 0.163E-01 -0.763E-03  0.373E-05
 0.167E-01 -0.763E-03  0.391E-05
 0.170E-01 -0.763E-03  0.409E-05
 0.173E-01 -0.763E-03  0.428E-05
 0.177E-01 -0.763E-03  0.447E-05
 0.180E-01 -0.763E-03  0.466E-05
 0.183E-01 -0.763E-03  0.485E-05
 0.187E-01 -0.763E-03  0.505E-05
 0.190E-01 -0.763E-03  0.525E-05
 0.193E-01 -0.763E-03  0.546E-05
 0.197E-01 -0.763E-03  0.566E-05
 0.200E-01  0.131E-02  0.587E-05
 0.203E-01  0.131E-02  0.609E-05
 0.207E-01  0.131E-02  0.630E-05
 0.210E-01  0.131E-02  0.652E-05
 0.213E-01  0.131E-02  0.674E-05
 0.217E-01  0.131E-02  0.696E-05
 0.220E-01  0.131E-02  0.719E-05
 0.223E-01  0.131E-02  0.741E-05
 0.227E-01  0.131E-02  0.764E-05
 0.230E-01  0.131E-02  0.788E-05
 0.233E-01  0.131E-02  0.811E-05
 0.237E-01  0.131E-02  0.835E-05
 0.240E-01  0.131E-02  0.859E-05
 0.243E-01  0.131E-02  0.883E-05
 0.247E-01  0.131E-02  0.907E-05
 0.250E-01  0.131E-02  0.932E-05
 0.253E-01  0.131E-02  0.957E-05
 0.257E-01  0.131E-02  0.982E-05
 0.260E-01  0.131E-02  0.101E-04
 0.263E-01  0.131E-02  0.103E-04
 0.267E-01  0.131E-02  0.106E-04
 0.270E-01  0.131E-02  0.108E-04
 0.273E-01  0.131E-02  0.111E-04
 0.277E-01  0.131E-02  0.114E-04
 0.280E-01  0.131E-02  0.116E-04
 0.283E-01  0.131E-02  0.119E-04
 0.287E-01  0.131E-02  0.122E-04
 0.290E-01  0.131E-02  0.124E-04
 0.293E-01  0.131E-02  0.127E-04
 0.297E-01  0.131E-02  0.130E-04
 0.300E-01  0.804E-02  0.133E-04
 0.303E-01  0.804E-02  0.135E-04
 0.307E-01  0.804E-02  0.138E-04
 0.310E-01  0.804E-02  0.141E-04
 0.313E-01  0.804E-02  0.144E-04
 0.317E-01  0.804E-02  0.147E-04
 0.320E-01  0.804E-02  0.149E-04
 0.323E-01  0.804E-02  0.152E-04
 0.327E-01  0.804E-02  0.155E-04
 0.330E-01  0.804E-02  0.158E-04
 0.333E-01  0.804E-02  0.161E-04
 0.337E-01  0.804E-02  0.164E-04
 0.340E-01  0.804E-02  0.167E-04
 0.343E-01  0.804E-02  0.170E-04
 0.347E-01  0.804E-02  0.173E-04
 0.350E-01  0.804E-02  0.176E-04
 0.353E-01  0.804E-02  0.179E-04
 0.357E-01  0.804E-02  0.182E-04
 0.360E-01  0.804E-02  0.185E-04
 0.363E-01  0.804E-02  0.188E-04
 0.367E-01  0.804E-02  0.191E-04
 0.370E-01  0.804E-02  0.194E-04
 0.373E-01  0.804E-02  0.197E-04
 0.377E-01  0.804E-02  0.200E-04
 0.380E-01  0.804E-02  0.204E-04
 0.383E-01  0.804E-02  0.207E-04
 0.387E-01  0.804E-02  0.210E-04
 0.390E-01  0.804E-02  0.213E-04
 0.393E-01  0.804E-02  0.216E-04
 0.397E-01  0.804E-02  0.219E-04
 0.400E-01  0.804E-02  0.222E-04
 0.403E-01  0.134E-01  0.226E-04
 0.407E-01  0.134E-01  0.229E-04
 0.410E-01  0.134E-01  0.232E-04
 0.413E-01  0.134E-01  0.235E-04
 0.417E-01  0.134E-01  0.238E-04
 0.420E-01  0.134E-01  0.242E-04
 0.423E-01  0.134E-01  0.245E-04
 0.427E-01  0.134E-01  0.248E-04
 0.430E-01  0.134E-01  0.251E-04
 0.433E-01  0.134E-01  0.255E-04
 0.437E-01  0.134E-01  0.258E-04
 0.440E-01  0.134E-01  0.261E-04
 0.443E-01  0.134E-01  0.264E-04
 0.447E-01  0.134E-01  0.268E-04
 0.450E-01  0.134E-01  0.271E-04
 0.453E-01  0.134E-01  0.274E-04
 0.457E-01  0.134E-01  0.277E-04
 0.460E-01  0.134E-01  0.281E-04
 0.463E-01  0.134E-01  0.284E-04
 0.467E-01  0.134E-01  0.287E-04
 0.470E-01  0.134E-01  0.291E-04
 0.473E-01  0.134E-01  0.294E-04
 0.477E-01  0.134E-01  0.297E-04
 0.480E-01  0.134E-01  0.301E-04
 0.483E-01  0.134E-01  0.304E-04
 0.487E-01  0.134E-01  0.307E-04
 0.490E-01  0.134E-01  0.310E-04
 0.493E-01  0.134E-01  0.314E-04
 0.497E-01  0.134E-01  0.317E-04
 0.500E-01  0.134E-01  0.320E-04
 0.503E-01  0.183E-01  0.324E-04
 0.507E-01  0.183E-01  0.327E-04
 0.510E-01  0.183E-01  0.331E-04
 0.513E-01  0.183E-01  0.334E-04
 0.517E-01  0.183E-01  0.337E-04
 0.520E-01  0.183E-01  0.341E-04
 0.523E-01  0.183E-01  0.344E-04
 0.527E-01  0.183E-01  0.347E-04
 0.530E-01  0.183E-01  0.351E-04
 0.533E-01  0.183E-01  0.354E-04
 0.537E-01  0.183E-01  0.357E-04
 0.540E-01  0.183E-01  0.361E-04
 0.543E-01  0.183E-01  0.364E-04
 0.547E-01  0.183E-01  0.367E-04
 0.550E-01  0.183E-01  0.371E-04
 0.553E-01  0.183E-01  0.374E-04
 0.557E-01  0.183E-01  0.377E-04
 0.560E-01  0.183E-01  0.381E-04
 0.563E-01  0.183E-01  0.384E-04
 0.567E-01  0.183E-01  0.387E-04
 0.570E-01  0.183E-01  0.391E-04
 0.573E-01  0.183E-01  0.394E-04
 0.577E-01  0.183E-01  0.398E-04
 0.580E-01  0.183E-01  0.401E-04
 0.583E-01  0.183E-01  0.404E-04
 0.587E-01  0.183E-01  0.408E-04
 0.590E-01  0.183E-01  0.411E-04
 0.593E-01  0.183E-01  0.414E-04
 0.597E-01  0.183E-01  0.418E-04
 0.600E-01  0.183E-01  0.421E-04
 0.603E-01  0.227E-01  0.424E-04
 0.607E-01  0.227E-01  0.428E-04
 0.610E-01  0.227E-01  0.431E-04
 0.613E-01  0.227E-01  0.434E-04
 0.617E-01  0.227E-01  0.437E-04
 0.620E-01  0.227E-01  0.441E-04
 0.623E-01  0.227E-01  0.444E-04
 0.627E-01  0.227E-01  0.447E-04
 0.630E-01  0.227E-01  0.451E-04
 0.633E-01  0.227E-01  0.454E-04
 0.637E-01  0.227E-01  0.457E-04
 0.640E-01  0.227E-01  0.461E-04
 0.643E-01  0.227E-01  0.464E-04
 0.647E-01  0.227E-01  0.467E-04
 0.650E-01  0.227E-01  0.470E-04
 0.653E-01  0.227E-01  0.474E-04
 0.657E-01  0.227E-01  0.477E-04
 0.660E-01  0.227E-01  0.480E-04
 0.663E-01  0.227E-01  0.483E-04
 0.667E-01  0.227E-01  0.487E-04
 0.670E-01  0.227E-01  0.490E-04
 0.673E-01  0.227E-01  0.493E-04
 0.677E-01  0.227E-01  0.496E-04
 0.680E-01  0.227E-01  0.500E-04
 0.683E-01  0.227E-01  0.503E-04
 0.687E-01  0.227E-01  0.506E-04
 0.690E-01  0.227E-01  0.509E-04
 0.693E-01  0.227E-01  0.512E-04
 0.697E-01  0.227E-01  0.516E-04
 0.700E-01  0.264E-01  0.519E-04
 0.703E-01  0.264E-01  0.522E-04
 0.707E-01  0.264E-01  0.525E-04
 0.710E-01  0.264E-01  0.528E-04
 0.713E-01  0.264E-01  0.532E-04
 0.717E-01  0.264E-01  0.535E-04
 0.720E-01  0.264E-01  0.538E-04
 0.723E-01  0.264E-01  0.541E-04
 0.727E-01  0.264E-01  0.544E-04
 0.730E-01  0.264E-01  0.547E-04
 0.733E-01  0.264E-01  0.550E-04
 0.737E-01  0.264E-01  0.554E-04
 0.740E-01  0.264E-01  0.557E-04
 0.743E-01  0.264E-01  0.560E-04
 0.747E-01  0.264E-01  0.563E-04
 0.750E-01  0.264E-01  0.566E-04
 0.753E-01  0.264E-01  0.569E-04
 0.757E-01  0.264E-01  0.572E-04
 0.760E-01  0.264E-01  0.575E-04
 0.763E-01  0.264E-01  0.578E-04
 0.767E-01  0.264E-01  0.581E-04
 0.770E-01  0.264E-01  0.584E-04
 0.773E-01  0.264E-01  0.587E-04
 0.777E-01  0.264E-01  0.590E-04
 0.780E-01  0.264E-01  0.593E-04
 0.783E-01  0.264E-01  0.596E-04
 0.787E-01  0.264E-01  0.599E-04
 0.790E-01  0.264E-01  0.602E-04
 0.793E-01  0.264E-01  0.605E-04
 0.797E-01  0.264E-01  0.608E-04
 0.800E-01  0.296E-01  0.611E-04
 0.803E-01  0.296E-01  0.614E-04
 0.807E-01  0.296E-01  0.617E-04
 0.810E-01  0.296E-01  0.620E-04
 0.813E-01  0.296E-01  0.623E-04
 0.817E-01  0.296E-01  0.626E-04
 0.820E-01  0.296E-01  0.629E-04
 0.823E-01  0.296E-01  0.632E-04
 0.827E-01  0.296E-01  0.635E-04
 0.830E-01  0.296E-01  0.637E-04
 0.833E-01  0.296E-01  0.640E-04
 0.837E-01  0.296E-01  0.643E-04
 0.840E-01  0.296E-01  0.646E-04
 0.843E-01  0.296E-01  0.649E-04
 0.847E-01  0.296E-01  0.652E-04
 0.850E-01  0.296E-01  0.655E-04
 0.853E-01  0.296E-01  0.657E-04
 0.857E-01  0.296E-01  0.660E-04
 0.860E-01  0.296E-01  0.663E-04
 0.863E-01  0.296E-01  0.666E-04
 0.867E-01  0.296E-01  0.669E-04
 0.870E-01  0.296E-01  0.671E-04
 0.873E-01  0.296E-01  0.674E-04
 0.877E-01  0.296E-01  0.677E-04
 0.880E-01  0.296E-01  0.679E-04
 0.883E-01  0.296E-01  0.682E-04
 0.887E-01  0.296E-01  0.685E-04
 0.890E-01  0.296E-01  0.688E-04
 0.893E-01  0.296E-01  0.690E-04
 0.897E-01  0.296E-01  0.693E-04
 0.900E-01  0.321E-01  0.696E-04
 0.903E-01  0.321E-01  0.698E-04
 0.907E-01  0.321E-01  0.701E-04
 0.910E-01  0.321E-01  0.704E-04
 0.913E-01  0.321E-01  0.706E-04
 0.917E-01  0.321E-01  0.709E-04
 0.920E-01  0.321E-01  0.711E-04
 0.923E-01  0.321E-01  0.714E-04
 0.927E-01  0.321E-01  0.717E-04
 0.930E-01  0.321E-01  0.719E-04
 0.933E-01  0.321E-01  0.722E-04
 0.937E-01  0.321E-01  0.724E-04
 0.940E-01  0.321E-01  0.727E-04
 0.943E-01  0.321E-01  0.729E-04
 0.947E-01  0.321E-01  0.732E-04
 0.950E-01  0.321E-01  0.734E-04
 0.953E-01  0.321E-01  0.737E-04
 0.957E-01  0.321E-01  0.739E-04
 0.960E-01  0.321E-01  0.742E-04
 0.963E-01  0.321E-01  0.744E-04
 0.967E-01  0.321E-01  0.747E-04
 0.970E-01  0.321E-01  0.749E-04
 0.973E-01  0.321E-01  0.752E-04
 0.977E-01  0.321E-01  0.754E-04
 0.980E-01  0.321E-01  0.757E-04
 0.983E-01  0.321E-01  0.759E-04
 0.987E-01  0.321E-01  0.761E-04
 0.990E-01  0.321E-01  0.764E-04
 0.993E-01  0.321E-01  0.766E-04
 0.997E-01  0.321E-01  0.768E-04
 0.100E+00  0.341E-01  0.771E-04
 0.100E+00  0.341E-01  0.773E-04
 0.101E+00  0.341E-01  0.776E-04
 0.101E+00  0.341E-01  0.778E-04
 0.101E+00  0.341E-01  0.780E-04
 0.102E+00  0.341E-01  0.782E-04
 0.102E+00  0.341E-01  0.785E-04
 0.102E+00  0.341E-01  0.787E-04
 0.103E+00  0.341E-01  0.789E-04
 0.103E+00  0.341E-01  0.791E-04
 0.103E+00  0.341E-01  0.794E-04
 0.104E+00  0.341E-01  0.796E-04
 0.104E+00  0.341E-01  0.798E-04
 0.104E+00  0.341E-01  0.800E-04
 0.105E+00  0.341E-01  0.803E-04
 0.105E+00  0.341E-01  0.805E-04
 0.105E+00  0.341E-01  0.807E-04
 0.106E+00  0.341E-01  0.809E-04
 0.106E+00  0.341E-01  0.811E-04
 0.106E+00  0.341E-01  0.813E-04
 0.107E+00  0.341E-01  0.815E-04
 0.107E+00  0.341E-01  0.818E-04
 0.107E+00  0.341E-01  0.820E-04
 0.108E+00  0.341E-01  0.822E-04
 0.108E+00  0.341E-01  0.824E-04
 0.108E+00  0.341E-01  0.826E-04
 0.109E+00  0.341E-01  0.828E-04
 0.109E+00  0.341E-01  0.830E-04
 0.109E+00  0.341E-01  0.832E-04
 0.110E+00  0.341E-01  0.834E-04
 0.110E+00  0.357E-01  0.836E-04
 0.110E+00  0.357E-01  0.838E-04
 0.111E+00  0.357E-01  0.840E-04
 0.111E+00  0.357E-01  0.842E-04
 0.111E+00  0.357E-01  0.844E-04
 0.112E+00  0.357E-01  0.846E-04
 0.112E+00  0.357E-01  0.848E-04
 0.112E+00  0.357E-01  0.850E-04
 0.113E+00  0.357E-01  0.852E-04
 0.113E+00  0.357E-01  0.854E-04
 0.113E+00  0.357E-01  0.856E-04
 0.114E+00  0.357E-01  0.858E-04
 0.114E+00  0.357E-01  0.859E-04
 0.114E+00  0.357E-01  0.861E-04
 0.115E+00  0.357E-01  0.863E-04
 0.115E+00  0.357E-01  0.865E-04
 0.115E+00  0.357E-01  0.867E-04
 0.116E+00  0.357E-01  0.869E-04
 0.116E+00  0.357E-01  0.870E-04
 0.116E+00  0.357E-01  0.872E-04
 0.117E+00  0.357E-01  0.874E-04
 0.117E+00  0.357E-01  0.876E-04
 0.117E+00  0.357E-01  0.878E-04
 0.118E+00  0.357E-01  0.879E-04
 0.118E+00  0.357E-01  0.881E-04
 0.118E+00  0.357E-01  0.883E-04
 0.119E+00  0.357E-01  0.885E-04
 0.119E+00  0.357E-01  0.886E-04
 0.119E+00  0.357E-01  0.888E-04
 0.120E+00  0.357E-01  0.890E-04
 0.120E+00  0.368E-01  0.891E-04
 0.120E+00  0.368E-01  0.893E-04
 0.121E+00  0.368E-01  0.895E-04
 0.121E+00  0.368E-01  0.896E-04
 0.121E+00  0.368E-01  0.898E-04
 0.122E+00  0.368E-01  0.900E-04
 0.122E+00  0.368E-01  0.901E-04
 0.122E+00  0.368E-01  0.903E-04
 0.123E+00  0.368E-01  0.905E-04
 0.123E+00  0.368E-01  0.906E-04
 0.123E+00  0.368E-01  0.908E-04
 0.124E+00  0.368E-01  0.909E-04
 0.124E+00  0.368E-01  0.911E-04
 0.124E+00  0.368E-01  0.912E-04
 0.125E+00  0.368E-01  0.914E-04
 0.125E+00  0.368E-01  0.915E-04
 0.125E+00  0.368E-01  0.917E-04
 0.126E+00  0.368E-01  0.918E-04
 0.126E+00  0.368E-01  0.920E-04
 0.126E+00  0.368E-01  0.921E-04
 0.127E+00  0.368E-01  0.923E-04
 0.127E+00  0.368E-01  0.924E-04
 0.127E+00  0.368E-01  0.926E-04
 0.128E+00  0.368E-01  0.927E-04
 0.128E+00  0.368E-01  0.929E-04
 0.128E+00  0.368E-01  0.930E-04
 0.129E+00  0.368E-01  0.931E-04
 0.129E+00  0.368E-01  0.933E-04
 0.129E+00  0.368E-01  0.934E-04
 0.130E+00  0.368E-01  0.936E-04
 0.130E+00  0.368E-01  0.937E-04
 0.130E+00  0.376E-01  0.938E-04
 0.131E+00  0.376E-01  0.940E-04
 0.131E+00  0.376E-01  0.941E-04
 0.131E+00  0.376E-01  0.942E-04
 0.132E+00  0.376E-01  0.944E-04
 0.132E+00  0.376E-01  0.945E-04
 0.132E+00  0.376E-01  0.946E-04
 0.133E+00  0.376E-01  0.948E-04
 0.133E+00  0.376E-01  0.949E-04
 0.133E+00  0.376E-01  0.950E-04
 0.134E+00  0.376E-01  0.951E-04
 0.134E+00  0.376E-01  0.953E-04
 0.134E+00  0.376E-01  0.954E-04
 0.135E+00  0.376E-01  0.955E-04
 0.135E+00  0.376E-01  0.956E-04
 0.135E+00  0.376E-01  0.958E-04
 0.136E+00  0.376E-01  0.959E-04
 0.136E+00  0.376E-01  0.960E-04
 0.136E+00  0.376E-01  0.961E-04
 0.137E+00  0.376E-01  0.962E-04
 0.137E+00  0.376E-01  0.964E-04
 0.137E+00  0.376E-01  0.965E-04
 0.138E+00  0.376E-01  0.966E-04
 0.138E+00  0.376E-01  0.967E-04
 0.138E+00  0.376E-01  0.968E-04
 0.139E+00  0.376E-01  0.969E-04
 0.139E+00  0.376E-01  0.970E-04
 0.139E+00  0.376E-01  0.971E-04
 0.140E+00  0.376E-01  0.973E-04
 0.140E+00  0.376E-01  0.974E-04
 0.140E+00  0.381E-01  0.975E-04
 0.141E+00  0.381E-01  0.976E-04
 0.141E+00  0.381E-01  0.977E-04
 0.141E+00  0.381E-01  0.978E-04
 0.142E+00  0.381E-01  0.979E-04
 0.142E+00  0.381E-01  0.980E-04
 0.142E+00  0.381E-01  0.981E-04
 0.143E+00  0.381E-01  0.982E-04
 0.143E+00  0.381E-01  0.983E-04
 0.143E+00  0.381E-01  0.984E-04
 0.144E+00  0.381E-01  0.985E-04
 0.144E+00  0.381E-01  0.986E-04
 0.144E+00  0.381E-01  0.987E-04
 0.145E+00  0.381E-01  0.988E-04
 0.145E+00  0.381E-01  0.989E-04
 0.145E+00  0.381E-01  0.990E-04
 0.146E+00  0.381E-01  0.991E-04
 0.146E+00  0.381E-01  0.992E-04
 0.146E+00  0.381E-01  0.993E-04
 0.147E+00  0.381E-01  0.993E-04
 0.147E+00  0.381E-01  0.994E-04
 0.147E+00  0.381E-01  0.995E-04
 0.148E+00  0.381E-01  0.996E-04
 0.148E+00  0.381E-01  0.997E-04
 0.148E+00  0.381E-01  0.998E-04
 0.149E+00  0.381E-01  0.999E-04
 0.149E+00  0.381E-01  0.100E-03
 0.149E+00  0.381E-01  0.100E-03
 0.150E+00  0.381E-01  0.100E-03
 0.150E+00  0.381E-01  0.100E-03
 0.150E+00  0.383E-01  0.100E-03
 0.151E+00  0.383E-01  0.100E-03
 0.151E+00  0.383E-01  0.100E-03
 0.151E+00  0.383E-01  0.101E-03
 0.152E+00  0.383E-01  0.101E-03
 0.152E+00  0.383E-01  0.101E-03
 0.152E+00  0.383E-01  0.101E-03
 0.153E+00  0.383E-01  0.101E-03
 0.153E+00  0.383E-01  0.101E-03
 0.153E+00  0.383E-01  0.101E-03
 0.154E+00  0.383E-01  0.101E-03
 0.154E+00  0.383E-01  0.101E-03
 0.154E+00  0.383E-01  0.101E-03
 0.155E+00  0.383E-01  0.101E-03
 0.155E+00  0.383E-01  0.101E-03
 0.155E+00  0.383E-01  0.101E-03
 0.156E+00  0.383E-01  0.101E-03
 0.156E+00  0.383E-01  0.102E-03
 0.156E+00  0.383E-01  0.102E-03
 0.157E+00  0.383E-01  0.102E-03
 0.157E+00  0.383E-01  0.102E-03
 0.157E+00  0.383E-01  0.102E-03
 0.158E+00  0.383E-01  0.102E-03
 0.158E+00  0.383E-01  0.102E-03
 0.158E+00  0.383E-01  0.102E-03
 0.159E+00  0.383E-01  0.102E-03
 0.159E+00  0.383E-01  0.102E-03
 0.159E+00  0.383E-01  0.102E-03
 0.160E+00  0.383E-01  0.102E-03
 0.160E+00  0.383E-01  0.102E-03
 0.160E+00  0.384E-01  0.102E-03
 0.161E+00  0.384E-01  0.102E-03
 0.161E+00  0.384E-01  0.103E-03
 0.161E+00  0.384E-01  0.103E-03
 0.162E+00  0.384E-01  0.103E-03
 0.162E+00  0.384E-01  0.103E-03
 0.162E+00  0.384E-01  0.103E-03
 0.163E+00  0.384E-01  0.103E-03
 0.163E+00  0.384E-01  0.103E-03
 0.163E+00  0.384E-01  0.103E-03
 0.164E+00  0.384E-01  0.103E-03
 0.164E+00  0.384E-01  0.103E-03
 0.164E+00  0.384E-01  0.103E-03
 0.165E+00  0.384E-01  0.103E-03
 0.165E+00  0.384E-01  0.103E-03
 0.165E+00  0.384E-01  0.103E-03
 0.166E+00  0.384E-01  0.103E-03
 0.166E+00  0.384E-01  0.103E-03
 0.166E+00  0.384E-01  0.103E-03
 0.167E+00  0.384E-01  0.103E-03
 0.167E+00  0.384E-01  0.103E-03
 0.167E+00  0.384E-01  0.103E-03
 0.168E+00  0.384E-01  0.104E-03
 0.168E+00  0.384E-01  0.104E-03
 0.168E+00  0.384E-01  0.104E-03
 0.169E+00  0.384E-01  0.104E-03
 0.169E+00  0.384E-01  0.104E-03
 0.169E+00  0.384E-01  0.104E-03
 0.170E+00  0.384E-01  0.104E-03
 0.170E+00  0.384E-01  0.104E-03
 0.170E+00  0.383E-01  0.104E-03
 0.171E+00  0.383E-01  0.104E-03
 0.171E+00  0.383E-01  0.104E-03
 0.171E+00  0.383E-01  0.104E-03
 0.172E+00  0.383E-01  0.104E-03
 0.172E+00  0.383E-01  0.104E-03
 0.172E+00  0.383E-01  0.104E-03
 0.173E+00  0.383E-01  0.104E-03
 0.173E+00  0.383E-01  0.104E-03
 0.173E+00  0.383E-01  0.104E-03
 0.174E+00  0.383E-01  0.104E-03
 0.174E+00  0.383E-01  0.104E-03
 0.174E+00  0.383E-01  0.104E-03
 0.175E+00  0.383E-01  0.104E-03
 0.175E+00  0.383E-01  0.104E-03
 0.175E+00  0.383E-01  0.104E-03
 0.176E+00  0.383E-01  0.104E-03
 0.176E+00  0.383E-01  0.104E-03
 0.176E+00  0.383E-01  0.104E-03
 0.177E+00  0.383E-01  0.105E-03
 0.177E+00  0.383E-01  0.105E-03
 0.177E+00  0.383E-01  0.105E-03
 0.178E+00  0.383E-01  0.105E-03
 0.178E+00  0.383E-01  0.105E-03
 0.178E+00  0.383E-01  0.105E-03
 0.179E+00  0.383E-01  0.105E-03
 0.179E+00  0.383E-01  0.105E-03
 0.179E+00  0.383E-01  0.105E-03
 0.180E+00  0.383E-01  0.105E-03
 0.180E+00  0.383E-01  0.105E-03
 0.180E+00  0.381E-01  0.105E-03
 0.181E+00  0.381E-01  0.105E-03
 0.181E+00  0.381E-01  0.105E-03
 0.181E+00  0.381E-01  0.105E-03
 0.182E+00  0.381E-01  0.105E-03
 0.182E+00  0.381E-01  0.105E-03
 0.182E+00  0.381E-01  0.105E-03
 0.183E+00  0.381E-01  0.105E-03
 0.183E+00  0.381E-01  0.105E-03
 0.183E+00  0.381E-01  0.105E-03
 0.184E+00  0.381E-01  0.105E-03
 0.184E+00  0.381E-01  0.105E-03
 0.184E+00  0.381E-01  0.105E-03
 0.185E+00  0.381E-01  0.105E-03
 0.185E+00  0.381E-01  0.105E-03
 0.185E+00  0.381E-01  0.105E-03
 0.186E+00  0.381E-01  0.105E-03
 0.186E+00  0.381E-01  0.105E-03
 0.186E+00  0.381E-01  0.105E-03
 0.187E+00  0.381E-01  0.105E-03
 0.187E+00  0.381E-01  0.105E-03
 0.187E+00  0.381E-01  0.105E-03
 0.188E+00  0.381E-01  0.105E-03
 0.188E+00  0.381E-01  0.105E-03
 0.188E+00  0.381E-01  0.105E-03
 0.189E+00  0.381E-01  0.105E-03
 0.189E+00  0.381E-01  0.105E-03
 0.189E+00  0.381E-01  0.105E-03
 0.190E+00  0.381E-01  0.105E-03
 0.190E+00  0.381E-01  0.105E-03
 0.190E+00  0.378E-01  0.105E-03
 0.191E+00  0.378E-01  0.105E-03
 0.191E+00  0.378E-01  0.105E-03
 0.191E+00  0.378E-01  0.105E-03
 0.192E+00  0.378E-01  0.105E-03
 0.192E+00  0.378E-01  0.105E-03
 0.192E+00  0.378E-01  0.105E-03
 0.193E+00  0.378E-01  0.105E-03
 0.193E+00  0.378E-01  0.105E-03
 0.193E+00  0.378E-01  0.105E-03
 0.194E+00  0.378E-01  0.105E-03
 0.194E+00  0.378E-01  0.105E-03
 0.194E+00  0.378E-01  0.105E-03
 0.195E+00  0.378E-01  0.105E-03
 0.195E+00  0.378E-01  0.105E-03
 0.195E+00  0.378E-01  0.105E-03
 0.196E+00  0.378E-01  0.105E-03
 0.196E+00  0.378E-01  0.105E-03
 0.196E+00  0.378E-01  0.105E-03
 0.197E+00  0.378E-01  0.105E-03
 0.197E+00  0.378E-01  0.105E-03
 0.197E+00  0.378E-01  0.105E-03
 0.198E+00  0.378E-01  0.105E-03
 0.198E+00  0.378E-01  0.106E-03
 0.198E+00  0.378E-01  0.106E-03
 0.199E+00  0.378E-01  0.106E-03
 0.199E+00  0.378E-01  0.106E-03
 0.199E+00  0.378E-01  0.106E-03
 0.200E+00  0.378E-01  0.106E-03
 0.200E+00  0.378E-01  0.106E-03
 0.200E+00  0.375E-01  0.106E-03
 0.201E+00  0.375E-01  0.106E-03
 0.201E+00  0.375E-01  0.106E-03
 0.201E+00  0.375E-01  0.106E-03
 0.202E+00  0.375E-01  0.106E-03
 0.202E+00  0.375E-01  0.106E-03
 0.202E+00  0.375E-01  0.106E-03
 0.203E+00  0.375E-01  0.106E-03
 0.203E+00  0.375E-01  0.106E-03
 0.203E+00  0.375E-01  0.106E-03
 0.204E+00  0.375E-01  0.106E-03
 0.204E+00  0.375E-01  0.106E-03
 0.204E+00  0.375E-01  0.106E-03
 0.205E+00  0.375E-01  0.106E-03
 0.205E+00  0.375E-01  0.106E-03
 0.205E+00  0.375E-01  0.106E-03
 0.206E+00  0.375E-01  0.106E-03
 0.206E+00  0.375E-01  0.106E-03
 0.206E+00  0.375E-01  0.105E-03
 0.207E+00  0.375E-01  0.105E-03
 0.207E+00  0.375E-01  0.105E-03
 0.207E+00  0.375E-01  0.105E-03
 0.208E+00  0.375E-01  0.105E-03
 0.208E+00  0.375E-01  0.105E-03
 0.208E+00  0.375E-01  0.105E-03
 0.209E+00  0.375E-01  0.105E-03
 0.209E+00  0.375E-01  0.105E-03
 0.209E+00  0.375E-01  0.105E-03
 0.210E+00  0.375E-01  0.105E-03
 0.210E+00  0.375E-01  0.105E-03
 0.210E+00  0.372E-01  0.105E-03
 0.211E+00  0.372E-01  0.105E-03
 0.211E+00  0.372E-01  0.105E-03
 0.211E+00  0.372E-01  0.105E-03
 0.212E+00  0.372E-01  0.105E-03
 0.212E+00  0.372E-01  0.105E-03
 0.212E+00  0.372E-01  0.105E-03
 0.213E+00  0.372E-01  0.105E-03
 0.213E+00  0.372E-01  0.105E-03
 0.213E+00  0.372E-01  0.105E-03
 0.214E+00  0.372E-01  0.105E-03
 0.214E+00  0.372E-01  0.105E-03
 0.214E+00  0.372E-01  0.105E-03
 0.215E+00  0.372E-01  0.105E-03
 0.215E+00  0.372E-01  0.105E-03
 0.215E+00  0.372E-01  0.105E-03
 0.216E+00  0.372E-01  0.105E-03
 0.216E+00  0.372E-01  0.105E-03
 0.216E+00  0.372E-01  0.105E-03
 0.217E+00  0.372E-01  0.105E-03
 0.217E+00  0.372E-01  0.105E-03
 0.217E+00  0.372E-01  0.105E-03
 0.218E+00  0.372E-01  0.105E-03
 0.218E+00  0.372E-01  0.105E-03
 0.218E+00  0.372E-01  0.105E-03
 0.219E+00  0.372E-01  0.105E-03
 0.219E+00  0.372E-01  0.105E-03
 0.219E+00  0.372E-01  0.105E-03
 0.220E+00  0.372E-01  0.105E-03
 0.220E+00  0.372E-01  0.105E-03
 0.220E+00  0.368E-01  0.105E-03
 0.221E+00  0.368E-01  0.105E-03
 0.221E+00  0.368E-01  0.105E-03
 0.221E+00  0.368E-01  0.105E-03
 0.222E+00  0.368E-01  0.105E-03
 0.222E+00  0.368E-01  0.105E-03
 0.222E+00  0.368E-01  0.105E-03
 0.223E+00  0.368E-01  0.105E-03
 0.223E+00  0.368E-01  0.105E-03
 0.223E+00  0.368E-01  0.105E-03
 0.224E+00  0.368E-01  0.105E-03
 0.224E+00  0.368E-01  0.105E-03
 0.224E+00  0.368E-01  0.105E-03
 0.225E+00  0.368E-01  0.105E-03
 0.225E+00  0.368E-01  0.105E-03
 0.225E+00  0.368E-01  0.105E-03
 0.226E+00  0.368E-01  0.105E-03
 0.226E+00  0.368E-01  0.105E-03
 0.226E+00  0.368E-01  0.105E-03
 0.227E+00  0.368E-01  0.105E-03
 0.227E+00  0.368E-01  0.105E-03
 0.227E+00  0.368E-01  0.105E-03
 0.228E+00  0.368E-01  0.105E-03
 0.228E+00  0.368E-01  0.105E-03
 0.228E+00  0.368E-01  0.105E-03
 0.229E+00  0.368E-01  0.105E-03
 0.229E+00  0.368E-01  0.105E-03
 0.229E+00  0.368E-01  0.105E-03
 0.230E+00  0.368E-01  0.105E-03
 0.230E+00  0.368E-01  0.105E-03
 0.230E+00  0.365E-01  0.105E-03
 0.231E+00  0.365E-01  0.105E-03
 0.231E+00  0.365E-01  0.105E-03
 0.231E+00  0.365E-01  0.105E-03
 0.232E+00  0.365E-01  0.105E-03
 0.232E+00  0.365E-01  0.105E-03
 0.232E+00  0.365E-01  0.105E-03
 0.233E+00  0.365E-01  0.105E-03
 0.233E+00  0.365E-01  0.105E-03
 0.233E+00  0.365E-01  0.105E-03
 0.234E+00  0.365E-01  0.105E-03
 0.234E+00  0.365E-01  0.105E-03
 0.234E+00  0.365E-01  0.105E-03
 0.235E+00  0.365E-01  0.105E-03
 0.235E+00  0.365E-01  0.105E-03
 0.235E+00  0.365E-01  0.105E-03
 0.236E+00  0.365E-01  0.105E-03
 0.236E+00  0.365E-01  0.104E-03
 0.236E+00  0.365E-01  0.104E-03
 0.237E+00  0.365E-01  0.104E-03
 0.237E+00  0.365E-01  0.104E-03
 0.237E+00  0.365E-01  0.104E-03
 0.238E+00  0.365E-01  0.104E-03
 0.238E+00  0.365E-01  0.104E-03
 0.238E+00  0.365E-01  0.104E-03
 0.239E+00  0.365E-01  0.104E-03
 0.239E+00  0.365E-01  0.104E-03
 0.239E+00  0.365E-01  0.104E-03
 0.240E+00  0.365E-01  0.104E-03
 0.240E+00  0.365E-01  0.104E-03
 0.240E+00  0.362E-01  0.104E-03
 0.241E+00  0.362E-01  0.104E-03
 0.241E+00  0.362E-01  0.104E-03
 0.241E+00  0.362E-01  0.104E-03
 0.242E+00  0.362E-01  0.104E-03
 0.242E+00  0.362E-01  0.104E-03
 0.242E+00  0.362E-01  0.104E-03
 0.243E+00  0.362E-01  0.104E-03
 0.243E+00  0.362E-01  0.104E-03
 0.243E+00  0.362E-01  0.104E-03
 0.244E+00  0.362E-01  0.104E-03
 0.244E+00  0.362E-01  0.104E-03
 0.244E+00  0.362E-01  0.104E-03
 0.245E+00  0.362E-01  0.104E-03
 0.245E+00  0.362E-01  0.104E-03
 0.245E+00  0.362E-01  0.104E-03
 0.246E+00  0.362E-01  0.104E-03
 0.246E+00  0.362E-01  0.104E-03
 0.246E+00  0.362E-01  0.104E-03
 0.247E+00  0.362E-01  0.104E-03
 0.247E+00  0.362E-01  0.104E-03
 0.247E+00  0.362E-01  0.104E-03
 0.248E+00  0.362E-01  0.104E-03
 0.248E+00  0.362E-01  0.104E-03
 0.248E+00  0.362E-01  0.104E-03
 0.249E+00  0.362E-01  0.104E-03
 0.249E+00  0.362E-01  0.104E-03
 0.249E+00  0.362E-01  0.104E-03
 0.250E+00  0.362E-01  0.104E-03
 0.250E+00  0.362E-01  0.104E-03
 0.250E+00  0.359E-01  0.104E-03
 0.251E+00  0.359E-01  0.104E-03
 0.251E+00  0.359E-01  0.104E-03
 0.251E+00  0.359E-01  0.104E-03
 0.252E+00  0.359E-01  0.104E-03
 0.252E+00  0.359E-01  0.104E-03
 0.252E+00  0.359E-01  0.104E-03
 0.253E+00  0.359E-01  0.104E-03
 0.253E+00  0.359E-01  0.104E-03
 0.253E+00  0.359E-01  0.104E-03
 0.254E+00  0.359E-01  0.104E-03
 0.254E+00  0.359E-01  0.104E-03
 0.254E+00  0.359E-01  0.104E-03
 0.255E+00  0.359E-01  0.103E-03
 0.255E+00  0.359E-01  0.103E-03
 0.255E+00  0.359E-01  0.103E-03
 0.256E+00  0.359E-01  0.103E-03
 0.256E+00  0.359E-01  0.103E-03
 0.256E+00  0.359E-01  0.103E-03
 0.257E+00  0.359E-01  0.103E-03
 0.257E+00  0.359E-01  0.103E-03
 0.257E+00  0.359E-01  0.103E-03
 0.258E+00  0.359E-01  0.103E-03
 0.258E+00  0.359E-01  0.103E-03
 0.258E+00  0.359E-01  0.103E-03
 0.259E+00  0.359E-01  0.103E-03
 0.259E+00  0.359E-01  0.103E-03
 0.259E+00  0.359E-01  0.103E-03
 0.260E+00  0.359E-01  0.103E-03
 0.260E+00  0.357E-01  0.103E-03
 0.260E+00  0.357E-01  0.103E-03
 0.261E+00  0.357E-01  0.103E-03
 0.261E+00  0.357E-01  0.103E-03
 0.261E+00  0.357E-01  0.103E-03
 0.262E+00  0.357E-01  0.103E-03
 0.262E+00  0.357E-01  0.103E-03
 0.262E+00  0.357E-01  0.103E-03
 0.263E+00  0.357E-01  0.103E-03
 0.263E+00  0.357E-01  0.103E-03
 0.263E+00  0.357E-01  0.103E-03
 0.264E+00  0.357E-01  0.103E-03
 0.264E+00  0.357E-01  0.103E-03
 0.264E+00  0.357E-01  0.103E-03
 0.265E+00  0.357E-01  0.103E-03
 0.265E+00  0.357E-01  0.103E-03
 0.265E+00  0.357E-01  0.103E-03
 0.266E+00  0.357E-01  0.103E-03
 0.266E+00  0.357E-01  0.103E-03
 0.266E+00  0.357E-01  0.103E-03
 0.267E+00  0.357E-01  0.103E-03
 0.267E+00  0.357E-01  0.103E-03
 0.267E+00  0.357E-01  0.103E-03
 0.268E+00  0.357E-01  0.103E-03
 0.268E+00  0.357E-01  0.103E-03
 0.268E+00  0.357E-01  0.103E-03
 0.269E+00  0.357E-01  0.103E-03
 0.269E+00  0.357E-01  0.103E-03
 0.269E+00  0.357E-01  0.103E-03
 0.270E+00  0.357E-01  0.103E-03
 0.270E+00  0.355E-01  0.103E-03
 0.270E+00  0.355E-01  0.103E-03
 0.271E+00  0.355E-01  0.103E-03
 0.271E+00  0.355E-01  0.103E-03
 0.271E+00  0.355E-01  0.103E-03
 0.272E+00  0.355E-01  0.103E-03
 0.272E+00  0.355E-01  0.103E-03
 0.272E+00  0.355E-01  0.103E-03
 0.273E+00  0.355E-01  0.103E-03
 0.273E+00  0.355E-01  0.103E-03
 0.273E+00  0.355E-01  0.102E-03
 0.274E+00  0.355E-01  0.102E-03
 0.274E+00  0.355E-01  0.102E-03
 0.274E+00  0.355E-01  0.102E-03
 0.275E+00  0.355E-01  0.102E-03
 0.275E+00  0.355E-01  0.102E-03
 0.275E+00  0.355E-01  0.102E-03
 0.276E+00  0.355E-01  0.102E-03
 0.276E+00  0.355E-01  0.102E-03
 0.276E+00  0.355E-01  0.102E-03
 0.277E+00  0.355E-01  0.102E-03
 0.277E+00  0.355E-01  0.102E-03
 0.277E+00  0.355E-01  0.102E-03
 0.278E+00  0.355E-01  0.102E-03
 0.278E+00  0.355E-01  0.102E-03
 0.278E+00  0.355E-01  0.102E-03
 0.279E+00  0.355E-01  0.102E-03
 0.279E+00  0.355E-01  0.102E-03
 0.279E+00  0.355E-01  0.102E-03
 0.280E+00  0.355E-01  0.102E-03
 0.280E+00  0.353E-01  0.102E-03
 0.280E+00  0.353E-01  0.102E-03
 0.281E+00  0.353E-01  0.102E-03
 0.281E+00  0.353E-01  0.102E-03
 0.281E+00  0.353E-01  0.102E-03
 0.282E+00  0.353E-01  0.102E-03
 0.282E+00  0.353E-01  0.102E-03
 0.282E+00  0.353E-01  0.102E-03
 0.283E+00  0.353E-01  0.102E-03
 0.283E+00  0.353E-01  0.102E-03
 0.283E+00  0.353E-01  0.102E-03
 0.284E+00  0.353E-01  0.102E-03
 0.284E+00  0.353E-01  0.102E-03
 0.284E+00  0.353E-01  0.102E-03
 0.285E+00  0.353E-01  0.102E-03
 0.285E+00  0.353E-01  0.102E-03
 0.285E+00  0.353E-01  0.102E-03
 0.286E+00  0.353E-01  0.102E-03
 0.286E+00  0.353E-01  0.102E-03
 0.286E+00  0.353E-01  0.102E-03
 0.287E+00  0.353E-01  0.102E-03
 0.287E+00  0.353E-01  0.102E-03
 0.287E+00  0.353E-01  0.102E-03
 0.288E+00  0.353E-01  0.102E-03
 0.288E+00  0.353E-01  0.102E-03
 0.288E+00  0.353E-01  0.102E-03
 0.289E+00  0.353E-01  0.102E-03
 0.289E+00  0.353E-01  0.102E-03
 0.289E+00  0.353E-01  0.102E-03
 0.290E+00  0.353E-01  0.102E-03
 0.290E+00  0.352E-01  0.102E-03
 0.290E+00  0.352E-01  0.102E-03
 0.291E+00  0.352E-01  0.102E-03
 0.291E+00  0.352E-01  0.102E-03
 0.291E+00  0.352E-01  0.102E-03
 0.292E+00  0.352E-01  0.102E-03
 0.292E+00  0.352E-01  0.102E-03
 0.292E+00  0.352E-01  0.102E-03
 0.293E+00  0.352E-01  0.102E-03
 0.293E+00  0.352E-01  0.102E-03
 0.293E+00  0.352E-01  0.102E-03
 0.294E+00  0.352E-01  0.102E-03
 0.294E+00  0.352E-01  0.102E-03
 0.294E+00  0.352E-01  0.102E-03
 0.295E+00  0.352E-01  0.102E-03
 0.295E+00  0.352E-01  0.101E-03
 0.295E+00  0.352E-01  0.101E-03
 0.296E+00  0.352E-01  0.101E-03
 0.296E+00  0.352E-01  0.101E-03
 0.296E+00  0.352E-01  0.101E-03
 0.297E+00  0.352E-01  0.101E-03
 0.297E+00  0.352E-01  0.101E-03
 0.297E+00  0.352E-01  0.101E-03
 0.298E+00  0.352E-01  0.101E-03
 0.298E+00  0.352E-01  0.101E-03
 0.298E+00  0.352E-01  0.101E-03
 0.299E+00  0.352E-01  0.101E-03
 0.299E+00  0.352E-01  0.101E-03
 0.299E+00  0.352E-01  0.101E-03
 0.300E+00  0.352E-01  0.101E-03
 0.300E+00  0.351E-01  0.101E-03
 0.300E+00  0.351E-01  0.101E-03
 0.301E+00  0.351E-01  0.101E-03
 0.301E+00  0.351E-01  0.101E-03
 0.301E+00  0.351E-01  0.101E-03
 0.302E+00  0.351E-01  0.101E-03
 0.302E+00  0.351E-01  0.101E-03
 0.302E+00  0.351E-01  0.101E-03
 0.303E+00  0.351E-01  0.101E-03
 0.303E+00  0.351E-01  0.101E-03
 0.303E+00  0.351E-01  0.101E-03
 0.304E+00  0.351E-01  0.101E-03
 0.304E+00  0.351E-01  0.101E-03
 0.304E+00  0.351E-01  0.101E-03
 0.305E+00  0.351E-01  0.101E-03
 0.305E+00  0.351E-01  0.101E-03
 0.305E+00  0.351E-01  0.101E-03
 0.306E+00  0.351E-01  0.101E-03
 0.306E+00  0.351E-01  0.101E-03
 0.306E+00  0.351E-01  0.101E-03
 0.307E+00  0.351E-01  0.101E-03
 0.307E+00  0.351E-01  0.101E-03
 0.307E+00  0.351E-01  0.101E-03
 0.308E+00  0.351E-01  0.101E-03
 0.308E+00  0.351E-01  0.101E-03
 0.308E+00  0.351E-01  0.101E-03
 0.309E+00  0.351E-01  0.101E-03
 0.309E+00  0.351E-01  0.101E-03
 0.309E+00  0.351E-01  0.101E-03
 0.310E+00  0.351E-01  0.101E-03
 0.310E+00  0.350E-01  0.101E-03
 0.310E+00  0.350E-01  0.101E-03
 0.311E+00  0.350E-01  0.101E-03
 0.311E+00  0.350E-01  0.101E-03
 0.311E+00  0.350E-01  0.101E-03
 0.312E+00  0.350E-01  0.101E-03
 0.312E+00  0.350E-01  0.101E-03
 0.312E+00  0.350E-01  0.101E-03
 0.313E+00  0.350E-01  0.101E-03
 0.313E+00  0.350E-01  0.101E-03
 0.313E+00  0.350E-01  0.101E-03
 0.314E+00  0.350E-01  0.101E-03
 0.314E+00  0.350E-01  0.101E-03
 0.314E+00  0.350E-01  0.101E-03
 0.315E+00  0.350E-01  0.101E-03
 0.315E+00  0.350E-01  0.101E-03
 0.315E+00  0.350E-01  0.101E-03
 0.316E+00  0.350E-01  0.101E-03
 0.316E+00  0.350E-01  0.101E-03
 0.316E+00  0.350E-01  0.101E-03
 0.317E+00  0.350E-01  0.101E-03
 0.317E+00  0.350E-01  0.101E-03
 0.317E+00  0.350E-01  0.101E-03
 0.318E+00  0.350E-01  0.101E-03
 0.318E+00  0.350E-01  0.101E-03
 0.318E+00  0.350E-01  0.101E-03
 0.319E+00  0.350E-01  0.101E-03
 0.319E+00  0.350E-01  0.101E-03
 0.319E+00  0.350E-01  0.101E-03
 0.320E+00  0.350E-01  0.101E-03
 0.320E+00  0.349E-01  0.101E-03
 0.320E+00  0.349E-01  0.101E-03
 0.321E+00  0.349E-01  0.101E-03
 0.321E+00  0.349E-01  0.101E-03
 0.321E+00  0.349E-01  0.101E-03
 0.322E+00  0.349E-01  0.101E-03
 0.322E+00  0.349E-01  0.101E-03
 0.322E+00  0.349E-01  0.101E-03
 0.323E+00  0.349E-01  0.101E-03
 0.323E+00  0.349E-01  0.101E-03
 0.323E+00  0.349E-01  0.101E-03
 0.324E+00  0.349E-01  0.101E-03
 0.324E+00  0.349E-01  0.101E-03
 0.324E+00  0.349E-01  0.101E-03
 0.325E+00  0.349E-01  0.101E-03
 0.325E+00  0.349E-01  0.100E-03
 0.325E+00  0.349E-01  0.100E-03
 0.326E+00  0.349E-01  0.100E-03
 0.326E+00  0.349E-01  0.100E-03
 0.326E+00  0.349E-01  0.100E-03
 0.327E+00  0.349E-01  0.100E-03
 0.327E+00  0.349E-01  0.100E-03
 0.327E+00  0.349E-01  0.100E-03
 0.328E+00  0.349E-01  0.100E-03
 0.328E+00  0.349E-01  0.100E-03
 0.328E+00  0.349E-01  0.100E-03
 0.329E+00  0.349E-01  0.100E-03
 0.329E+00  0.349E-01  0.100E-03
 0.329E+00  0.349E-01  0.100E-03
 0.330E+00  0.349E-01  0.100E-03
 0.330E+00  0.349E-01  0.100E-03
 0.330E+00  0.349E-01  0.100E-03
 0.331E+00  0.349E-01  0.100E-03
 0.331E+00  0.349E-01  0.100E-03
 0.331E+00  0.349E-01  0.100E-03
 0.332E+00  0.349E-01  0.100E-03
 0.332E+00  0.349E-01  0.100E-03
 0.332E+00  0.349E-01  0.100E-03
 0.333E+00  0.349E-01  0.100E-03
 0.333E+00  0.349E-01  0.100E-03
 0.333E+00  0.349E-01  0.100E-03
 0.334E+00  0.349E-01  0.100E-03
 0.334E+00  0.349E-01  0.100E-03
 0.334E+00  0.349E-01  0.100E-03
 0.335E+00  0.349E-01  0.100E-03
 0.335E+00  0.349E-01  0.100E-03
 0.335E+00  0.349E-01  0.100E-03
 0.336E+00  0.349E-01  0.100E-03
 0.336E+00  0.349E-01  0.100E-03
 0.336E+00  0.349E-01  0.100E-03
 0.337E+00  0.349E-01  0.100E-03
 0.337E+00  0.349E-01  0.100E-03
 0.337E+00  0.349E-01  0.100E-03
 0.338E+00  0.349E-01  0.100E-03
 0.338E+00  0.349E-01  0.100E-03
 0.338E+00  0.349E-01  0.100E-03
 0.339E+00  0.349E-01  0.100E-03
 0.339E+00  0.349E-01  0.100E-03
 0.339E+00  0.349E-01  0.100E-03
 0.340E+00  0.349E-01  0.100E-03
 0.340E+00  0.349E-01  0.100E-03
 0.340E+00  0.349E-01  0.100E-03
 0.341E+00  0.349E-01  0.100E-03
 0.341E+00  0.349E-01  0.100E-03
 0.341E+00  0.349E-01  0.100E-03
 0.342E+00  0.349E-01  0.100E-03
 0.342E+00  0.349E-01  0.100E-03
 0.342E+00  0.349E-01  0.100E-03
 0.343E+00  0.349E-01  0.100E-03
 0.343E+00  0.349E-01  0.100E-03
 0.343E+00  0.349E-01  0.100E-03
 0.344E+00  0.349E-01  0.100E-03
 0.344E+00  0.349E-01  0.100E-03
 0.344E+00  0.349E-01  0.100E-03
 0.345E+00  0.349E-01  0.100E-03
 0.345E+00  0.349E-01  0.100E-03
 0.345E+00  0.349E-01  0.100E-03
 0.346E+00  0.349E-01  0.100E-03
 0.346E+00  0.349E-01  0.100E-03
 0.346E+00  0.349E-01  0.100E-03
 0.347E+00  0.349E-01  0.100E-03
 0.347E+00  0.349E-01  0.100E-03
 0.347E+00  0.349E-01  0.100E-03
 0.348E+00  0.349E-01  0.100E-03
 0.348E+00  0.349E-01  0.100E-03
 0.348E+00  0.349E-01  0.100E-03
 0.349E+00  0.349E-01  0.100E-03
 0.349E+00  0.349E-01  0.100E-03
 0.349E+00  0.349E-01  0.100E-03
 0.350E+00  0.349E-01  0.100E-03
 0.350E+00  0.348E-01  0.100E-03
 0.350E+00  0.348E-01  0.100E-03
 0.351E+00  0.348E-01  0.100E-03
 0.351E+00  0.348E-01  0.100E-03
 0.351E+00  0.348E-01  0.100E-03
 0.352E+00  0.348E-01  0.100E-03
 0.352E+00  0.348E-01  0.100E-03
 0.352E+00  0.348E-01  0.100E-03
 0.353E+00  0.348E-01  0.100E-03
 0.353E+00  0.348E-01  0.100E-03
 0.353E+00  0.348E-01  0.100E-03
 0.354E+00  0.348E-01  0.100E-03
 0.354E+00  0.348E-01  0.100E-03
 0.354E+00  0.348E-01  0.100E-03
 0.355E+00  0.348E-01  0.999E-04
 0.355E+00  0.348E-01  0.999E-04
 0.355E+00  0.348E-01  0.999E-04
 0.356E+00  0.348E-01  0.999E-04
 0.356E+00  0.348E-01  0.999E-04
 0.356E+00  0.348E-01  0.999E-04
 0.357E+00  0.348E-01  0.999E-04
 0.357E+00  0.348E-01  0.999E-04
 0.357E+00  0.348E-01  0.999E-04
 0.358E+00  0.348E-01  0.999E-04
 0.358E+00  0.348E-01  0.999E-04
 0.358E+00  0.348E-01  0.999E-04
 0.359E+00  0.348E-01  0.999E-04
 0.359E+00  0.348E-01  0.999E-04
 0.359E+00  0.348E-01  0.999E-04
 0.360E+00  0.348E-01  0.999E-04
 0.360E+00  0.348E-01  0.999E-04
 0.360E+00  0.348E-01  0.999E-04
 0.361E+00  0.348E-01  0.999E-04
 0.361E+00  0.348E-01  0.999E-04
 0.361E+00  0.348E-01  0.999E-04
 0.362E+00  0.348E-01  0.999E-04
 0.362E+00  0.348E-01  0.999E-04
 0.362E+00  0.348E-01  0.999E-04
 0.363E+00  0.348E-01  0.999E-04
 0.363E+00  0.348E-01  0.999E-04
 0.363E+00  0.348E-01  0.999E-04
 0.364E+00  0.348E-01  0.999E-04
 0.364E+00  0.348E-01  0.999E-04
 0.364E+00  0.348E-01  0.999E-04
 0.365E+00  0.348E-01  0.998E-04
 0.365E+00  0.348E-01  0.998E-04
 0.365E+00  0.348E-01  0.998E-04
 0.366E+00  0.348E-01  0.998E-04
 0.366E+00  0.348E-01  0.998E-04
 0.366E+00  0.348E-01  0.998E-04
 0.367E+00  0.348E-01  0.998E-04
 0.367E+00  0.348E-01  0.998E-04
 0.367E+00  0.348E-01  0.998E-04
 0.368E+00  0.348E-01  0.998E-04
 0.368E+00  0.348E-01  0.998E-04
 0.368E+00  0.348E-01  0.998E-04
 0.369E+00  0.348E-01  0.998E-04
 0.369E+00  0.348E-01  0.998E-04
 0.369E+00  0.348E-01  0.998E-04
 0.370E+00  0.348E-01  0.998E-04
 0.370E+00  0.348E-01  0.998E-04
 0.370E+00  0.348E-01  0.998E-04
 0.371E+00  0.348E-01  0.998E-04
 0.371E+00  0.348E-01  0.998E-04
 0.371E+00  0.348E-01  0.998E-04
 0.372E+00  0.348E-01  0.998E-04
 0.372E+00  0.348E-01  0.998E-04
 0.372E+00  0.348E-01  0.998E-04
 0.373E+00  0.348E-01  0.998E-04
 0.373E+00  0.348E-01  0.998E-04
 0.373E+00  0.348E-01  0.998E-04
 0.374E+00  0.348E-01  0.998E-04
 0.374E+00  0.348E-01  0.998E-04
 0.374E+00  0.348E-01  0.998E-04
 0.375E+00  0.348E-01  0.998E-04
 0.375E+00  0.348E-01  0.998E-04
 0.375E+00  0.348E-01  0.998E-04
 0.376E+00  0.348E-01  0.998E-04
 0.376E+00  0.348E-01  0.998E-04
 0.376E+00  0.348E-01  0.998E-04
 0.377E+00  0.348E-01  0.998E-04
 0.377E+00  0.348E-01  0.998E-04
 0.377E+00  0.348E-01  0.998E-04
 0.378E+00  0.348E-01  0.998E-04
 0.378E+00  0.348E-01  0.998E-04
 0.378E+00  0.348E-01  0.998E-04
 0.379E+00  0.348E-01  0.998E-04
 0.379E+00  0.348E-01  0.998E-04
 0.379E+00  0.348E-01  0.998E-04
 0.380E+00  0.348E-01  0.998E-04
 0.380E+00  0.349E-01  0.998E-04
 0.380E+00  0.349E-01  0.997E-04
 0.381E+00  0.349E-01  0.997E-04
 0.381E+00  0.349E-01  0.997E-04
 0.381E+00  0.349E-01  0.997E-04
 0.382E+00  0.349E-01  0.997E-04
 0.382E+00  0.349E-01  0.997E-04
 0.382E+00  0.349E-01  0.997E-04
 0.383E+00  0.349E-01  0.997E-04
 0.383E+00  0.349E-01  0.997E-04
 0.383E+00  0.349E-01  0.997E-04
 0.384E+00  0.349E-01  0.997E-04
 0.384E+00  0.349E-01  0.997E-04
 0.384E+00  0.349E-01  0.997E-04
 0.385E+00  0.349E-01  0.997E-04
 0.385E+00  0.349E-01  0.997E-04
 0.385E+00  0.349E-01  0.997E-04
 0.386E+00  0.349E-01  0.997E-04
 0.386E+00  0.349E-01  0.997E-04
 0.386E+00  0.349E-01  0.997E-04
 0.387E+00  0.349E-01  0.997E-04
 0.387E+00  0.349E-01  0.997E-04
 0.387E+00  0.349E-01  0.997E-04
 0.388E+00  0.349E-01  0.997E-04
 0.388E+00  0.349E-01  0.997E-04
 0.388E+00  0.349E-01  0.997E-04
 0.389E+00  0.349E-01  0.997E-04
 0.389E+00  0.349E-01  0.997E-04
 0.389E+00  0.349E-01  0.997E-04
 0.390E+00  0.349E-01  0.997E-04
 0.390E+00  0.349E-01  0.997E-04
 0.390E+00  0.349E-01  0.997E-04
 0.391E+00  0.349E-01  0.997E-04
 0.391E+00  0.349E-01  0.997E-04
 0.391E+00  0.349E-01  0.997E-04
 0.392E+00  0.349E-01  0.997E-04
 0.392E+00  0.349E-01  0.997E-04
 0.392E+00  0.349E-01  0.997E-04
 0.393E+00  0.349E-01  0.997E-04
 0.393E+00  0.349E-01  0.997E-04
 0.393E+00  0.349E-01  0.997E-04
 0.394E+00  0.349E-01  0.997E-04
 0.394E+00  0.349E-01  0.997E-04
 0.394E+00  0.349E-01  0.997E-04
 0.395E+00  0.349E-01  0.997E-04
 0.395E+00  0.349E-01  0.997E-04
 0.395E+00  0.349E-01  0.997E-04
 0.396E+00  0.349E-01  0.997E-04
 0.396E+00  0.349E-01  0.997E-04
 0.396E+00  0.349E-01  0.997E-04
 0.397E+00  0.349E-01  0.997E-04
 0.397E+00  0.349E-01  0.997E-04
 0.397E+00  0.349E-01  0.997E-04
 0.398E+00  0.349E-01  0.997E-04
 0.398E+00  0.349E-01  0.997E-04
 0.398E+00  0.349E-01  0.997E-04
 0.399E+00  0.349E-01  0.997E-04
 0.399E+00  0.349E-01  0.997E-04
 0.399E+00  0.349E-01  0.997E-04
 0.400E+00  0.349E-01  0.997E-04
 0.400E+00  0.349E-01  0.997E-04
 0.400E+00  0.349E-01  0.997E-04
 0.401E+00  0.349E-01  0.997E-04
 0.401E+00  0.349E-01  0.997E-04
 0.401E+00  0.349E-01  0.997E-04
 0.402E+00  0.349E-01  0.997E-04
 0.402E+00  0.349E-01  0.997E-04
 0.402E+00  0.349E-01  0.997E-04
 0.403E+00  0.349E-01  0.997E-04
 0.403E+00  0.349E-01  0.997E-04
 0.403E+00  0.349E-01  0.997E-04
 0.404E+00  0.349E-01  0.997E-04
 0.404E+00  0.349E-01  0.997E-04
 0.404E+00  0.349E-01  0.997E-04
 0.405E+00  0.349E-01  0.997E-04
 0.405E+00  0.349E-01  0.997E-04
 0.405E+00  0.349E-01  0.997E-04
 0.406E+00  0.349E-01  0.997E-04
 0.406E+00  0.349E-01  0.997E-04
 0.406E+00  0.349E-01  0.997E-04
 0.407E+00  0.349E-01  0.997E-04
 0.407E+00  0.349E-01  0.997E-04
 0.407E+00  0.349E-01  0.997E-04
 0.408E+00  0.349E-01  0.997E-04
 0.408E+00  0.349E-01  0.997E-04
 0.408E+00  0.349E-01  0.997E-04
 0.409E+00  0.349E-01  0.997E-04
 0.409E+00  0.349E-01  0.997E-04
 0.409E+00  0.349E-01  0.997E-04
 0.410E+00  0.349E-01  0.997E-04
 0.410E+00  0.349E-01  0.997E-04
 0.410E+00  0.349E-01  0.997E-04
 0.411E+00  0.349E-01  0.997E-04
 0.411E+00  0.349E-01  0.997E-04
 0.411E+00  0.349E-01  0.997E-04
 0.412E+00  0.349E-01  0.997E-04
 0.412E+00  0.349E-01  0.997E-04
 0.412E+00  0.349E-01  0.997E-04
 0.413E+00  0.349E-01  0.997E-04
 0.413E+00  0.349E-01  0.997E-04
 0.413E+00  0.349E-01  0.997E-04
 0.414E+00  0.349E-01  0.997E-04
 0.414E+00  0.349E-01  0.997E-04
 0.414E+00  0.349E-01  0.997E-04
 0.415E+00  0.349E-01  0.997E-04
 0.415E+00  0.349E-01  0.997E-04
 0.415E+00  0.349E-01  0.997E-04
 0.416E+00  0.349E-01  0.997E-04
 0.416E+00  0.349E-01  0.997E-04
 0.416E+00  0.349E-01  0.997E-04
 0.417E+00  0.349E-01  0.997E-04
 0.417E+00  0.349E-01  0.997E-04
 0.417E+00  0.349E-01  0.997E-04
 0.418E+00  0.349E-01  0.997E-04
 0.418E+00  0.349E-01  0.997E-04
 0.418E+00  0.349E-01  0.997E-04
 0.419E+00  0.349E-01  0.997E-04
 0.419E+00  0.349E-01  0.997E-04
 0.419E+00  0.349E-01  0.997E-04
 0.420E+00  0.349E-01  0.997E-04
 0.420E+00  0.349E-01  0.997E-04
 0.420E+00  0.349E-01  0.997E-04
 0.421E+00  0.349E-01  0.997E-04
 0.421E+00  0.349E-01  0.997E-04
 0.421E+00  0.349E-01  0.997E-04
 0.422E+00  0.349E-01  0.997E-04
 0.422E+00  0.349E-01  0.997E-04
 0.422E+00  0.349E-01  0.997E-04
 0.423E+00  0.349E-01  0.997E-04
 0.423E+00  0.349E-01  0.997E-04
 0.423E+00  0.349E-01  0.997E-04
 0.424E+00  0.349E-01  0.997E-04
 0.424E+00  0.349E-01  0.997E-04
 0.424E+00  0.349E-01  0.997E-04
 0.425E+00  0.349E-01  0.997E-04
 0.425E+00  0.349E-01  0.997E-04
 0.425E+00  0.349E-01  0.997E-04
 0.426E+00  0.349E-01  0.997E-04
 0.426E+00  0.349E-01  0.997E-04
 0.426E+00  0.349E-01  0.997E-04
 0.427E+00  0.349E-01  0.997E-04
 0.427E+00  0.349E-01  0.997E-04
 0.427E+00  0.349E-01  0.997E-04
 0.428E+00  0.349E-01  0.997E-04
 0.428E+00  0.349E-01  0.997E-04
 0.428E+00  0.349E-01  0.997E-04
 0.429E+00  0.349E-01  0.997E-04
 0.429E+00  0.349E-01  0.997E-04
 0.429E+00  0.349E-01  0.997E-04
 0.430E+00  0.349E-01  0.997E-04
 0.430E+00  0.349E-01  0.997E-04
 0.430E+00  0.349E-01  0.997E-04
 0.431E+00  0.349E-01  0.997E-04
 0.431E+00  0.349E-01  0.997E-04
 0.431E+00  0.349E-01  0.997E-04
 0.432E+00  0.349E-01  0.997E-04
 0.432E+00  0.349E-01  0.997E-04
 0.432E+00  0.349E-01  0.997E-04
 0.433E+00  0.349E-01  0.997E-04
 0.433E+00  0.349E-01  0.997E-04
 0.433E+00  0.349E-01  0.997E-04
 0.434E+00  0.349E-01  0.998E-04
 0.434E+00  0.349E-01  0.998E-04
 0.434E+00  0.349E-01  0.998E-04
 0.435E+00  0.349E-01  0.998E-04
 0.435E+00  0.349E-01  0.998E-04
 0.435E+00  0.349E-01  0.998E-04
 0.436E+00  0.349E-01  0.998E-04
 0.436E+00  0.349E-01  0.998E-04
 0.436E+00  0.349E-01  0.998E-04
 0.437E+00  0.349E-01  0.998E-04
 0.437E+00  0.349E-01  0.998E-04
 0.437E+00  0.349E-01  0.998E-04
 0.438E+00  0.349E-01  0.998E-04
 0.438E+00  0.349E-01  0.998E-04
 0.438E+00  0.349E-01  0.998E-04
 0.439E+00  0.349E-01  0.998E-04
 0.439E+00  0.349E-01  0.998E-04
 0.439E+00  0.349E-01  0.998E-04
 0.440E+00  0.349E-01  0.998E-04
 0.440E+00  0.350E-01  0.998E-04
 0.440E+00  0.350E-01  0.998E-04
 0.441E+00  0.350E-01  0.998E-04
 0.441E+00  0.350E-01  0.998E-04
 0.441E+00  0.350E-01  0.998E-04
 0.442E+00  0.350E-01  0.998E-04
 0.442E+00  0.350E-01  0.998E-04
 0.442E+00  0.350E-01  0.998E-04
 0.443E+00  0.350E-01  0.998E-04
 0.443E+00  0.350E-01  0.998E-04
 0.443E+00  0.350E-01  0.998E-04
 0.444E+00  0.350E-01  0.998E-04
 0.444E+00  0.350E-01  0.998E-04
 0.444E+00  0.350E-01  0.998E-04
 0.445E+00  0.350E-01  0.998E-04
 0.445E+00  0.350E-01  0.998E-04
 0.445E+00  0.350E-01  0.998E-04
 0.446E+00  0.350E-01  0.998E-04
 0.446E+00  0.350E-01  0.998E-04
 0.446E+00  0.350E-01  0.998E-04
 0.447E+00  0.350E-01  0.998E-04
 0.447E+00  0.350E-01  0.998E-04
 0.447E+00  0.350E-01  0.998E-04
 0.448E+00  0.350E-01  0.998E-04
 0.448E+00  0.350E-01  0.998E-04
 0.448E+00  0.350E-01  0.998E-04
 0.449E+00  0.350E-01  0.998E-04
 0.449E+00  0.350E-01  0.998E-04
 0.449E+00  0.350E-01  0.998E-04
 0.450E+00  0.350E-01  0.998E-04
 0.450E+00  0.350E-01  0.998E-04
 0.450E+00  0.350E-01  0.998E-04
 0.451E+00  0.350E-01  0.998E-04
 0.451E+00  0.350E-01  0.998E-04
 0.451E+00  0.350E-01  0.998E-04
 0.452E+00  0.350E-01  0.998E-04
 0.452E+00  0.350E-01  0.998E-04
 0.452E+00  0.350E-01  0.998E-04
 0.453E+00  0.350E-01  0.998E-04
 0.453E+00  0.350E-01  0.998E-04
 0.453E+00  0.350E-01  0.998E-04
 0.454E+00  0.350E-01  0.998E-04
 0.454E+00  0.350E-01  0.998E-04
 0.454E+00  0.350E-01  0.998E-04
 0.455E+00  0.350E-01  0.998E-04
 0.455E+00  0.350E-01  0.998E-04
 0.455E+00  0.350E-01  0.998E-04
 0.456E+00  0.350E-01  0.998E-04
 0.456E+00  0.350E-01  0.998E-04
 0.456E+00  0.350E-01  0.998E-04
 0.457E+00  0.350E-01  0.998E-04
 0.457E+00  0.350E-01  0.998E-04
 0.457E+00  0.350E-01  0.998E-04
 0.458E+00  0.350E-01  0.998E-04
 0.458E+00  0.350E-01  0.998E-04
 0.458E+00  0.350E-01  0.998E-04
 0.459E+00  0.350E-01  0.998E-04
 0.459E+00  0.350E-01  0.998E-04
 0.459E+00  0.350E-01  0.998E-04
 0.460E+00  0.350E-01  0.998E-04
 0.460E+00  0.350E-01  0.998E-04
 0.460E+00  0.350E-01  0.998E-04
 0.461E+00  0.350E-01  0.998E-04
 0.461E+00  0.350E-01  0.998E-04
 0.461E+00  0.350E-01  0.998E-04
 0.462E+00  0.350E-01  0.998E-04
 0.462E+00  0.350E-01  0.998E-04
 0.462E+00  0.350E-01  0.998E-04
 0.463E+00  0.350E-01  0.998E-04
 0.463E+00  0.350E-01  0.998E-04
 0.463E+00  0.350E-01  0.998E-04
 0.464E+00  0.350E-01  0.998E-04
 0.464E+00  0.350E-01  0.998E-04
 0.464E+00  0.350E-01  0.998E-04
 0.465E+00  0.350E-01  0.998E-04
 0.465E+00  0.350E-01  0.998E-04
 0.465E+00  0.350E-01  0.998E-04
 0.466E+00  0.350E-01  0.998E-04
 0.466E+00  0.350E-01  0.998E-04
 0.466E+00  0.350E-01  0.998E-04
 0.467E+00  0.350E-01  0.998E-04
 0.467E+00  0.350E-01  0.998E-04
 0.467E+00  0.350E-01  0.998E-04
 0.468E+00  0.350E-01  0.998E-04
 0.468E+00  0.350E-01  0.998E-04
 0.468E+00  0.350E-01  0.998E-04
 0.469E+00  0.350E-01  0.998E-04
 0.469E+00  0.350E-01  0.999E-04
 0.469E+00  0.350E-01  0.999E-04
 0.470E+00  0.350E-01  0.999E-04
 0.470E+00  0.350E-01  0.999E-04
 0.470E+00  0.350E-01  0.999E-04
 0.471E+00  0.350E-01  0.999E-04
 0.471E+00  0.350E-01  0.999E-04
 0.471E+00  0.350E-01  0.999E-04
 0.472E+00  0.350E-01  0.999E-04
 0.472E+00  0.350E-01  0.999E-04
 0.472E+00  0.350E-01  0.999E-04
 0.473E+00  0.350E-01  0.999E-04
 0.473E+00  0.350E-01  0.999E-04
 0.473E+00  0.350E-01  0.999E-04
 0.474E+00  0.350E-01  0.999E-04
 0.474E+00  0.350E-01  0.999E-04
 0.474E+00  0.350E-01  0.999E-04
 0.475E+00  0.350E-01  0.999E-04
 0.475E+00  0.350E-01  0.999E-04
 0.475E+00  0.350E-01  0.999E-04
 0.476E+00  0.350E-01  0.999E-04
 0.476E+00  0.350E-01  0.999E-04
 0.476E+00  0.350E-01  0.999E-04
 0.477E+00  0.350E-01  0.999E-04
 0.477E+00  0.350E-01  0.999E-04
 0.477E+00  0.350E-01  0.999E-04
 0.478E+00  0.350E-01  0.999E-04
 0.478E+00  0.350E-01  0.999E-04
 0.478E+00  0.350E-01  0.999E-04
 0.479E+00  0.350E-01  0.999E-04
 0.479E+00  0.350E-01  0.999E-04
 0.479E+00  0.350E-01  0.999E-04
 0.480E+00  0.350E-01  0.999E-04
 0.480E+00  0.350E-01  0.999E-04
 0.480E+00  0.350E-01  0.999E-04
 0.481E+00  0.350E-01  0.999E-04
 0.481E+00  0.350E-01  0.999E-04
 0.481E+00  0.350E-01  0.999E-04
 0.482E+00  0.350E-01  0.999E-04
 0.482E+00  0.350E-01  0.999E-04
 0.482E+00  0.350E-01  0.999E-04
 0.483E+00  0.350E-01  0.999E-04
 0.483E+00  0.350E-01  0.999E-04
 0.483E+00  0.350E-01  0.999E-04
 0.484E+00  0.350E-01  0.999E-04
 0.484E+00  0.350E-01  0.999E-04
 0.484E+00  0.350E-01  0.999E-04
 0.485E+00  0.350E-01  0.999E-04
 0.485E+00  0.350E-01  0.999E-04
 0.485E+00  0.350E-01  0.999E-04
 0.486E+00  0.350E-01  0.999E-04
 0.486E+00  0.350E-01  0.999E-04
 0.486E+00  0.350E-01  0.999E-04
 0.487E+00  0.350E-01  0.999E-04
 0.487E+00  0.350E-01  0.999E-04
 0.487E+00  0.350E-01  0.999E-04
 0.488E+00  0.350E-01  0.999E-04
 0.488E+00  0.350E-01  0.999E-04
 0.488E+00  0.350E-01  0.999E-04
 0.489E+00  0.350E-01  0.999E-04
 0.489E+00  0.350E-01  0.999E-04
 0.489E+00  0.350E-01  0.999E-04
 0.490E+00  0.350E-01  0.999E-04
 0.490E+00  0.350E-01  0.999E-04
 0.490E+00  0.350E-01  0.999E-04
 0.491E+00  0.350E-01  0.999E-04
 0.491E+00  0.350E-01  0.999E-04
 0.491E+00  0.350E-01  0.999E-04
 0.492E+00  0.350E-01  0.999E-04
 0.492E+00  0.350E-01  0.999E-04
 0.492E+00  0.350E-01  0.999E-04
 0.493E+00  0.350E-01  0.999E-04
 0.493E+00  0.350E-01  0.999E-04
 0.493E+00  0.350E-01  0.999E-04
 0.494E+00  0.350E-01  0.999E-04
 0.494E+00  0.350E-01  0.999E-04
 0.494E+00  0.350E-01  0.999E-04
 0.495E+00  0.350E-01  0.999E-04
 0.495E+00  0.350E-01  0.999E-04
 0.495E+00  0.350E-01  0.999E-04
 0.496E+00  0.350E-01  0.999E-04
 0.496E+00  0.350E-01  0.999E-04
 0.496E+00  0.350E-01  0.999E-04
 0.497E+00  0.350E-01  0.999E-04
 0.497E+00  0.350E-01  0.999E-04
 0.497E+00  0.350E-01  0.999E-04
 0.498E+00  0.350E-01  0.999E-04
 0.498E+00  0.350E-01  0.999E-04
 0.498E+00  0.350E-01  0.999E-04
 0.499E+00  0.350E-01  0.999E-04
 0.499E+00  0.350E-01  0.999E-04
 0.499E+00  0.350E-01  0.999E-04
 0.500E+00  0.350E-01  0.999E-04
 0.500E+00  0.350E-01  0.999E-04
