0 0 100 31.90 1394206372724 1394206486548 1394206486558 1394206372748 0.10000E+01
1 50 50 31.90 1394206408747 1394206522568 1394206522578 1394206408768 0.10000E+01
2 50 50 31.90 1394206411132 1394206524958 1394206524968 1394206411157 0.20000E+01
3 50 50 31.80 1394206411279 1394206525106 1394206525117 1394206411307 0.30000E+01
4 50 50 31.90 1394206411747 1394206525572 1394206525582 1394206411777 0.40000E+01
5 50 50 31.90 1394206412746 1394206526569 1394206526579 1394206412769 0.50000E+01
6 50 50 32.00 1394206413747 1394206527574 1394206527585 1394206413775 0.60000E+01
7 50 50 32.00 1394206414746 1394206528572 1394206528583 1394206414772 0.70000E+01
8 50 50 32.30 1394206415747 1394206529573 1394206529583 1394206415781 0.80000E+01
9 50 50 32.30 1394206416747 1394206530575 1394206530586 1394206416782 0.90000E+01
10 50 50 32.50 1394206417747 1394206531694 1394206531704 1394206417895 0.10000E+02
11 50 50 32.60 1394206418747 1394206532691 1394206532702 1394206418896 0.11000E+02
12 50 50 32.60 1394206419748 1394206533696 1394206533707 1394206419896 0.12000E+02
13 50 50 32.70 1394206420746 1394206534568 1394206534579 1394206420768 0.13000E+02
14 50 50 32.90 1394206421746 1394206535691 1394206535701 1394206421891 0.14000E+02
15 50 50 33.00 1394206422748 1394206536577 1394206536587 1394206422781 0.15000E+02
16 50 50 33.20 1394206423747 1394206537568 1394206537578 1394206423768 0.16000E+02
17 50 50 33.20 1394206424748 1394206538569 1394206538579 1394206424770 0.17000E+02
18 50 50 33.30 1394206425748 1394206539570 1394206539581 1394206425771 0.18000E+02
19 50 50 33.60 1394206426747 1394206540570 1394206540581 1394206426777 0.19000E+02
20 50 50 33.70 1394206427746 1394206541567 1394206541578 1394206427766 0.20000E+02
21 50 50 33.80 1394206428747 1394206542568 1394206542578 1394206428767 0.21000E+02
22 50 50 33.90 1394206429747 1394206543572 1394206543582 1394206429774 0.22000E+02
23 50 50 34.00 1394206430747 1394206544570 1394206544580 1394206430770 0.23000E+02
24 50 50 34.10 1394206431747 1394206545570 1394206545580 1394206431770 0.24000E+02
25 50 50 34.30 1394206432747 1394206546571 1394206546581 1394206432773 0.25000E+02
26 50 50 34.40 1394206433747 1394206547575 1394206547586 1394206433792 0.26000E+02
27 50 50 34.50 1394206434748 1394206548572 1394206548583 1394206434777 0.27000E+02
28 50 50 34.60 1394206435748 1394206549571 1394206549582 1394206435772 0.28000E+02
29 50 50 34.80 1394206436747 1394206550570 1394206550581 1394206436772 0.29000E+02
30 50 50 34.80 1394206437747 1394206551572 1394206551582 1394206437771 0.30000E+02
31 50 50 34.80 1394206438747 1394206552570 1394206552580 1394206438769 0.31000E+02
32 50 50 35.10 1394206439746 1394206553568 1394206553579 1394206439768 0.32000E+02
33 50 50 35.10 1394206440748 1394206554570 1394206554581 1394206440770 0.33000E+02
34 50 50 35.30 1394206441747 1394206555568 1394206555579 1394206441768 0.34000E+02
35 50 50 35.30 1394206442747 1394206556569 1394206556580 1394206442769 0.35000E+02
36 50 50 35.50 1394206443748 1394206557570 1394206557581 1394206443772 0.36000E+02
37 50 50 35.50 1394206444747 1394206558567 1394206558578 1394206444770 0.37000E+02
38 50 50 35.50 1394206445746 1394206559570 1394206559581 1394206445770 0.38000E+02
39 50 50 35.80 1394206446747 1394206560572 1394206560582 1394206446776 0.39000E+02
40 50 50 35.90 1394206447748 1394206561569 1394206561580 1394206447768 0.40000E+02
41 50 50 35.90 1394206448747 1394206562568 1394206562579 1394206448767 0.41000E+02
42 50 50 36.00 1394206449747 1394206563569 1394206563579 1394206449768 0.42000E+02
43 50 50 35.90 1394206450747 1394206564568 1394206564578 1394206450775 0.43000E+02
44 50 50 36.00 1394206451747 1394206565569 1394206565579 1394206451769 0.44000E+02
45 50 50 36.10 1394206452746 1394206566568 1394206566578 1394206452766 0.45000E+02
46 50 50 36.10 1394206453748 1394206567571 1394206567582 1394206453770 0.46000E+02
47 50 50 36.20 1394206454747 1394206568569 1394206568580 1394206454768 0.47000E+02
48 50 50 36.40 1394206455748 1394206569571 1394206569581 1394206455769 0.48000E+02
49 50 50 36.40 1394206456747 1394206570568 1394206570578 1394206456767 0.49000E+02
50 50 50 36.40 1394206457747 1394206571568 1394206571578 1394206457767 0.50000E+02
51 50 50 36.50 1394206458746 1394206572568 1394206572579 1394206458768 0.51000E+02
52 50 50 36.50 1394206459747 1394206573569 1394206573579 1394206459768 0.52000E+02
53 50 50 36.60 1394206460747 1394206574568 1394206574579 1394206460767 0.53000E+02
54 50 50 36.60 1394206461747 1394206575569 1394206575579 1394206461768 0.54000E+02
55 50 50 36.60 1394206462747 1394206576567 1394206576578 1394206462766 0.55000E+02
56 50 50 36.60 1394206463747 1394206577567 1394206577577 1394206463766 0.56000E+02
57 50 50 36.70 1394206464747 1394206578569 1394206578579 1394206464767 0.57000E+02
58 50 50 36.70 1394206465746 1394206579569 1394206579580 1394206465768 0.58000E+02
59 50 50 36.80 1394206466747 1394206580570 1394206580580 1394206466769 0.59000E+02
60 50 50 36.80 1394206467747 1394206581569 1394206581579 1394206467767 0.60000E+02
61 50 50 36.80 1394206468747 1394206582568 1394206582578 1394206468766 0.61000E+02
62 50 50 36.90 1394206469747 1394206583567 1394206583577 1394206469765 0.62000E+02
63 50 50 36.90 1394206470747 1394206584568 1394206584579 1394206470768 0.63000E+02
64 50 50 36.90 1394206471746 1394206585567 1394206585577 1394206471765 0.64000E+02
65 50 50 36.90 1394206472746 1394206586570 1394206586580 1394206472775 0.65000E+02
66 50 50 37.20 1394206473747 1394206587569 1394206587579 1394206473767 0.66000E+02
67 50 50 37.00 1394206474747 1394206588569 1394206588579 1394206474768 0.67000E+02
68 50 50 37.20 1394206475747 1394206589568 1394206589579 1394206475767 0.68000E+02
69 50 50 37.20 1394206476747 1394206590568 1394206590579 1394206476768 0.69000E+02
70 50 50 37.00 1394206477746 1394206591570 1394206591580 1394206477768 0.70000E+02
71 50 50 37.00 1394206478747 1394206592569 1394206592579 1394206478767 0.71000E+02
72 50 50 37.00 1394206479747 1394206593568 1394206593579 1394206479766 0.72000E+02
73 50 50 37.20 1394206480747 1394206594570 1394206594580 1394206480768 0.73000E+02
74 50 50 37.20 1394206481747 1394206595569 1394206595579 1394206481767 0.74000E+02
75 50 50 37.20 1394206482747 1394206596568 1394206596579 1394206482768 0.75000E+02
76 50 50 37.30 1394206483746 1394206597574 1394206597584 1394206483777 0.76000E+02
77 50 50 37.30 1394206484747 1394206598571 1394206598581 1394206484769 0.77000E+02
78 50 50 37.30 1394206485748 1394206599572 1394206599582 1394206485772 0.78000E+02
79 50 50 37.40 1394206486747 1394206600571 1394206600581 1394206486770 0.79000E+02
80 50 50 37.30 1394206487747 1394206601569 1394206601579 1394206487767 0.80000E+02
81 50 50 37.30 1394206488747 1394206602568 1394206602578 1394206488766 0.81000E+02
82 50 50 37.40 1394206489746 1394206603568 1394206603579 1394206489767 0.82000E+02
83 50 50 37.30 1394206490746 1394206604570 1394206604580 1394206490771 0.83000E+02
84 50 50 37.40 1394206491748 1394206605575 1394206605585 1394206491775 0.84000E+02
85 50 50 37.40 1394206492747 1394206606570 1394206606580 1394206492769 0.85000E+02
86 50 50 37.30 1394206493747 1394206607568 1394206607578 1394206493766 0.86000E+02
87 50 50 37.40 1394206494747 1394206608568 1394206608578 1394206494767 0.87000E+02
88 50 50 37.40 1394206495747 1394206609568 1394206609578 1394206495766 0.88000E+02
89 50 50 37.40 1394206496746 1394206610571 1394206610581 1394206496772 0.89000E+02
90 50 50 37.40 1394206497747 1394206611568 1394206611578 1394206497765 0.90000E+02
91 50 50 37.40 1394206498747 1394206612570 1394206612580 1394206498767 0.91000E+02
92 50 50 37.40 1394206499747 1394206613569 1394206613580 1394206499767 0.92000E+02
93 50 50 37.40 1394206500747 1394206614572 1394206614582 1394206500770 0.93000E+02
94 50 50 37.50 1394206501747 1394206615576 1394206615587 1394206501780 0.94000E+02
95 50 50 37.40 1394206502746 1394206616571 1394206616581 1394206502769 0.95000E+02
96 50 50 37.50 1394206503747 1394206617569 1394206617579 1394206503767 0.96000E+02
97 50 50 37.50 1394206504747 1394206618571 1394206618581 1394206504771 0.97000E+02
98 50 50 37.40 1394206505749 1394206619575 1394206619585 1394206505774 0.98000E+02
99 50 50 37.40 1394206506749 1394206620573 1394206620584 1394206506774 0.99000E+02
100 50 50 37.50 1394206507749 1394206621575 1394206621585 1394206507779 0.10000E+03
101 50 50 37.50 1394206508748 1394206622571 1394206622582 1394206508769 0.10100E+03
102 50 50 37.50 1394206509747 1394206623573 1394206623583 1394206509774 0.10200E+03
103 50 50 37.50 1394206510748 1394206624573 1394206624583 1394206510771 0.10300E+03
104 50 50 37.60 1394206511749 1394206625573 1394206625584 1394206511772 0.10400E+03
105 50 50 37.50 1394206512748 1394206626579 1394206626589 1394206512782 0.10500E+03
106 50 50 37.60 1394206513749 1394206627582 1394206627592 1394206513784 0.10600E+03
107 50 50 37.60 1394206514748 1394206628576 1394206628586 1394206514776 0.10700E+03
108 50 50 37.60 1394206515748 1394206629578 1394206629588 1394206515794 0.10800E+03
109 50 50 37.60 1394206516748 1394206630572 1394206630582 1394206516774 0.10900E+03
110 50 50 37.60 1394206517749 1394206631580 1394206631590 1394206517785 0.11000E+03
111 50 50 37.50 1394206518750 1394206632574 1394206632585 1394206518772 0.11100E+03
112 50 50 37.50 1394206519748 1394206633572 1394206633583 1394206519770 0.11200E+03
113 50 50 37.60 1394206520748 1394206634576 1394206634587 1394206520779 0.11300E+03
114 50 50 37.60 1394206521748 1394206635572 1394206635582 1394206521771 0.11400E+03
115 50 50 37.50 1394206522747 1394206636578 1394206636589 1394206522780 0.11500E+03
116 50 50 37.60 1394206523748 1394206637577 1394206637587 1394206523781 0.11600E+03
117 50 50 37.70 1394206524749 1394206638576 1394206638586 1394206524780 0.11700E+03
118 50 50 37.60 1394206525750 1394206639575 1394206639585 1394206525774 0.11800E+03
119 50 50 37.60 1394206526748 1394206640572 1394206640582 1394206526771 0.11900E+03
120 50 50 37.60 1394206527747 1394206641573 1394206641584 1394206527773 0.12000E+03
121 50 50 37.60 1394206528748 1394206642573 1394206642583 1394206528770 0.12100E+03
122 50 50 37.70 1394206529750 1394206643576 1394206643586 1394206529776 0.12200E+03
123 50 50 37.60 1394206530749 1394206644573 1394206644583 1394206530771 0.12300E+03
124 50 50 37.60 1394206531748 1394206645571 1394206645581 1394206531769 0.12400E+03
125 50 50 37.70 1394206532748 1394206646571 1394206646581 1394206532770 0.12500E+03
126 50 50 37.70 1394206533748 1394206647582 1394206647592 1394206533784 0.12600E+03
127 50 50 37.70 1394206534747 1394206648573 1394206648583 1394206534769 0.12700E+03
128 50 50 37.70 1394206535747 1394206649578 1394206649588 1394206535778 0.12800E+03
129 50 50 37.70 1394206536749 1394206650579 1394206650589 1394206536785 0.12900E+03
130 50 50 37.70 1394206537750 1394206651578 1394206651588 1394206537776 0.13000E+03
131 50 50 37.70 1394206538749 1394206652574 1394206652584 1394206538772 0.13100E+03
132 50 50 37.70 1394206539748 1394206653574 1394206653585 1394206539774 0.13200E+03
133 50 50 37.70 1394206540749 1394206654579 1394206654590 1394206540778 0.13300E+03
134 50 50 37.70 1394206541748 1394206655575 1394206655585 1394206541778 0.13400E+03
135 50 50 37.70 1394206542748 1394206656577 1394206656587 1394206542776 0.13500E+03
136 50 50 37.70 1394206543749 1394206657579 1394206657589 1394206543780 0.13600E+03
137 50 50 37.70 1394206544748 1394206658572 1394206658582 1394206544770 0.13700E+03
138 50 50 37.60 1394206545748 1394206659582 1394206659592 1394206545788 0.13800E+03
139 50 50 37.50 1394206546748 1394206660576 1394206660588 1394206546777 0.13900E+03
140 50 50 37.70 1394206547748 1394206661572 1394206661582 1394206547769 0.14000E+03
141 50 50 37.60 1394206548748 1394206662582 1394206662593 1394206548784 0.14100E+03
142 50 50 37.70 1394206549748 1394206663572 1394206663582 1394206549778 0.14200E+03
143 50 50 37.70 1394206550749 1394206664573 1394206664583 1394206550779 0.14300E+03
144 50 50 37.70 1394206551749 1394206665575 1394206665585 1394206551774 0.14400E+03
145 50 50 37.70 1394206552748 1394206666578 1394206666589 1394206552781 0.14500E+03
146 50 50 37.70 1394206553747 1394206667575 1394206667585 1394206553778 0.14600E+03
147 50 50 37.90 1394206554749 1394206668575 1394206668585 1394206554772 0.14700E+03
148 50 50 37.70 1394206555748 1394206669573 1394206669583 1394206555770 0.14800E+03
149 50 50 37.70 1394206556749 1394206670575 1394206670586 1394206556775 0.14900E+03
150 50 50 37.70 1394206557748 1394206671578 1394206671589 1394206557780 0.15000E+03
151 50 50 37.70 1394206558750 1394206672586 1394206672597 1394206558792 0.15100E+03
152 50 50 37.90 1394206559750 1394206673582 1394206673592 1394206559785 0.15200E+03
153 50 50 37.90 1394206560748 1394206674574 1394206674585 1394206560772 0.15300E+03
154 50 50 37.90 1394206561748 1394206675577 1394206675587 1394206561779 0.15400E+03
155 50 50 37.90 1394206562749 1394206676580 1394206676591 1394206562778 0.15500E+03
156 50 50 37.90 1394206563750 1394206677581 1394206677591 1394206563781 0.15600E+03
157 50 50 37.90 1394206564748 1394206678578 1394206678588 1394206564777 0.15700E+03
158 50 50 37.90 1394206565748 1394206679582 1394206679592 1394206565786 0.15800E+03
159 50 50 37.90 1394206566749 1394206680583 1394206680593 1394206566790 0.15900E+03
160 50 50 37.90 1394206567750 1394206681584 1394206681595 1394206567791 0.16000E+03
161 50 50 37.90 1394206568749 1394206682579 1394206682589 1394206568780 0.16100E+03
162 50 50 37.90 1394206569749 1394206683587 1394206683597 1394206569796 0.16200E+03
163 50 50 37.70 1394206570748 1394206684582 1394206684592 1394206570786 0.16300E+03
164 50 50 37.70 1394206571749 1394206685582 1394206685592 1394206571786 0.16400E+03
165 50 50 37.70 1394206572749 1394206686584 1394206686594 1394206572787 0.16500E+03
166 50 50 38.00 1394206573749 1394206687589 1394206687600 1394206573795 0.16600E+03
167 50 50 37.90 1394206574749 1394206688579 1394206688590 1394206574780 0.16700E+03
168 50 50 37.70 1394206575749 1394206689580 1394206689590 1394206575782 0.16800E+03
169 50 50 37.90 1394206576750 1394206690582 1394206690592 1394206576790 0.16900E+03
170 50 50 37.70 1394206577749 1394206691581 1394206691592 1394206577786 0.17000E+03
171 50 50 37.90 1394206578747 1394206692577 1394206692587 1394206578784 0.17100E+03
172 50 50 37.90 1394206579749 1394206693579 1394206693590 1394206579785 0.17200E+03
173 50 50 37.90 1394206580749 1394206694582 1394206694593 1394206580785 0.17300E+03
174 50 50 37.90 1394206581748 1394206695578 1394206695589 1394206581782 0.17400E+03
175 50 50 38.00 1394206582749 1394206696580 1394206696590 1394206582784 0.17500E+03
176 50 50 37.90 1394206583750 1394206697583 1394206697593 1394206583788 0.17600E+03
177 50 50 37.90 1394206584748 1394206698582 1394206698592 1394206584785 0.17700E+03
178 50 50 38.00 1394206585747 1394206699576 1394206699586 1394206585775 0.17800E+03
179 50 50 37.90 1394206586750 1394206700581 1394206700591 1394206586783 0.17900E+03
180 50 50 37.90 1394206587748 1394206701578 1394206701588 1394206587781 0.18000E+03
181 50 50 38.00 1394206588748 1394206702580 1394206702591 1394206588782 0.18100E+03
182 50 50 38.00 1394206589749 1394206703586 1394206703597 1394206589794 0.18200E+03
183 50 50 37.90 1394206590747 1394206704581 1394206704592 1394206590785 0.18300E+03
184 50 50 37.90 1394206591748 1394206705583 1394206705593 1394206591786 0.18400E+03
185 50 50 38.00 1394206592748 1394206706581 1394206706591 1394206592784 0.18500E+03
186 50 50 38.00 1394206593749 1394206707590 1394206707600 1394206593794 0.18600E+03
187 50 50 38.00 1394206594752 1394206708584 1394206708594 1394206594785 0.18700E+03
188 50 50 37.90 1394206595748 1394206709586 1394206709596 1394206595788 0.18800E+03
189 50 50 37.90 1394206596748 1394206710584 1394206710594 1394206596789 0.18900E+03
190 50 50 37.90 1394206597747 1394206711581 1394206711591 1394206597785 0.19000E+03
191 50 50 38.00 1394206598749 1394206712587 1394206712597 1394206598791 0.19100E+03
192 50 50 38.00 1394206599748 1394206713585 1394206713596 1394206599793 0.19200E+03
193 50 50 37.90 1394206600750 1394206714583 1394206714593 1394206600787 0.19300E+03
194 50 50 38.00 1394206601749 1394206715579 1394206715589 1394206601781 0.19400E+03
195 50 50 37.90 1394206602748 1394206716584 1394206716594 1394206602791 0.19500E+03
196 50 50 37.90 1394206603748 1394206717584 1394206717595 1394206603791 0.19600E+03
197 50 50 38.00 1394206604747 1394206718581 1394206718591 1394206604783 0.19700E+03
198 50 50 37.90 1394206605751 1394206719585 1394206719595 1394206605787 0.19800E+03
199 50 50 37.90 1394206606748 1394206720583 1394206720593 1394206606789 0.19900E+03
200 50 50 37.90 1394206607749 1394206721581 1394206721591 1394206607786 0.20000E+03
201 50 50 37.90 1394206608747 1394206722584 1394206722595 1394206608794 0.20100E+03
202 50 50 37.90 1394206609747 1394206723584 1394206723594 1394206609791 0.20200E+03
203 50 50 38.00 1394206610747 1394206724578 1394206724589 1394206610775 0.20300E+03
204 50 50 37.90 1394206611749 1394206725580 1394206725590 1394206611781 0.20400E+03
205 50 50 37.90 1394206612749 1394206726583 1394206726594 1394206612787 0.20500E+03
206 50 50 38.00 1394206613749 1394206727583 1394206727594 1394206613786 0.20600E+03
207 50 50 38.00 1394206614748 1394206728587 1394206728598 1394206614788 0.20700E+03
208 50 50 38.00 1394206615748 1394206729582 1394206729592 1394206615784 0.20800E+03
209 50 50 38.00 1394206616748 1394206730580 1394206730590 1394206616779 0.20900E+03
210 50 50 38.00 1394206617748 1394206731580 1394206731591 1394206617787 0.21000E+03
211 50 50 37.90 1394206618750 1394206732589 1394206732600 1394206618796 0.21100E+03
212 50 50 38.10 1394206619751 1394206733587 1394206733598 1394206619795 0.21200E+03
213 50 50 38.00 1394206620750 1394206734587 1394206734597 1394206620791 0.21300E+03
214 50 50 37.90 1394206621749 1394206735582 1394206735592 1394206621786 0.21400E+03
215 50 50 38.00 1394206622750 1394206736585 1394206736595 1394206622790 0.21500E+03
216 50 50 37.70 1394206623749 1394206737586 1394206737596 1394206623790 0.21600E+03
217 50 50 38.00 1394206624748 1394206738582 1394206738593 1394206624787 0.21700E+03
218 50 50 38.00 1394206625748 1394206739586 1394206739597 1394206625794 0.21800E+03
219 50 50 38.00 1394206626750 1394206740587 1394206740598 1394206626790 0.21900E+03
220 50 50 38.00 1394206627749 1394206741583 1394206741593 1394206627785 0.22000E+03
221 50 50 38.10 1394206628748 1394206742583 1394206742593 1394206628788 0.22100E+03
222 50 50 38.10 1394206629749 1394206743584 1394206743593 1394206629788 0.22200E+03
223 50 50 38.00 1394206630753 1394206744591 1394206744602 1394206630797 0.22300E+03
224 50 50 38.00 1394206631749 1394206745584 1394206745595 1394206631794 0.22400E+03
225 50 50 38.00 1394206632749 1394206746584 1394206746594 1394206632785 0.22500E+03
226 50 50 37.90 1394206633749 1394206747583 1394206747593 1394206633786 0.22600E+03
227 50 50 38.00 1394206634749 1394206748586 1394206748596 1394206634793 0.22700E+03
228 50 50 38.00 1394206635748 1394206749580 1394206749590 1394206635784 0.22800E+03
229 50 50 38.00 1394206636750 1394206750594 1394206750605 1394206636800 0.22900E+03
230 50 50 38.00 1394206637749 1394206751585 1394206751595 1394206637788 0.23000E+03
231 50 50 38.00 1394206638750 1394206752586 1394206752597 1394206638793 0.23100E+03
232 50 50 38.00 1394206639750 1394206753586 1394206753597 1394206639791 0.23200E+03
233 50 50 38.00 1394206640749 1394206754591 1394206754602 1394206640795 0.23300E+03
234 50 50 38.10 1394206641747 1394206755585 1394206755595 1394206641787 0.23400E+03
235 50 50 38.00 1394206642749 1394206756584 1394206756594 1394206642785 0.23500E+03
236 50 50 38.00 1394206643748 1394206757579 1394206757589 1394206643779 0.23600E+03
237 50 50 38.10 1394206644748 1394206758576 1394206758587 1394206644772 0.23700E+03
238 50 50 38.10 1394206645749 1394206759583 1394206759594 1394206645787 0.23800E+03
239 50 50 37.90 1394206646747 1394206760581 1394206760591 1394206646781 0.23900E+03
240 50 50 38.00 1394206647749 1394206761585 1394206761595 1394206647788 0.24000E+03
241 50 50 38.00 1394206648749 1394206762581 1394206762592 1394206648782 0.24100E+03
242 50 50 38.00 1394206649749 1394206763577 1394206763587 1394206649778 0.24200E+03
243 50 50 37.90 1394206650748 1394206764582 1394206764592 1394206650786 0.24300E+03
244 50 50 37.90 1394206651750 1394206765586 1394206765596 1394206651787 0.24400E+03
245 50 50 37.90 1394206652748 1394206766584 1394206766594 1394206652785 0.24500E+03
246 50 50 37.90 1394206653748 1394206767581 1394206767592 1394206653780 0.24600E+03
247 50 50 37.90 1394206654749 1394206768581 1394206768591 1394206654775 0.24700E+03
248 50 50 37.70 1394206655751 1394206769584 1394206769595 1394206655780 0.24800E+03
249 50 50 37.70 1394206656748 1394206770581 1394206770591 1394206656783 0.24900E+03
250 50 50 37.90 1394206657750 1394206771586 1394206771596 1394206657790 0.25000E+03
251 50 50 37.90 1394206658751 1394206772581 1394206772591 1394206658783 0.25100E+03
252 50 50 37.90 1394206659750 1394206773587 1394206773597 1394206659790 0.25200E+03
253 50 50 37.70 1394206660749 1394206774586 1394206774597 1394206660790 0.25300E+03
254 50 50 37.70 1394206661748 1394206775581 1394206775592 1394206661778 0.25400E+03
255 50 50 37.70 1394206662749 1394206776577 1394206776587 1394206662771 0.25500E+03
256 50 50 37.90 1394206663748 1394206777578 1394206777589 1394206663777 0.25600E+03
257 50 50 37.90 1394206664749 1394206778583 1394206778593 1394206664787 0.25700E+03
258 50 50 37.90 1394206665749 1394206779586 1394206779597 1394206665781 0.25800E+03
259 50 50 37.70 1394206666748 1394206780580 1394206780590 1394206666782 0.25900E+03
260 50 50 37.90 1394206667748 1394206781585 1394206781596 1394206667781 0.26000E+03
261 50 50 37.90 1394206668749 1394206782586 1394206782596 1394206668784 0.26100E+03
262 50 50 37.90 1394206669749 1394206783585 1394206783595 1394206669789 0.26200E+03
263 50 50 37.90 1394206670749 1394206784582 1394206784592 1394206670782 0.26300E+03
264 50 50 37.90 1394206671749 1394206785577 1394206785587 1394206671773 0.26400E+03
265 50 50 37.90 1394206672749 1394206786581 1394206786590 1394206672777 0.26500E+03
266 50 50 37.90 1394206673747 1394206787578 1394206787589 1394206673779 0.26600E+03
267 50 50 37.90 1394206674748 1394206788579 1394206788590 1394206674779 0.26700E+03
268 50 50 37.70 1394206675748 1394206789578 1394206789588 1394206675777 0.26800E+03
269 50 50 37.90 1394206676748 1394206790578 1394206790589 1394206676774 0.26900E+03
270 50 50 37.90 1394206677750 1394206791582 1394206791593 1394206677780 0.27000E+03
271 50 50 37.90 1394206678750 1394206792581 1394206792592 1394206678779 0.27100E+03
272 50 50 38.00 1394206679747 1394206793585 1394206793595 1394206679783 0.27200E+03
273 50 50 38.00 1394206680750 1394206794586 1394206794597 1394206680789 0.27300E+03
274 50 50 37.90 1394206681749 1394206795582 1394206795592 1394206681785 0.27400E+03
275 50 50 38.00 1394206682750 1394206796579 1394206796590 1394206682777 0.27500E+03
276 50 50 38.00 1394206683749 1394206797579 1394206797589 1394206683776 0.27600E+03
277 50 50 38.00 1394206684748 1394206798583 1394206798594 1394206684786 0.27700E+03
278 50 50 38.00 1394206685747 1394206799585 1394206799595 1394206685786 0.27800E+03
279 50 50 38.00 1394206686747 1394206800577 1394206800588 1394206686779 0.27900E+03
280 50 50 38.00 1394206687748 1394206801577 1394206801588 1394206687774 0.28000E+03
281 50 50 38.10 1394206688749 1394206802583 1394206802594 1394206688783 0.28100E+03
282 50 50 38.00 1394206689749 1394206803586 1394206803596 1394206689781 0.28200E+03
283 50 50 38.00 1394206690747 1394206804580 1394206804590 1394206690777 0.28300E+03
284 50 50 38.00 1394206691750 1394206805587 1394206805598 1394206691791 0.28400E+03
285 50 50 38.00 1394206692748 1394206806579 1394206806590 1394206692778 0.28500E+03
286 50 50 38.00 1394206693748 1394206807578 1394206807589 1394206693774 0.28600E+03
287 50 50 38.00 1394206694750 1394206808582 1394206808592 1394206694781 0.28700E+03
288 50 50 38.00 1394206695748 1394206809583 1394206809593 1394206695783 0.28800E+03
289 50 50 38.00 1394206696748 1394206810580 1394206810590 1394206696778 0.28900E+03
290 50 50 38.00 1394206697749 1394206811578 1394206811588 1394206697772 0.29000E+03
291 50 50 38.00 1394206698747 1394206812578 1394206812588 1394206698774 0.29100E+03
292 50 50 38.00 1394206699748 1394206813577 1394206813588 1394206699778 0.29200E+03
293 50 50 38.10 1394206700748 1394206814581 1394206814591 1394206700778 0.29300E+03
294 50 50 38.10 1394206701750 1394206815586 1394206815596 1394206701783 0.29400E+03
295 50 50 38.00 1394206702748 1394206816585 1394206816595 1394206702788 0.29500E+03
296 50 50 38.10 1394206703748 1394206817578 1394206817589 1394206703775 0.29600E+03
297 50 50 38.10 1394206704749 1394206818580 1394206818590 1394206704775 0.29700E+03
298 50 50 38.00 1394206705748 1394206819577 1394206819588 1394206705775 0.29800E+03
299 50 50 38.00 1394206706749 1394206820586 1394206820597 1394206706786 0.29900E+03
300 50 50 38.00 1394206707749 1394206821585 1394206821595 1394206707782 0.30000E+03
301 60 50 38.10 1394206708749 1394206822583 1394206822593 1394206708782 0.30100E+03
302 60 50 38.00 1394206709748 1394206823581 1394206823591 1394206709775 0.30200E+03
303 60 50 38.10 1394206710748 1394206824583 1394206824594 1394206710782 0.30300E+03
304 60 50 38.10 1394206711747 1394206825582 1394206825593 1394206711779 0.30400E+03
305 60 50 38.10 1394206712750 1394206826586 1394206826596 1394206712787 0.30500E+03
306 60 50 38.20 1394206713749 1394206827578 1394206827588 1394206713774 0.30600E+03
307 60 50 38.10 1394206714750 1394206828583 1394206828593 1394206714783 0.30700E+03
308 60 50 38.10 1394206715749 1394206829579 1394206829589 1394206715773 0.30800E+03
309 60 50 38.20 1394206716747 1394206830576 1394206830586 1394206716773 0.30900E+03
310 60 50 38.20 1394206717748 1394206831585 1394206831595 1394206717787 0.31000E+03
311 60 50 38.30 1394206718749 1394206832583 1394206832594 1394206718780 0.31100E+03
312 60 50 38.30 1394206719751 1394206833586 1394206833597 1394206719784 0.31200E+03
313 60 50 38.30 1394206720750 1394206834708 1394206834718 1394206720905 0.31300E+03
314 60 50 38.30 1394206721750 1394206835589 1394206835599 1394206721792 0.31400E+03
315 60 50 38.30 1394206722749 1394206836582 1394206836592 1394206722776 0.31500E+03
316 60 50 38.40 1394206723747 1394206837585 1394206837595 1394206723785 0.31600E+03
317 60 50 38.40 1394206724749 1394206838583 1394206838593 1394206724783 0.31700E+03
318 60 50 38.40 1394206725748 1394206839577 1394206839588 1394206725773 0.31800E+03
319 60 50 38.60 1394206726750 1394206840581 1394206840592 1394206726780 0.31900E+03
320 60 50 38.40 1394206727750 1394206841592 1394206841602 1394206727796 0.32000E+03
321 60 50 38.60 1394206728750 1394206842583 1394206842593 1394206728783 0.32100E+03
322 60 50 38.60 1394206729748 1394206843581 1394206843591 1394206729778 0.32200E+03
323 60 50 38.60 1394206730749 1394206844581 1394206844591 1394206730776 0.32300E+03
324 60 50 38.70 1394206731751 1394206845587 1394206845597 1394206731786 0.32400E+03
325 60 50 38.70 1394206732749 1394206846583 1394206846594 1394206732782 0.32500E+03
326 60 50 38.70 1394206733749 1394206847583 1394206847593 1394206733781 0.32600E+03
327 60 50 38.70 1394206734749 1394206848587 1394206848597 1394206734789 0.32700E+03
328 60 50 38.80 1394206735748 1394206849583 1394206849594 1394206735783 0.32800E+03
329 60 50 38.70 1394206736749 1394206850580 1394206850590 1394206736775 0.32900E+03
330 40 50 38.70 1394206737750 1394206851582 1394206851592 1394206737779 0.33000E+03
331 40 50 38.80 1394206738747 1394206852582 1394206852593 1394206738782 0.33100E+03
332 40 50 38.80 1394206739750 1394206853592 1394206853603 1394206739796 0.33200E+03
333 40 50 38.80 1394206740750 1394206854583 1394206854594 1394206740791 0.33300E+03
334 40 50 38.90 1394206741748 1394206855582 1394206855592 1394206741779 0.33400E+03
335 40 50 38.80 1394206742749 1394206856580 1394206856590 1394206742772 0.33500E+03
336 40 50 38.80 1394206743748 1394206857581 1394206857591 1394206743774 0.33600E+03
337 40 50 38.80 1394206744749 1394206858579 1394206858589 1394206744773 0.33700E+03
338 40 50 38.80 1394206745751 1394206859580 1394206859590 1394206745773 0.33800E+03
339 40 50 38.80 1394206746750 1394206860586 1394206860596 1394206746780 0.33900E+03
340 40 50 38.80 1394206747749 1394206861580 1394206861591 1394206747777 0.34000E+03
341 40 50 38.70 1394206748749 1394206862580 1394206862591 1394206748775 0.34100E+03
342 40 50 38.60 1394206749748 1394206863578 1394206863588 1394206749771 0.34200E+03
343 40 50 38.60 1394206750748 1394206864582 1394206864592 1394206750778 0.34300E+03
344 40 50 38.40 1394206751750 1394206865581 1394206865591 1394206751779 0.34400E+03
345 40 50 38.40 1394206752749 1394206866587 1394206866597 1394206752780 0.34500E+03
346 40 50 38.30 1394206753750 1394206867584 1394206867594 1394206753786 0.34600E+03
347 40 50 38.20 1394206754749 1394206868579 1394206868589 1394206754772 0.34700E+03
348 40 50 38.30 1394206755747 1394206869580 1394206869590 1394206755776 0.34800E+03
349 60 50 38.20 1394206756750 1394206870593 1394206870603 1394206756789 0.34900E+03
350 60 50 38.20 1394206757749 1394206871587 1394206871597 1394206757781 0.35000E+03
351 60 50 38.20 1394206758751 1394206872587 1394206872597 1394206758783 0.35100E+03
352 60 50 38.10 1394206759748 1394206873577 1394206873587 1394206759773 0.35200E+03
353 60 50 38.20 1394206760748 1394206874577 1394206874588 1394206760772 0.35300E+03
354 60 50 38.10 1394206761750 1394206875587 1394206875597 1394206761782 0.35400E+03
355 60 50 38.10 1394206762750 1394206876582 1394206876592 1394206762775 0.35500E+03
356 60 50 38.20 1394206763750 1394206877583 1394206877593 1394206763779 0.35600E+03
357 60 50 38.20 1394206764750 1394206878580 1394206878590 1394206764773 0.35700E+03
358 60 50 38.10 1394206765747 1394206879579 1394206879590 1394206765774 0.35800E+03
359 60 50 38.00 1394206766748 1394206880586 1394206880596 1394206766781 0.35900E+03
360 60 50 38.10 1394206767748 1394206881586 1394206881597 1394206767780 0.36000E+03
361 60 50 38.10 1394206768749 1394206882584 1394206882594 1394206768781 0.36100E+03
362 60 50 38.10 1394206769751 1394206883583 1394206883594 1394206769779 0.36200E+03
363 60 50 38.00 1394206770750 1394206884587 1394206884597 1394206770782 0.36300E+03
364 60 50 38.10 1394206771748 1394206885581 1394206885591 1394206771778 0.36400E+03
365 60 50 38.10 1394206772749 1394206886584 1394206886594 1394206772781 0.36500E+03
366 60 50 38.10 1394206773749 1394206887587 1394206887597 1394206773793 0.36600E+03
367 60 50 38.10 1394206774747 1394206888579 1394206888589 1394206774772 0.36700E+03
368 60 50 38.20 1394206775750 1394206889582 1394206889593 1394206775777 0.36800E+03
369 60 50 38.10 1394206776749 1394206890576 1394206890586 1394206776769 0.36900E+03
370 60 50 38.20 1394206777751 1394206891584 1394206891594 1394206777776 0.37000E+03
371 60 50 38.20 1394206778750 1394206892582 1394206892592 1394206778774 0.37100E+03
372 60 50 38.20 1394206779749 1394206893581 1394206893591 1394206779776 0.37200E+03
373 60 50 38.30 1394206780749 1394206894588 1394206894598 1394206780788 0.37300E+03
374 60 50 38.30 1394206781750 1394206895583 1394206895593 1394206781776 0.37400E+03
375 60 50 38.30 1394206782750 1394206896585 1394206896596 1394206782794 0.37500E+03
376 60 50 38.30 1394206783749 1394206897585 1394206897596 1394206783780 0.37600E+03
377 60 50 38.60 1394206784748 1394206898581 1394206898592 1394206784776 0.37700E+03
378 60 50 38.40 1394206785748 1394206899588 1394206899598 1394206785782 0.37800E+03
379 60 50 38.40 1394206786749 1394206900581 1394206900591 1394206786773 0.37900E+03
380 60 50 38.60 1394206787751 1394206901580 1394206901590 1394206787773 0.38000E+03
381 60 50 38.60 1394206788749 1394206902579 1394206902590 1394206788774 0.38100E+03
382 60 50 38.70 1394206789750 1394206903593 1394206903603 1394206789791 0.38200E+03
383 60 50 38.70 1394206790749 1394206904582 1394206904593 1394206790777 0.38300E+03
384 60 50 38.60 1394206791749 1394206905582 1394206905592 1394206791775 0.38400E+03
385 60 50 38.70 1394206792749 1394206906585 1394206906595 1394206792783 0.38500E+03
386 60 50 38.80 1394206793750 1394206907583 1394206907593 1394206793775 0.38600E+03
387 60 50 38.70 1394206794750 1394206908587 1394206908597 1394206794781 0.38700E+03
388 60 50 38.80 1394206795750 1394206909581 1394206909592 1394206795775 0.38800E+03
389 60 50 38.80 1394206796751 1394206910583 1394206910594 1394206796776 0.38900E+03
390 40 50 38.90 1394206797750 1394206911582 1394206911593 1394206797776 0.39000E+03
391 40 50 38.90 1394206798750 1394206912588 1394206912598 1394206798783 0.39100E+03
392 40 50 38.90 1394206799750 1394206913583 1394206913594 1394206799778 0.39200E+03
393 40 50 38.90 1394206800750 1394206914588 1394206914598 1394206800780 0.39300E+03
394 40 50 38.80 1394206801750 1394206915580 1394206915590 1394206801772 0.39400E+03
395 40 50 38.90 1394206802750 1394206916582 1394206916592 1394206802777 0.39500E+03
396 40 50 38.80 1394206803749 1394206917584 1394206917594 1394206803779 0.39600E+03
397 40 50 38.70 1394206804750 1394206918582 1394206918593 1394206804774 0.39700E+03
398 40 50 38.80 1394206805750 1394206919583 1394206919594 1394206805778 0.39800E+03
399 40 50 38.80 1394206806750 1394206920588 1394206920599 1394206806781 0.39900E+03
400 40 50 38.80 1394206807751 1394206921585 1394206921595 1394206807776 0.40000E+03
401 60 50 38.70 1394206808751 1394206922583 1394206922593 1394206808779 0.40100E+03
402 60 50 38.70 1394206809750 1394206923583 1394206923593 1394206809774 0.40200E+03
403 60 50 38.60 1394206810750 1394206924582 1394206924592 1394206810778 0.40300E+03
404 60 50 38.60 1394206811750 1394206925586 1394206925597 1394206811779 0.40400E+03
405 60 50 38.60 1394206812749 1394206926580 1394206926590 1394206812771 0.40500E+03
406 60 50 38.40 1394206813750 1394206927584 1394206927595 1394206813776 0.40600E+03
407 60 50 38.40 1394206814749 1394206928580 1394206928591 1394206814773 0.40700E+03
408 60 50 38.40 1394206815749 1394206929583 1394206929593 1394206815774 0.40800E+03
409 60 50 38.30 1394206816749 1394206930584 1394206930594 1394206816777 0.40900E+03
410 60 50 38.40 1394206817750 1394206931582 1394206931593 1394206817774 0.41000E+03
411 60 50 38.60 1394206818750 1394206932586 1394206932597 1394206818786 0.41100E+03
412 60 50 38.40 1394206819749 1394206933587 1394206933598 1394206819784 0.41200E+03
413 60 50 38.60 1394206820750 1394206934588 1394206934599 1394206820786 0.41300E+03
414 60 50 38.40 1394206821752 1394206935587 1394206935598 1394206821786 0.41400E+03
415 60 50 38.60 1394206822750 1394206936585 1394206936595 1394206822778 0.41500E+03
416 60 50 38.60 1394206823750 1394206937588 1394206937599 1394206823784 0.41600E+03
417 60 50 38.60 1394206824749 1394206938581 1394206938591 1394206824775 0.41700E+03
418 60 50 38.60 1394206825749 1394206939584 1394206939594 1394206825778 0.41800E+03
419 60 50 38.60 1394206826751 1394206940589 1394206940600 1394206826783 0.41900E+03
420 60 50 38.60 1394206827751 1394206941594 1394206941605 1394206827794 0.42000E+03
421 60 50 38.70 1394206828751 1394206942594 1394206942604 1394206828792 0.42100E+03
422 60 50 38.70 1394206829749 1394206943585 1394206943595 1394206829776 0.42200E+03
423 60 50 38.70 1394206830750 1394206944589 1394206944599 1394206830781 0.42300E+03
424 60 50 38.70 1394206831752 1394206945591 1394206945601 1394206831789 0.42400E+03
425 40 50 38.80 1394206832749 1394206946591 1394206946602 1394206832788 0.42500E+03
426 40 50 38.90 1394206833750 1394206947588 1394206947599 1394206833781 0.42600E+03
427 40 50 38.80 1394206834749 1394206948592 1394206948602 1394206834788 0.42700E+03
428 40 50 38.80 1394206835750 1394206949585 1394206949595 1394206835779 0.42800E+03
429 40 50 38.80 1394206836750 1394206950589 1394206950599 1394206836786 0.42900E+03
430 40 50 38.90 1394206837751 1394206951589 1394206951599 1394206837783 0.43000E+03
431 40 50 38.80 1394206838751 1394206952589 1394206952600 1394206838790 0.43100E+03
432 40 50 38.80 1394206839750 1394206953590 1394206953601 1394206839785 0.43200E+03
433 40 50 38.80 1394206840752 1394206954586 1394206954596 1394206840778 0.43300E+03
434 40 50 38.70 1394206841750 1394206955587 1394206955598 1394206841781 0.43400E+03
435 40 50 38.70 1394206842749 1394206956583 1394206956593 1394206842776 0.43500E+03
436 40 50 38.80 1394206843749 1394206957588 1394206957598 1394206843783 0.43600E+03
437 40 50 38.70 1394206844749 1394206958588 1394206958599 1394206844783 0.43700E+03
438 40 50 38.70 1394206845753 1394206959591 1394206959601 1394206845792 0.43800E+03
439 40 50 38.60 1394206846752 1394206960588 1394206960598 1394206846783 0.43900E+03
440 40 50 38.40 1394206847750 1394206961587 1394206961598 1394206847783 0.44000E+03
441 40 50 38.60 1394206848750 1394206962584 1394206962595 1394206848778 0.44100E+03
442 40 50 38.40 1394206849750 1394206963587 1394206963598 1394206849782 0.44200E+03
443 40 50 38.40 1394206850750 1394206964589 1394206964600 1394206850789 0.44300E+03
444 40 50 38.40 1394206851750 1394206965586 1394206965596 1394206851780 0.44400E+03
445 40 50 38.20 1394206852752 1394206966588 1394206966599 1394206852786 0.44500E+03
446 40 50 38.20 1394206853750 1394206967585 1394206967595 1394206853778 0.44600E+03
447 40 50 38.20 1394206854752 1394206968594 1394206968604 1394206854791 0.44700E+03
448 40 50 38.10 1394206856054 1394206969891 1394206969901 1394206856089 0.44800E+03
449 40 50 38.00 1394206856952 1394206970784 1394206970794 1394206856974 0.44900E+03
450 40 50 38.10 1394206858185 1394206972026 1394206972036 1394206858222 0.45000E+03
451 40 50 38.10 1394206859243 1394206973079 1394206973089 1394206859275 0.45100E+03
452 40 50 38.10 1394206860115 1394206973949 1394206973960 1394206860153 0.45200E+03
453 40 50 37.90 1394206861418 1394206975262 1394206975272 1394206861456 0.45300E+03
454 40 50 38.00 1394206862549 1394206976386 1394206976396 1394206862582 0.45400E+03
455 40 50 37.90 1394206863868 1394206977714 1394206977724 1394206863906 0.45500E+03
456 40 50 37.70 1394206865323 1394206979168 1394206979178 1394206865362 0.45600E+03
457 40 50 37.70 1394206866521 1394206980368 1394206980378 1394206866568 0.45700E+03
458 40 50 37.70 1394206867651 1394206981490 1394206981501 1394206867688 0.45800E+03
459 40 50 37.60 1394206868957 1394206982798 1394206982808 1394206868997 0.45900E+03
460 40 50 37.60 1394206870017 1394206983854 1394206983864 1394206870046 0.46000E+03
461 40 50 37.60 1394206871282 1394206985121 1394206985132 1394206871317 0.46100E+03
462 60 50 37.60 1394206873207 1394206987049 1394206987060 1394206873249 0.46200E+03
463 60 50 37.60 1394206874393 1394206988234 1394206988245 1394206874434 0.46300E+03
464 60 50 37.50 1394206875436 1394206989267 1394206989278 1394206875459 0.46400E+03
465 60 50 37.40 1394206876455 1394206990292 1394206990303 1394206876490 0.46500E+03
466 60 50 37.40 1394206877405 1394206991239 1394206991250 1394206877431 0.46600E+03
467 60 50 37.50 1394206878461 1394206992297 1394206992307 1394206878490 0.46700E+03
468 60 50 37.50 1394206879723 1394206993558 1394206993569 1394206879752 0.46800E+03
469 60 50 37.40 1394206880884 1394206994726 1394206994736 1394206880918 0.46900E+03
470 60 50 37.50 1394206881920 1394206995770 1394206995781 1394206881971 0.47000E+03
471 60 50 37.50 1394206882908 1394206996746 1394206996756 1394206882937 0.47100E+03
472 60 50 37.40 1394206883815 1394206997652 1394206997662 1394206883845 0.47200E+03
473 60 50 37.50 1394206884759 1394206998597 1394206998608 1394206884794 0.47300E+03
474 60 50 37.60 1394206885831 1394206999671 1394206999682 1394206885864 0.47400E+03
475 60 50 37.50 1394206886888 1394207000755 1394207000765 1394206886946 0.47500E+03
476 60 50 37.60 1394206887913 1394207001747 1394207001756 1394206887941 0.47600E+03
477 60 50 37.60 1394206888946 1394207002787 1394207002798 1394206888978 0.47700E+03
478 60 50 37.70 1394206890293 1394207004137 1394207004147 1394206890330 0.47800E+03
479 60 50 37.70 1394206891275 1394207005116 1394207005126 1394206891314 0.47900E+03
480 60 50 37.70 1394206892337 1394207006174 1394207006185 1394206892371 0.48000E+03
481 60 50 38.00 1394206893302 1394207007139 1394207007149 1394206893335 0.48100E+03
482 60 50 38.10 1394206894269 1394207008106 1394207008117 1394206894298 0.48200E+03
483 60 50 38.00 1394206895205 1394207009043 1394207009054 1394206895239 0.48300E+03
484 60 50 38.00 1394206896211 1394207010056 1394207010067 1394206896246 0.48400E+03
485 60 50 38.10 1394206897199 1394207011042 1394207011052 1394206897237 0.48500E+03
486 60 50 38.20 1394206898188 1394207012026 1394207012037 1394206898227 0.48600E+03
487 60 50 38.20 1394206899184 1394207013026 1394207013037 1394206899223 0.48700E+03
488 60 50 38.20 1394206900151 1394207013995 1394207014005 1394206900190 0.48800E+03
489 60 50 38.20 1394206901236 1394207015074 1394207015084 1394206901266 0.48900E+03
490 60 50 38.40 1394206902345 1394207016184 1394207016194 1394206902381 0.49000E+03
491 60 50 38.30 1394206903329 1394207017169 1394207017179 1394206903363 0.49100E+03
492 60 50 38.30 1394206904459 1394207018302 1394207018313 1394206904497 0.49200E+03
493 60 50 38.30 1394206905764 1394207019606 1394207019616 1394206905802 0.49300E+03
494 60 50 38.40 1394206907011 1394207020847 1394207020857 1394206907037 0.49400E+03
495 60 50 38.60 1394206908346 1394207022181 1394207022191 1394206908372 0.49500E+03
496 60 50 38.60 1394206909655 1394207023490 1394207023500 1394206909682 0.49600E+03
497 60 50 38.70 1394206910999 1394207024838 1394207024849 1394206911032 0.49700E+03
498 40 50 38.70 1394206912518 1394207026374 1394207026384 1394206912573 0.49800E+03
499 40 50 38.70 1394206914052 1394207027911 1394207027921 1394206914105 0.49900E+03
500 40 50 38.70 1394206915478 1394207029314 1394207029324 1394206915507 0.50000E+03
501 40 50 38.80 1394206917126 1394207030970 1394207030980 1394206917166 0.50100E+03
502 40 50 38.80 1394206918632 1394207032473 1394207032484 1394206918666 0.50200E+03
503 40 50 38.70 1394206920151 1394207033990 1394207034001 1394206920185 0.50300E+03
504 40 50 38.70 1394206921553 1394207035397 1394207035407 1394206921595 0.50400E+03
505 40 50 38.60 1394206923129 1394207038001 1394207038011 1394206924197 0.50500E+03
506 40 50 38.40 1394206924423 1394207038270 1394207038280 1394206924468 0.50600E+03
507 40 50 38.40 1394206925950 1394207039801 1394207039811 1394206925999 0.50700E+03
508 40 50 38.30 1394206927519 1394207041360 1394207041370 1394206927556 0.50800E+03
509 40 50 38.30 1394206929137 1394207043977 1394207043987 1394206930185 0.50900E+03
510 40 50 38.30 1394206930285 1394207044122 1394207044133 1394206930314 0.51000E+03
511 40 50 38.30 1394206931701 1394207045539 1394207045550 1394206931733 0.51100E+03
512 40 50 38.30 1394206933270 1394207047112 1394207047122 1394206933304 0.51200E+03
513 40 50 38.20 1394206934633 1394207048472 1394207048482 1394206934663 0.51300E+03
514 40 50 38.10 1394206936076 1394207049939 1394207049949 1394206936134 0.51400E+03
515 40 50 38.10 1394206937439 1394207051289 1394207051300 1394206937487 0.51500E+03
516 40 50 38.00 1394206938774 1394207052614 1394207052624 1394206938808 0.51600E+03
517 40 50 38.10 1394206940096 1394207053935 1394207053945 1394206940127 0.51700E+03
518 40 50 38.00 1394206941250 1394207055095 1394207055105 1394206941292 0.51800E+03
519 40 50 38.00 1394206942462 1394207056299 1394207056309 1394206942491 0.51900E+03
520 40 50 37.90 1394206943645 1394207057484 1394207057495 1394206943680 0.52000E+03
521 40 50 37.90 1394206944788 1394207058632 1394207058642 1394206944832 0.52100E+03
522 40 50 37.70 1394206945932 1394207059778 1394207059787 1394206945975 0.52200E+03
523 40 50 37.70 1394206947026 1394207060864 1394207060875 1394206947057 0.52300E+03
524 40 50 37.70 1394206948107 1394207061947 1394207061958 1394206948143 0.52400E+03
525 40 50 37.70 1394206949496 1394207063337 1394207063347 1394206949529 0.52500E+03
526 40 50 37.60 1394206950637 1394207064471 1394207064482 1394206950662 0.52600E+03
527 40 50 37.70 1394206951755 1394207065590 1394207065600 1394206951785 0.52700E+03
528 40 50 37.60 1394206953012 1394207066849 1394207066859 1394206953042 0.52800E+03
529 40 50 37.50 1394206954065 1394207067918 1394207067929 1394206954117 0.52900E+03
530 40 50 37.50 1394206955193 1394207069038 1394207069049 1394206955232 0.53000E+03
531 40 50 37.50 1394206956290 1394207070124 1394207070135 1394206956317 0.53100E+03
532 40 50 37.50 1394206957428 1394207071267 1394207071277 1394206957463 0.53200E+03
533 40 50 37.50 1394206958760 1394207072607 1394207072617 1394206958803 0.53300E+03
534 40 50 37.40 1394206959900 1394207073744 1394207073754 1394206959943 0.53400E+03
535 40 50 37.50 1394206960958 1394207074803 1394207074814 1394206961005 0.53500E+03
536 40 50 37.40 1394206962068 1394207075918 1394207075929 1394206962121 0.53600E+03
537 40 50 37.40 1394206963245 1394207077086 1394207077097 1394206963282 0.53700E+03
538 40 50 37.30 1394206964376 1394207078223 1394207078233 1394206964420 0.53800E+03
539 40 50 37.40 1394206965548 1394207079384 1394207079394 1394206965576 0.53900E+03
540 40 50 37.30 1394206966661 1394207080500 1394207080510 1394206966693 0.54000E+03
541 40 50 37.30 1394206967798 1394207081638 1394207081648 1394206967830 0.54100E+03
542 60 50 37.30 1394206968959 1394207082801 1394207082810 1394206968995 0.54200E+03
543 60 50 37.30 1394206970137 1394207083975 1394207083986 1394206970169 0.54300E+03
544 60 50 37.30 1394206971326 1394207085169 1394207085179 1394206971365 0.54400E+03
545 60 50 37.30 1394206972647 1394207086492 1394207086503 1394206972685 0.54500E+03
546 60 50 37.30 1394206973805 1394207087640 1394207087650 1394206973829 0.54600E+03
547 60 50 37.30 1394206974956 1394207088802 1394207088813 1394206974997 0.54700E+03
548 60 50 37.30 1394206976307 1394207090154 1394207090164 1394206976352 0.54800E+03
549 60 50 37.40 1394206977528 1394207091373 1394207091383 1394206977570 0.54900E+03
550 60 50 37.40 1394206979009 1394207092857 1394207092867 1394206979053 0.55000E+03
551 60 50 37.50 1394206980331 1394207094177 1394207094187 1394206980376 0.55100E+03
552 60 50 37.60 1394206981579 1394207095418 1394207095428 1394206981610 0.55200E+03
553 60 50 37.60 1394206983152 1394207096995 1394207097005 1394206983187 0.55300E+03
554 60 50 37.60 1394206984492 1394207098340 1394207098350 1394206984536 0.55400E+03
555 60 50 37.70 1394206985885 1394207099732 1394207099743 1394206985929 0.55500E+03
556 60 50 37.70 1394206987349 1394207101189 1394207101199 1394206987381 0.55600E+03
557 60 50 37.90 1394206988624 1394207102464 1394207102474 1394206988659 0.55700E+03
558 60 50 37.90 1394206989865 1394207103709 1394207103719 1394206989907 0.55800E+03
559 60 50 37.90 1394206991150 1394207104998 1394207105009 1394206991199 0.55900E+03
560 60 50 37.90 1394206992524 1394207106369 1394207106379 1394206992568 0.56000E+03
561 60 50 37.90 1394206993821 1394207107670 1394207107680 1394206993868 0.56100E+03
562 60 50 38.00 1394206995061 1394207108903 1394207108914 1394206995096 0.56200E+03
563 60 50 38.00 1394206996384 1394207110238 1394207110249 1394206996434 0.56300E+03
564 60 50 38.20 1394206998261 1394207112110 1394207112121 1394206998306 0.56400E+03
565 60 50 38.20 1394206999828 1394207113676 1394207113687 1394206999873 0.56500E+03
566 60 50 38.20 1394207001072 1394207114914 1394207114925 1394207001110 0.56600E+03
567 60 50 38.20 1394207002569 1394207116409 1394207116419 1394207002600 0.56700E+03
568 60 50 38.30 1394207004341 1394207118191 1394207118202 1394207004385 0.56800E+03
569 60 50 38.40 1394207006794 1394207120636 1394207120646 1394207006829 0.56900E+03
570 60 50 38.40 1394207008086 1394207121930 1394207121941 1394207008125 0.57000E+03
571 60 50 38.60 1394207009603 1394207123444 1394207123454 1394207009636 0.57100E+03
572 60 50 38.70 1394207011452 1394207125295 1394207125306 1394207011485 0.57200E+03
573 60 50 38.70 1394207013057 1394207126909 1394207126920 1394207013102 0.57300E+03
574 60 50 38.70 1394207014457 1394207128295 1394207128305 1394207014483 0.57400E+03
575 60 50 38.70 1394207015811 1394207129654 1394207129665 1394207015849 0.57500E+03
576 60 50 38.80 1394207017287 1394207131124 1394207131134 1394207017314 0.57600E+03
577 60 50 38.80 1394207018872 1394207132709 1394207132719 1394207018897 0.57700E+03
578 60 50 38.90 1394207020196 1394207134032 1394207134042 1394207020219 0.57800E+03
579 60 50 38.80 1394207021882 1394207135724 1394207135735 1394207021922 0.57900E+03
580 40 50 38.90 1394207023631 1394207137577 1394207137588 1394207023772 0.58000E+03
581 40 50 38.90 1394207025893 1394207139734 1394207139744 1394207025923 0.58100E+03
582 40 50 38.90 1394207027470 1394207141316 1394207141327 1394207027514 0.58200E+03
583 40 50 38.80 1394207029083 1394207142921 1394207142931 1394207029119 0.58300E+03
584 40 50 38.80 1394207030539 1394207144380 1394207144390 1394207030572 0.58400E+03
585 40 50 38.70 1394207031888 1394207145733 1394207145744 1394207031929 0.58500E+03
586 40 50 38.70 1394207033238 1394207147085 1394207147096 1394207033284 0.58600E+03
587 40 50 38.70 1394207034611 1394207148466 1394207148476 1394207034664 0.58700E+03
588 40 50 38.60 1394207036075 1394207149919 1394207149930 1394207036116 0.58800E+03
589 40 50 38.40 1394207037397 1394207151242 1394207151252 1394207037435 0.58900E+03
590 40 50 38.40 1394207038725 1394207152570 1394207152580 1394207038778 0.59000E+03
591 40 50 38.30 1394207040057 1394207153900 1394207153910 1394207040090 0.59100E+03
592 40 50 38.20 1394207041592 1394207155439 1394207155449 1394207041633 0.59200E+03
593 40 50 38.20 1394207043312 1394207157159 1394207157169 1394207043357 0.59300E+03
594 40 50 38.10 1394207045095 1394207158942 1394207158952 1394207045139 0.59400E+03
595 40 50 38.00 1394207046577 1394207160418 1394207160429 1394207046614 0.59500E+03
596 40 50 38.00 1394207048114 1394207161957 1394207161967 1394207048149 0.59600E+03
597 40 50 37.90 1394207049643 1394207163488 1394207163498 1394207049681 0.59700E+03
598 40 50 37.90 1394207051216 1394207165056 1394207165066 1394207051244 0.59800E+03
599 40 50 37.60 1394207052967 1394207166811 1394207166821 1394207053003 0.59900E+03
600 40 50 37.70 1394207054465 1394207168314 1394207168325 1394207054510 0.60000E+03
601 40 50 37.60 1394207056121 1394207169959 1394207169970 1394207056153 0.60100E+03
602 40 50 37.60 1394207057558 1394207171399 1394207171410 1394207057594 0.60200E+03
603 40 50 37.40 1394207059104 1394207172950 1394207172960 1394207059143 0.60300E+03
604 40 50 37.40 1394207060591 1394207174441 1394207174452 1394207060636 0.60400E+03
605 40 50 37.40 1394207062227 1394207176074 1394207176085 1394207062269 0.60500E+03
606 40 50 37.40 1394207064261 1394207178110 1394207178121 1394207064304 0.60600E+03
607 40 50 37.20 1394207066506 1394207180351 1394207180361 1394207066547 0.60700E+03
608 40 50 37.30 1394207068418 1394207182262 1394207182272 1394207068457 0.60800E+03
609 40 50 37.20 1394207070148 1394207183995 1394207184006 1394207070189 0.60900E+03
610 40 50 37.20 1394207071708 1394207185548 1394207185558 1394207071738 0.61000E+03
611 40 50 37.20 1394207073270 1394207187117 1394207187127 1394207073309 0.61100E+03
612 40 50 37.20 1394207074798 1394207188644 1394207188655 1394207074840 0.61200E+03
613 40 50 37.00 1394207076235 1394207190084 1394207190094 1394207076275 0.61300E+03
614 40 50 37.00 1394207077710 1394207191556 1394207191566 1394207077759 0.61400E+03
615 40 50 37.20 1394207079274 1394207193120 1394207193130 1394207079317 0.61500E+03
616 40 50 36.90 1394207081039 1394207194881 1394207194892 1394207081070 0.61600E+03
617 40 50 36.90 1394207082822 1394207196673 1394207196683 1394207082866 0.61700E+03
618 40 50 36.90 1394207084459 1394207198305 1394207198315 1394207084495 0.61800E+03
619 40 50 36.90 1394207085996 1394207199839 1394207199849 1394207086030 0.61900E+03
620 40 50 36.90 1394207087627 1394207201475 1394207201486 1394207087671 0.62000E+03
621 40 50 36.90 1394207089304 1394207203151 1394207203161 1394207089349 0.62100E+03
622 40 50 36.80 1394207090922 1394207204766 1394207204777 1394207090956 0.62200E+03
623 40 50 36.90 1394207092430 1394207206278 1394207206288 1394207092474 0.62300E+03
624 40 50 36.90 1394207094024 1394207207866 1394207207876 1394207094055 0.62400E+03
625 40 50 36.90 1394207095513 1394207209358 1394207209369 1394207095553 0.62500E+03
626 60 50 36.90 1394207097012 1394207210857 1394207210867 1394207097050 0.62600E+03
627 60 50 36.80 1394207098524 1394207212361 1394207212372 1394207098550 0.62700E+03
628 60 50 37.00 1394207099996 1394207213837 1394207213847 1394207100255 0.62800E+03
629 60 50 36.90 1394207101623 1394207215468 1394207215478 1394207101655 0.62900E+03
630 60 50 36.90 1394207103082 1394207216922 1394207216932 1394207103110 0.63000E+03
631 60 50 37.20 1394207104605 1394207218454 1394207218464 1394207104642 0.63100E+03
632 60 50 37.20 1394207106073 1394207219915 1394207219926 1394207106102 0.63200E+03
633 60 50 37.30 1394207107666 1394207221517 1394207221527 1394207107716 0.63300E+03
634 60 50 37.40 1394207109126 1394207222968 1394207222979 1394207109156 0.63400E+03
635 60 50 37.40 1394207110673 1394207224520 1394207224530 1394207110713 0.63500E+03
636 60 50 37.50 1394207112270 1394207226109 1394207226120 1394207112296 0.63600E+03
637 60 50 37.60 1394207113796 1394207227641 1394207227651 1394207113841 0.63700E+03
638 60 50 37.70 1394207115820 1394207229660 1394207229670 1394207115849 0.63800E+03
639 40 50 37.90 1394207117388 1394207231236 1394207231246 1394207117434 0.63900E+03
640 40 50 37.90 1394207118935 1394207232778 1394207232789 1394207118968 0.64000E+03
641 40 50 38.00 1394207120462 1394207234306 1394207234316 1394207120498 0.64100E+03
642 40 50 38.10 1394207122252 1394207236091 1394207236101 1394207122280 0.64200E+03
643 40 50 38.10 1394207123921 1394207237771 1394207237781 1394207123967 0.64300E+03
644 40 50 38.10 1394207125622 1394207239472 1394207239482 1394207125663 0.64400E+03
645 40 50 38.10 1394207127182 1394207241025 1394207241035 1394207127218 0.64500E+03
646 40 50 38.20 1394207128905 1394207242751 1394207242762 1394207128948 0.64600E+03
647 40 50 38.10 1394207130505 1394207244351 1394207244361 1394207130558 0.64700E+03
648 40 50 38.10 1394207132027 1394207245876 1394207245887 1394207132067 0.64800E+03
649 40 50 38.00 1394207133575 1394207247422 1394207247433 1394207133616 0.64900E+03
650 40 50 38.00 1394207135014 1394207248863 1394207248874 1394207135058 0.65000E+03
651 40 50 38.00 1394207136635 1394207250479 1394207250490 1394207136679 0.65100E+03
652 40 50 37.90 1394207138178 1394207252024 1394207252034 1394207138212 0.65200E+03
653 40 50 37.90 1394207139695 1394207253661 1394207253671 1394207139848 0.65300E+03
654 40 50 37.70 1394207141224 1394207255069 1394207255080 1394207141261 0.65400E+03
655 40 50 37.70 1394207142767 1394207256616 1394207256625 1394207142807 0.65500E+03
656 40 50 37.70 1394207144554 1394207258519 1394207258529 1394207144709 0.65600E+03
657 40 50 37.60 1394207146192 1394207260036 1394207260046 1394207146227 0.65700E+03
658 40 50 37.60 1394207147763 1394207261610 1394207261620 1394207147801 0.65800E+03
659 40 50 37.50 1394207149863 1394207263710 1394207263720 1394207149903 0.65900E+03
660 40 50 37.60 1394207151624 1394207265468 1394207265478 1394207151659 0.66000E+03
661 40 50 37.50 1394207153269 1394207267118 1394207267128 1394207153314 0.66100E+03
662 40 50 37.50 1394207155445 1394207269330 1394207269340 1394207155522 0.66200E+03
663 40 50 37.40 1394207157726 1394207271596 1394207271606 1394207157787 0.66300E+03
664 40 50 37.40 1394207159951 1394207273798 1394207273809 1394207159991 0.66400E+03
665 40 50 37.30 1394207161751 1394207275598 1394207275608 1394207161785 0.66500E+03
666 40 50 37.30 1394207163477 1394207277322 1394207277332 1394207163511 0.66600E+03
667 40 50 37.40 1394207165209 1394207279055 1394207279065 1394207165248 0.66700E+03
668 40 50 37.30 1394207166992 1394207280840 1394207280851 1394207167037 0.66800E+03
669 40 50 37.30 1394207168651 1394207282503 1394207282513 1394207168694 0.66900E+03
670 40 50 37.30 1394207170474 1394207284339 1394207284350 1394207170533 0.67000E+03
671 40 50 37.30 1394207173054 1394207286898 1394207286909 1394207173090 0.67100E+03
672 60 50 37.30 1394207174795 1394207288644 1394207288654 1394207174836 0.67200E+03
673 60 50 37.20 1394207176542 1394207290391 1394207290401 1394207176793 0.67300E+03
674 60 50 37.30 1394207179305 1394207293153 1394207293164 1394207179348 0.67400E+03
675 60 50 37.30 1394207181242 1394207295093 1394207295103 1394207181283 0.67500E+03
676 60 50 37.30 1394207183170 1394207297017 1394207297027 1394207183209 0.67600E+03
677 60 50 37.30 1394207184952 1394207298804 1394207298814 1394207184998 0.67700E+03
678 60 50 37.30 1394207186759 1394207300612 1394207300622 1394207186803 0.67800E+03
679 60 50 37.30 1394207188373 1394207302223 1394207302233 1394207188418 0.67900E+03
680 60 50 37.40 1394207190062 1394207303912 1394207303922 1394207190104 0.68000E+03
681 60 50 37.30 1394207191776 1394207305623 1394207305633 1394207191816 0.68100E+03
682 60 50 37.40 1394207193516 1394207307367 1394207307378 1394207193558 0.68200E+03
683 60 50 37.40 1394207195219 1394207309067 1394207309078 1394207195260 0.68300E+03
684 60 50 37.40 1394207196890 1394207310740 1394207310750 1394207196931 0.68400E+03
685 60 50 37.40 1394207198607 1394207312456 1394207312466 1394207198646 0.68500E+03
686 60 50 37.50 1394207200264 1394207314115 1394207314125 1394207200309 0.68600E+03
687 60 50 37.60 1394207202661 1394207316508 1394207316518 1394207202700 0.68700E+03
688 60 50 37.70 1394207206304 1394207320154 1394207320165 1394207206348 0.68800E+03
689 60 50 37.90 1394207209303 1394207323172 1394207323182 1394207209363 0.68900E+03
690 60 50 38.00 1394207211571 1394207325418 1394207325429 1394207211611 0.69000E+03
691 60 50 38.00 1394207213575 1394207327461 1394207327471 1394207213652 0.69100E+03
692 60 50 38.10 1394207215691 1394207329541 1394207329551 1394207215732 0.69200E+03
693 60 50 38.30 1394207217841 1394207331690 1394207331701 1394207217880 0.69300E+03
694 60 50 38.30 1394207219737 1394207333586 1394207333597 1394207219777 0.69400E+03
695 60 50 38.30 1394207221892 1394207335740 1394207335750 1394207221934 0.69500E+03
696 60 50 38.60 1394207223796 1394207337668 1394207337678 1394207223856 0.69600E+03
697 60 50 38.60 1394207225720 1394207339580 1394207339591 1394207225773 0.69700E+03
698 60 50 38.60 1394207227606 1394207341458 1394207341469 1394207227650 0.69800E+03
699 60 50 38.70 1394207229533 1394207343384 1394207343394 1394207229574 0.69900E+03
700 60 50 38.80 1394207231480 1394207345333 1394207345343 1394207231526 0.70000E+03
701 60 50 38.90 1394207233443 1394207347292 1394207347303 1394207233484 0.70100E+03
702 60 50 38.90 1394207235502 1394207349353 1394207349364 1394207235543 0.70200E+03
703 60 50 38.80 1394207237578 1394207351430 1394207351440 1394207237618 0.70300E+03
704 60 50 39.00 1394207239580 1394207353429 1394207353439 1394207239620 0.70400E+03
705 60 50 38.90 1394207241451 1394207355302 1394207355312 1394207241492 0.70500E+03
706 60 50 39.00 1394207243187 1394207357035 1394207357045 1394207243229 0.70600E+03
707 60 50 39.10 1394207244960 1394207358812 1394207358822 1394207245006 0.70700E+03
708 60 50 39.10 1394207246712 1394207360566 1394207360576 1394207246756 0.70800E+03
709 40 50 39.00 1394207248480 1394207362330 1394207362341 1394207248518 0.70900E+03
710 40 50 39.10 1394207250292 1394207364143 1394207364153 1394207250340 0.71000E+03
711 40 50 39.10 1394207252082 1394207365932 1394207365943 1394207252129 0.71100E+03
712 40 50 39.10 1394207253862 1394207367712 1394207367722 1394207253902 0.71200E+03
713 40 50 39.00 1394207255717 1394207369568 1394207369578 1394207255758 0.71300E+03
714 40 50 39.00 1394207257537 1394207371387 1394207371397 1394207257577 0.71400E+03
715 40 50 38.90 1394207259566 1394207373418 1394207373428 1394207259608 0.71500E+03
716 40 50 38.80 1394207261385 1394207375235 1394207375245 1394207261433 0.71600E+03
717 40 50 38.80 1394207263219 1394207377066 1394207377077 1394207263257 0.71700E+03
718 40 50 38.70 1394207265098 1394207378947 1394207378957 1394207265137 0.71800E+03
719 40 50 38.40 1394207266926 1394207380776 1394207380786 1394207266965 0.71900E+03
720 40 50 38.40 1394207268795 1394207382647 1394207382658 1394207268838 0.72000E+03
721 40 50 38.30 1394207270819 1394207384674 1394207384684 1394207270866 0.72100E+03
722 40 50 38.20 1394207272710 1394207386558 1394207386569 1394207272747 0.72200E+03
723 40 50 38.10 1394207274798 1394207388649 1394207388660 1394207274842 0.72300E+03
724 40 50 38.00 1394207276619 1394207390465 1394207390475 1394207276652 0.72400E+03
725 40 50 37.90 1394207278562 1394207392409 1394207392419 1394207278596 0.72500E+03
726 40 50 37.90 1394207280656 1394207394505 1394207394516 1394207280692 0.72600E+03
727 40 50 37.90 1394207282668 1394207396520 1394207396530 1394207282708 0.72700E+03
728 40 50 37.70 1394207284704 1394207398558 1394207398568 1394207284748 0.72800E+03
729 40 50 37.70 1394207286603 1394207400453 1394207400463 1394207286641 0.72900E+03
730 40 50 37.60 1394207289115 1394207402981 1394207402991 1394207289168 0.73000E+03
731 40 50 37.60 1394207291170 1394207405019 1394207405030 1394207291207 0.73100E+03
732 40 50 37.60 1394207293172 1394207407021 1394207407031 1394207293215 0.73200E+03
733 40 50 37.50 1394207295131 1394207408981 1394207408992 1394207295170 0.73300E+03
734 40 50 37.40 1394207297023 1394207410880 1394207410890 1394207297071 0.73400E+03
735 40 50 37.50 1394207298831 1394207412691 1394207412701 1394207298881 0.73500E+03
736 40 50 37.50 1394207300704 1394207414554 1394207414565 1394207300744 0.73600E+03
737 40 50 37.40 1394207302576 1394207416425 1394207416436 1394207302613 0.73700E+03
738 40 50 37.40 1394207304417 1394207418271 1394207418282 1394207304463 0.73800E+03
739 40 50 37.40 1394207306393 1394207420243 1394207420253 1394207306429 0.73900E+03
740 40 50 37.30 1394207308735 1394207422590 1394207422601 1394207308782 0.74000E+03
741 40 50 37.30 1394207311359 1394207425210 1394207425221 1394207311400 0.74100E+03
742 40 50 37.30 1394207313826 1394207427681 1394207427692 1394207313871 0.74200E+03
743 40 50 37.30 1394207315905 1394207429759 1394207429769 1394207315948 0.74300E+03
744 40 50 37.20 1394207318242 1394207432094 1394207432105 1394207318283 0.74400E+03
745 40 50 37.20 1394207320631 1394207434482 1394207434493 1394207320678 0.74500E+03
746 40 50 37.20 1394207323225 1394207437108 1394207437118 1394207323296 0.74600E+03
747 40 50 37.30 1394207326093 1394207439942 1394207439952 1394207326129 0.74700E+03
748 40 50 37.30 1394207328617 1394207442471 1394207442481 1394207328662 0.74800E+03
749 60 50 37.20 1394207330639 1394207444497 1394207444508 1394207330685 0.74900E+03
750 60 50 37.30 1394207332638 1394207446491 1394207446502 1394207332679 0.75000E+03
751 60 50 37.20 1394207334635 1394207448487 1394207448497 1394207334679 0.75100E+03
752 60 50 37.30 1394207336671 1394207450524 1394207450534 1394207336711 0.75200E+03
753 60 50 37.40 1394207338812 1394207452662 1394207452672 1394207338850 0.75300E+03
754 60 50 37.40 1394207340808 1394207454662 1394207454673 1394207340850 0.75400E+03
755 60 50 37.60 1394207342953 1394207456808 1394207456818 1394207342998 0.75500E+03
756 60 50 37.60 1394207345298 1394207459157 1394207459167 1394207345346 0.75600E+03
757 60 50 37.70 1394207347296 1394207461147 1394207461157 1394207347335 0.75700E+03
758 60 50 37.90 1394207349353 1394207463205 1394207463215 1394207349391 0.75800E+03
759 60 50 38.00 1394207351390 1394207465244 1394207465254 1394207351430 0.75900E+03
760 60 50 38.10 1394207353367 1394207467221 1394207467231 1394207353408 0.76000E+03
761 60 50 38.20 1394207355373 1394207469222 1394207469233 1394207355407 0.76100E+03
762 60 50 38.20 1394207357464 1394207471316 1394207471326 1394207357502 0.76200E+03
763 60 50 38.30 1394207359523 1394207473374 1394207473384 1394207359568 0.76300E+03
764 60 50 38.40 1394207361510 1394207475360 1394207475371 1394207361546 0.76400E+03
765 60 50 38.40 1394207363383 1394207477240 1394207477250 1394207363430 0.76500E+03
766 60 50 38.60 1394207365363 1394207479213 1394207479224 1394207365402 0.76600E+03
767 40 50 38.70 1394207367382 1394207481235 1394207481245 1394207367424 0.76700E+03
768 40 50 38.80 1394207369415 1394207483264 1394207483275 1394207369448 0.76800E+03
769 40 50 38.80 1394207371501 1394207485356 1394207485366 1394207371540 0.76900E+03
770 40 50 38.70 1394207373527 1394207487382 1394207487392 1394207373567 0.77000E+03
771 40 50 38.80 1394207375532 1394207489387 1394207489398 1394207375577 0.77100E+03
772 40 50 38.60 1394207377597 1394207491445 1394207491456 1394207377628 0.77200E+03
773 40 50 38.60 1394207379566 1394207493423 1394207493432 1394207379613 0.77300E+03
774 40 50 38.40 1394207381690 1394207495544 1394207495554 1394207381727 0.77400E+03
775 40 50 38.40 1394207383673 1394207497531 1394207497541 1394207383717 0.77500E+03
776 40 50 38.20 1394207385804 1394207499657 1394207499667 1394207385853 0.77600E+03
777 40 50 38.20 1394207387894 1394207501747 1394207501758 1394207387932 0.77700E+03
778 40 50 38.10 1394207390070 1394207503924 1394207503934 1394207390113 0.77800E+03
779 40 50 38.00 1394207392380 1394207506237 1394207506247 1394207392425 0.77900E+03
780 40 50 38.00 1394207394605 1394207508459 1394207508470 1394207394648 0.78000E+03
781 40 50 37.90 1394207396588 1394207510442 1394207510452 1394207396629 0.78100E+03
782 40 50 37.90 1394207398722 1394207512576 1394207512586 1394207398764 0.78200E+03
783 40 50 37.70 1394207400940 1394207514796 1394207514807 1394207400984 0.78300E+03
784 40 50 37.60 1394207403119 1394207516971 1394207516981 1394207403157 0.78400E+03
785 40 50 37.60 1394207405308 1394207519160 1394207519170 1394207405343 0.78500E+03
786 40 50 37.50 1394207407571 1394207521430 1394207521441 1394207407619 0.78600E+03
787 40 50 37.60 1394207409854 1394207523711 1394207523721 1394207409897 0.78700E+03
788 40 50 37.50 1394207412102 1394207525957 1394207525967 1394207412153 0.78800E+03
789 40 50 37.50 1394207414280 1394207528130 1394207528141 1394207414317 0.78900E+03
790 40 50 37.40 1394207416484 1394207530342 1394207530353 1394207416528 0.79000E+03
791 40 50 37.40 1394207418598 1394207532452 1394207532462 1394207418638 0.79100E+03
792 40 50 37.40 1394207420876 1394207534730 1394207534741 1394207420916 0.79200E+03
793 40 50 37.40 1394207423130 1394207536984 1394207536995 1394207423171 0.79300E+03
794 40 50 37.30 1394207425282 1394207539138 1394207539148 1394207425328 0.79400E+03
795 40 50 37.30 1394207427605 1394207541454 1394207541464 1394207427636 0.79500E+03
796 40 50 37.30 1394207430465 1394207544322 1394207544332 1394207430511 0.79600E+03
797 40 50 37.30 1394207432666 1394207546520 1394207546531 1394207432705 0.79700E+03
798 40 50 37.20 1394207434837 1394207548684 1394207548694 1394207434861 0.79800E+03
799 60 50 37.20 1394207437000 1394207550846 1394207550857 1394207437027 0.79900E+03
800 60 50 37.20 1394207439174 1394207553019 1394207553030 1394207439197 0.80000E+03
801 60 50 37.20 1394207441880 1394207555725 1394207555736 1394207441907 0.80100E+03
802 60 50 37.30 1394207445165 1394207559038 1394207559048 1394207445216 0.80200E+03
803 60 50 37.60 1394207448073 1394207561921 1394207561932 1394207448101 0.80300E+03
804 60 50 37.50 1394207451062 1394207564913 1394207564923 1394207451090 0.80400E+03
805 60 50 37.70 1394207453474 1394207567322 1394207567332 1394207453499 0.80500E+03
806 60 50 37.90 1394207456147 1394207569993 1394207570004 1394207456171 0.80600E+03
807 60 50 38.00 1394207458614 1394207572459 1394207572470 1394207458638 0.80700E+03
808 60 50 38.20 1394207461306 1394207575155 1394207575166 1394207461335 0.80800E+03
809 60 50 38.40 1394207463851 1394207577705 1394207577716 1394207463891 0.80900E+03
810 60 50 38.40 1394207466287 1394207580139 1394207580149 1394207466324 0.81000E+03
811 60 50 38.60 1394207468640 1394207582493 1394207582504 1394207468675 0.81100E+03
812 60 50 38.70 1394207470811 1394207584675 1394207584686 1394207470860 0.81200E+03
813 60 50 38.70 1394207473274 1394207587132 1394207587142 1394207473316 0.81300E+03
814 60 50 38.80 1394207475827 1394207589742 1394207589753 1394207475929 0.81400E+03
815 60 50 38.80 1394207478487 1394207592365 1394207592376 1394207478546 0.81500E+03
816 60 50 38.90 1394207480959 1394207594822 1394207594833 1394207481006 0.81600E+03
817 60 50 39.00 1394207483474 1394207597325 1394207597335 1394207483504 0.81700E+03
818 60 50 39.00 1394207486088 1394207599942 1394207599952 1394207486124 0.81800E+03
819 40 50 39.10 1394207489034 1394207602890 1394207602901 1394207489071 0.81900E+03
820 40 50 39.10 1394207492172 1394207606036 1394207606046 1394207492214 0.82000E+03
821 40 50 39.10 1394207494929 1394207608781 1394207608791 1394207494964 0.82100E+03
822 40 50 39.10 1394207497710 1394207611564 1394207611574 1394207497748 0.82200E+03
823 40 50 38.90 1394207500436 1394207614291 1394207614301 1394207500475 0.82300E+03
824 40 50 38.80 1394207504036 1394207617891 1394207617901 1394207504072 0.82400E+03
825 40 50 38.60 1394207507159 1394207621014 1394207621024 1394207507197 0.82500E+03
826 40 50 38.30 1394207509565 1394207623416 1394207623426 1394207509593 0.82600E+03
827 40 50 38.30 1394207512075 1394207625927 1394207625937 1394207512109 0.82700E+03
828 40 50 38.20 1394207514742 1394207628599 1394207628610 1394207514785 0.82800E+03
829 40 50 38.10 1394207517975 1394207631834 1394207631844 1394207518021 0.82900E+03
830 40 50 38.00 1394207521133 1394207634985 1394207634995 1394207521161 0.83000E+03
831 40 50 37.90 1394207524092 1394207637949 1394207637959 1394207524126 0.83100E+03
832 40 50 37.70 1394207527047 1394207640901 1394207640912 1394207527080 0.83200E+03
833 40 50 37.70 1394207529292 1394207643146 1394207643156 1394207529324 0.83300E+03
834 40 50 37.60 1394207531623 1394207645475 1394207645486 1394207531658 0.83400E+03
835 40 50 37.60 1394207533904 1394207647752 1394207647762 1394207533928 0.83500E+03
836 40 50 37.40 1394207536134 1394207649985 1394207649996 1394207536166 0.83600E+03
837 40 50 37.40 1394207538545 1394207652393 1394207652404 1394207538569 0.83700E+03
838 40 50 37.50 1394207540967 1394207654823 1394207654833 1394207541001 0.83800E+03
839 60 50 37.40 1394207543302 1394207657160 1394207657170 1394207543342 0.83900E+03
840 60 50 37.40 1394207545626 1394207659485 1394207659496 1394207545670 0.84000E+03
841 60 50 37.40 1394207548077 1394207661935 1394207661946 1394207548120 0.84100E+03
842 60 50 37.40 1394207550517 1394207664373 1394207664384 1394207550554 0.84200E+03
843 60 50 37.50 1394207553020 1394207666878 1394207666887 1394207553070 0.84300E+03
844 60 50 37.50 1394207555379 1394207669243 1394207669254 1394207555430 0.84400E+03
845 60 50 37.70 1394207557869 1394207671723 1394207671734 1394207557905 0.84500E+03
846 60 50 37.70 1394207560232 1394207674092 1394207674102 1394207560270 0.84600E+03
847 60 50 38.00 1394207562558 1394207676411 1394207676421 1394207562592 0.84700E+03
848 60 50 38.10 1394207565191 1394207679045 1394207679055 1394207565223 0.84800E+03
849 60 50 38.30 1394207567677 1394207681528 1394207681538 1394207567706 0.84900E+03
850 60 50 38.30 1394207570028 1394207683884 1394207683894 1394207570065 0.85000E+03
851 60 50 38.40 1394207572421 1394207686278 1394207686288 1394207572457 0.85100E+03
852 60 50 38.40 1394207574824 1394207688683 1394207688694 1394207574866 0.85200E+03
853 60 50 38.40 1394207577573 1394207691423 1394207691433 1394207577600 0.85300E+03
854 60 50 38.70 1394207580037 1394207693892 1394207693903 1394207580074 0.85400E+03
855 60 50 38.70 1394207582492 1394207696344 1394207696354 1394207582528 0.85500E+03
856 60 50 38.80 1394207584925 1394207698778 1394207698788 1394207584955 0.85600E+03
857 60 50 38.90 1394207587348 1394207701200 1394207701210 1394207587378 0.85700E+03
858 40 50 39.00 1394207589704 1394207703559 1394207703570 1394207589739 0.85800E+03
859 40 50 38.90 1394207592170 1394207706026 1394207706037 1394207592209 0.85900E+03
860 40 50 39.00 1394207594530 1394207708382 1394207708393 1394207594557 0.86000E+03
861 40 50 38.90 1394207596845 1394207710701 1394207710711 1394207596888 0.86100E+03
862 40 50 38.90 1394207599357 1394207713212 1394207713223 1394207599398 0.86200E+03
863 40 50 38.70 1394207601808 1394207715662 1394207715672 1394207601841 0.86300E+03
864 40 50 38.80 1394207604263 1394207718119 1394207718129 1394207604296 0.86400E+03
865 40 50 38.60 1394207606880 1394207720735 1394207720746 1394207606913 0.86500E+03
866 40 50 38.40 1394207609251 1394207723106 1394207723117 1394207609280 0.86600E+03
867 40 50 38.40 1394207611694 1394207725554 1394207725566 1394207611736 0.86700E+03
868 40 50 38.30 1394207614193 1394207728050 1394207728060 1394207614231 0.86800E+03
869 40 50 38.10 1394207616606 1394207730464 1394207730474 1394207616649 0.86900E+03
870 40 50 38.10 1394207619034 1394207732893 1394207732903 1394207619075 0.87000E+03
871 40 50 38.00 1394207621575 1394207735434 1394207735444 1394207621611 0.87100E+03
872 40 50 37.90 1394207623974 1394207737827 1394207737837 1394207624007 0.87200E+03
873 40 50 37.90 1394207626389 1394207740243 1394207740253 1394207626421 0.87300E+03
874 40 50 37.90 1394207628993 1394207742853 1394207742864 1394207629031 0.87400E+03
875 40 50 37.70 1394207631491 1394207745345 1394207745356 1394207631523 0.87500E+03
876 40 50 37.60 1394207633894 1394207747745 1394207747755 1394207633919 0.87600E+03
877 40 50 37.50 1394207636356 1394207750210 1394207750220 1394207636386 0.87700E+03
878 40 50 37.40 1394207638902 1394207752753 1394207752763 1394207638927 0.87800E+03
879 40 50 37.40 1394207641605 1394207755462 1394207755472 1394207641643 0.87900E+03
880 40 50 37.40 1394207644534 1394207758390 1394207758400 1394207644570 0.88000E+03
881 40 50 37.40 1394207647213 1394207761073 1394207761084 1394207647255 0.88100E+03
882 40 50 37.40 1394207650289 1394207764147 1394207764157 1394207650325 0.88200E+03
883 40 50 37.40 1394207653049 1394207766909 1394207766919 1394207653088 0.88300E+03
884 40 50 37.30 1394207655684 1394207770540 1394207770551 1394207656719 0.88400E+03
885 40 50 37.30 1394207658280 1394207772145 1394207772156 1394207658327 0.88500E+03
886 40 50 37.30 1394207661107 1394207774965 1394207774975 1394207661140 0.88600E+03
887 40 50 37.30 1394207663657 1394207777513 1394207777523 1394207663691 0.88700E+03
888 40 50 37.30 1394207666157 1394207780136 1394207780147 1394207666311 0.88800E+03
889 40 50 37.20 1394207669257 1394207783112 1394207783122 1394207669290 0.88900E+03
890 40 50 37.20 1394207672373 1394207786230 1394207786241 1394207672403 0.89000E+03
891 40 50 37.20 1394207675152 1394207789006 1394207789017 1394207675184 0.89100E+03
892 40 50 37.20 1394207678040 1394207791895 1394207791905 1394207678067 0.89200E+03
893 40 50 37.20 1394207680573 1394207794424 1394207794434 1394207680597 0.89300E+03
894 40 50 37.20 1394207683235 1394207797091 1394207797101 1394207683265 0.89400E+03
895 40 50 37.20 1394207686600 1394207800454 1394207800464 1394207686626 0.89500E+03
896 40 50 37.20 1394207689612 1394207803463 1394207803474 1394207689635 0.89600E+03
897 40 50 37.20 1394207692259 1394207806112 1394207806122 1394207692284 0.89700E+03
898 40 50 37.20 1394207694879 1394207808730 1394207808740 1394207694901 0.89800E+03
899 40 50 37.20 1394207697460 1394207811314 1394207811324 1394207697492 0.89900E+03
900 40 50 37.00 1394207700091 1394207813948 1394207813957 1394207700122 0.90000E+03
901 40 50 36.90 1394207702926 1394207816780 1394207816791 1394207702954 0.90100E+03
902 40 50 36.90 1394207705838 1394207819691 1394207819701 1394207705867 0.90200E+03
903 40 50 36.90 1394207708908 1394207822762 1394207822772 1394207708933 0.90300E+03
904 60 50 36.90 1394207711855 1394207825711 1394207825722 1394207711885 0.90400E+03
905 60 50 37.00 1394207715164 1394207829022 1394207829033 1394207715199 0.90500E+03
906 60 50 37.00 1394207718368 1394207832223 1394207832233 1394207718393 0.90600E+03
907 60 50 37.20 1394207721369 1394207835223 1394207835233 1394207721398 0.90700E+03
908 60 50 37.40 1394207724498 1394207838351 1394207838361 1394207724522 0.90800E+03
909 60 50 37.50 1394207727107 1394207840960 1394207840970 1394207727130 0.90900E+03
910 60 50 37.70 1394207729895 1394207843749 1394207843760 1394207729923 0.91000E+03
911 60 50 37.90 1394207732471 1394207846324 1394207846334 1394207732495 0.91100E+03
912 60 50 37.90 1394207735148 1394207849001 1394207849012 1394207735173 0.91200E+03
913 60 50 38.10 1394207737924 1394207851781 1394207851792 1394207737953 0.91300E+03
914 60 50 38.20 1394207740552 1394207854405 1394207854415 1394207740577 0.91400E+03
915 60 50 38.30 1394207743189 1394207857045 1394207857055 1394207743219 0.91500E+03
916 60 50 38.20 1394207745892 1394207859746 1394207859757 1394207745919 0.91600E+03
917 60 50 38.40 1394207748587 1394207862439 1394207862450 1394207748618 0.91700E+03
918 60 50 38.60 1394207751789 1394207865644 1394207865654 1394207751819 0.91800E+03
919 60 50 38.60 1394207754687 1394207868548 1394207868559 1394207754719 0.91900E+03
920 60 50 38.70 1394207757393 1394207871249 1394207871259 1394207757426 0.92000E+03
921 60 50 38.80 1394207760195 1394207874057 1394207874067 1394207760228 0.92100E+03
922 60 50 38.90 1394207762863 1394207876717 1394207876727 1394207762887 0.92200E+03
923 60 50 38.80 1394207765579 1394207879438 1394207879448 1394207765610 0.92300E+03
924 60 50 39.00 1394207768341 1394207882203 1394207882214 1394207768373 0.92400E+03
925 60 50 39.00 1394207771141 1394207884997 1394207885007 1394207771165 0.92500E+03
926 60 50 39.10 1394207773871 1394207887725 1394207887735 1394207773895 0.92600E+03
927 60 50 39.10 1394207776584 1394207890438 1394207890447 1394207776606 0.92700E+03
928 60 50 39.30 1394207779392 1394207893247 1394207893258 1394207779416 0.92800E+03
929 60 50 39.30 1394207782210 1394207896064 1394207896074 1394207782233 0.92900E+03
930 60 50 39.10 1394207785036 1394207898888 1394207898898 1394207785057 0.93000E+03
931 60 50 39.30 1394207787769 1394207901626 1394207901636 1394207787798 0.93100E+03
932 60 50 39.30 1394207790465 1394207904329 1394207904339 1394207790500 0.93200E+03
933 60 50 39.30 1394207793210 1394207907070 1394207907079 1394207793243 0.93300E+03
934 60 50 39.30 1394207795832 1394207909687 1394207909697 1394207795865 0.93400E+03
935 60 50 39.30 1394207798688 1394207912549 1394207912559 1394207798719 0.93500E+03
936 60 50 39.30 1394207801416 1394207915282 1394207915293 1394207801452 0.93600E+03
937 60 50 39.30 1394207804186 1394207918048 1394207918059 1394207804217 0.93700E+03
938 60 50 39.40 1394207806963 1394207920817 1394207920827 1394207806986 0.93800E+03
939 60 50 39.10 1394207809855 1394207923709 1394207923719 1394207809878 0.93900E+03
940 60 50 38.90 1394207813023 1394207926878 1394207926889 1394207813052 0.94000E+03
941 40 50 38.90 1394207816201 1394207930061 1394207930071 1394207816233 0.94100E+03
942 40 50 38.80 1394207818919 1394207932775 1394207932785 1394207818945 0.94200E+03
943 40 50 38.80 1394207821746 1394207935600 1394207935610 1394207821768 0.94300E+03
944 40 50 38.70 1394207824474 1394207938330 1394207938341 1394207824499 0.94400E+03
945 40 50 38.70 1394207827432 1394207941298 1394207941308 1394207827479 0.94500E+03
946 40 50 38.40 1394207830254 1394207944112 1394207944122 1394207830282 0.94600E+03
947 40 50 38.30 1394207833061 1394207946918 1394207946929 1394207833088 0.94700E+03
948 40 50 38.20 1394207835953 1394207949808 1394207949819 1394207835978 0.94800E+03
949 40 50 38.10 1394207838912 1394207952783 1394207952793 1394207838951 0.94900E+03
950 40 50 38.10 1394207841736 1394207955591 1394207955601 1394207841763 0.95000E+03
951 40 50 37.90 1394207844773 1394207958626 1394207958636 1394207844796 0.95100E+03
952 40 50 37.70 1394207847966 1394207961821 1394207961831 1394207847990 0.95200E+03
953 40 50 37.60 1394207851046 1394207964902 1394207964913 1394207851075 0.95300E+03
954 40 50 37.40 1394207854153 1394207968011 1394207968021 1394207854182 0.95400E+03
955 40 50 37.20 1394207856992 1394207970854 1394207970865 1394207857028 0.95500E+03
956 40 50 37.20 1394207859889 1394207973743 1394207973754 1394207859918 0.95600E+03
957 40 50 37.20 1394207862855 1394207976715 1394207976725 1394207862888 0.95700E+03
958 40 50 37.00 1394207866753 1394207980608 1394207980619 1394207866776 0.95800E+03
959 40 50 37.00 1394207871639 1394207985497 1394207985507 1394207871666 0.95900E+03
960 40 50 37.00 1394207875211 1394207989066 1394207989076 1394207875243 0.96000E+03
961 40 50 37.00 1394207878625 1394207992483 1394207992493 1394207878650 0.96100E+03
962 40 50 37.20 1394207882111 1394207995965 1394207995975 1394207882133 0.96200E+03
963 40 50 37.20 1394207885586 1394207999450 1394207999460 1394207885617 0.96300E+03
964 60 50 37.00 1394207889085 1394208002940 1394208002950 1394207889110 0.96400E+03
965 60 50 37.00 1394207892468 1394208006324 1394208006334 1394207892492 0.96500E+03
966 60 50 37.00 1394207895999 1394208009856 1394208009866 1394207896022 0.96600E+03
967 60 50 37.00 1394207899525 1394208013386 1394208013396 1394207899557 0.96700E+03
968 60 50 37.30 1394207903098 1394208016956 1394208016966 1394207903123 0.96800E+03
969 60 50 37.60 1394207906589 1394208020450 1394208020460 1394207906616 0.96900E+03
970 60 50 37.90 1394207910248 1394208024110 1394208024120 1394207910276 0.97000E+03
971 60 50 38.00 1394207913737 1394208027597 1394208027608 1394207913769 0.97100E+03
972 60 50 38.20 1394207917210 1394208031070 1394208031081 1394207917236 0.97200E+03
973 60 50 38.30 1394207920743 1394208034602 1394208034612 1394207920771 0.97300E+03
974 60 50 38.60 1394207924369 1394208038230 1394208038241 1394207924403 0.97400E+03
975 60 50 38.70 1394207928020 1394208041884 1394208041894 1394207928052 0.97500E+03
976 60 50 38.70 1394207931479 1394208045338 1394208045349 1394207931507 0.97600E+03
977 60 50 38.90 1394207935090 1394208048950 1394208048961 1394207935119 0.97700E+03
978 60 50 38.90 1394207938551 1394208052410 1394208052421 1394207938578 0.97800E+03
979 60 50 39.00 1394207942079 1394208055940 1394208055951 1394207942112 0.97900E+03
980 60 50 39.00 1394207945653 1394208059518 1394208059528 1394207945690 0.98000E+03
981 60 50 39.30 1394207949223 1394208063081 1394208063093 1394207949249 0.98100E+03
982 60 50 39.00 1394207952813 1394208066672 1394208066682 1394207952839 0.98200E+03
983 60 50 39.30 1394207956775 1394208070637 1394208070647 1394207956810 0.98300E+03
984 60 50 39.30 1394207960435 1394208074298 1394208074307 1394207960478 0.98400E+03
985 60 50 39.40 1394207964046 1394208077903 1394208077913 1394207964068 0.98500E+03
986 60 50 39.40 1394207967691 1394208081552 1394208081563 1394207967718 0.98600E+03
987 60 50 39.40 1394207971167 1394208085028 1394208085039 1394207971194 0.98700E+03
988 60 50 39.40 1394207974955 1394208088812 1394208088822 1394207974980 0.98800E+03
989 60 50 39.50 1394207981063 1394208094921 1394208094931 1394207981086 0.98900E+03
990 60 50 39.50 1394207984705 1394208098567 1394208098578 1394207984738 0.99000E+03
991 60 50 39.40 1394207988538 1394208102404 1394208102415 1394207988571 0.99100E+03
992 60 50 39.40 1394207992232 1394208106095 1394208106105 1394207992262 0.99200E+03
993 60 50 39.50 1394207996060 1394208109924 1394208109935 1394207996094 0.99300E+03
994 60 50 39.40 1394208002611 1394208116473 1394208116483 1394208002640 0.99400E+03
995 60 50 39.50 1394208006362 1394208120225 1394208120236 1394208006394 0.99500E+03
996 60 50 39.60 1394208010505 1394208124367 1394208124378 1394208010537 0.99600E+03
997 60 50 39.60 1394208014629 1394208128493 1394208128503 1394208014662 0.99700E+03
