0.10000E+01 0.30000E+02 0.50000E+02 0.35100E+02
0.20000E+01 0.30000E+02 0.50000E+02 0.35000E+02
0.30000E+01 0.30000E+02 0.50000E+02 0.35000E+02
0.40000E+01 0.30000E+02 0.50000E+02 0.35000E+02
0.50000E+01 0.30000E+02 0.50000E+02 0.35100E+02
0.60000E+01 0.30000E+02 0.50000E+02 0.35200E+02
0.70000E+01 0.30000E+02 0.50000E+02 0.35100E+02
0.80000E+01 0.30000E+02 0.50000E+02 0.35200E+02
0.90000E+01 0.30000E+02 0.50000E+02 0.35200E+02
0.10000E+02 0.30000E+02 0.50000E+02 0.35200E+02
0.11000E+02 0.30000E+02 0.50000E+02 0.35400E+02
0.12000E+02 0.30000E+02 0.50000E+02 0.35400E+02
0.13000E+02 0.30000E+02 0.50000E+02 0.35400E+02
0.14000E+02 0.30000E+02 0.50000E+02 0.35500E+02
0.15000E+02 0.30000E+02 0.50000E+02 0.35700E+02
0.16000E+02 0.30000E+02 0.50000E+02 0.35700E+02
0.17000E+02 0.30000E+02 0.50000E+02 0.35800E+02
0.18000E+02 0.30000E+02 0.50000E+02 0.35800E+02
0.19000E+02 0.30000E+02 0.50000E+02 0.36000E+02
0.20000E+02 0.30000E+02 0.50000E+02 0.36100E+02
0.21000E+02 0.30000E+02 0.50000E+02 0.36100E+02
0.22000E+02 0.30000E+02 0.50000E+02 0.36100E+02
0.23000E+02 0.30000E+02 0.50000E+02 0.36200E+02
0.24000E+02 0.30000E+02 0.50000E+02 0.36400E+02
0.25000E+02 0.30000E+02 0.50000E+02 0.36400E+02
0.26000E+02 0.30000E+02 0.50000E+02 0.36500E+02
0.27000E+02 0.30000E+02 0.50000E+02 0.36600E+02
0.28000E+02 0.30000E+02 0.50000E+02 0.36700E+02
0.29000E+02 0.30000E+02 0.50000E+02 0.36700E+02
0.30000E+02 0.30000E+02 0.50000E+02 0.36800E+02
0.31000E+02 0.30000E+02 0.50000E+02 0.36900E+02
0.32000E+02 0.30000E+02 0.50000E+02 0.36900E+02
0.33000E+02 0.30000E+02 0.50000E+02 0.36900E+02
0.34000E+02 0.30000E+02 0.50000E+02 0.36900E+02
0.35000E+02 0.30000E+02 0.50000E+02 0.37000E+02
0.36000E+02 0.30000E+02 0.50000E+02 0.37000E+02
0.37000E+02 0.30000E+02 0.50000E+02 0.37000E+02
0.38000E+02 0.30000E+02 0.50000E+02 0.37000E+02
0.39000E+02 0.30000E+02 0.50000E+02 0.37300E+02
0.40000E+02 0.30000E+02 0.50000E+02 0.37400E+02
0.41000E+02 0.30000E+02 0.50000E+02 0.37400E+02
0.42000E+02 0.30000E+02 0.50000E+02 0.37500E+02
0.43000E+02 0.30000E+02 0.50000E+02 0.37500E+02
0.44000E+02 0.30000E+02 0.50000E+02 0.37600E+02
0.45000E+02 0.30000E+02 0.50000E+02 0.37600E+02
0.46000E+02 0.30000E+02 0.50000E+02 0.37600E+02
0.47000E+02 0.30000E+02 0.50000E+02 0.37600E+02
0.48000E+02 0.30000E+02 0.50000E+02 0.37600E+02
0.49000E+02 0.30000E+02 0.50000E+02 0.37600E+02
0.50000E+02 0.30000E+02 0.50000E+02 0.37600E+02
0.51000E+02 0.30000E+02 0.50000E+02 0.37700E+02
0.52000E+02 0.30000E+02 0.50000E+02 0.37700E+02
0.53000E+02 0.30000E+02 0.50000E+02 0.37900E+02
0.54000E+02 0.30000E+02 0.50000E+02 0.37900E+02
0.55000E+02 0.30000E+02 0.50000E+02 0.38000E+02
0.56000E+02 0.30000E+02 0.50000E+02 0.38000E+02
0.57000E+02 0.30000E+02 0.50000E+02 0.38200E+02
0.58000E+02 0.30000E+02 0.50000E+02 0.38200E+02
0.59000E+02 0.30000E+02 0.50000E+02 0.38200E+02
0.60000E+02 0.30000E+02 0.50000E+02 0.38200E+02
0.61000E+02 0.30000E+02 0.50000E+02 0.38300E+02
0.62000E+02 0.30000E+02 0.50000E+02 0.38300E+02
0.63000E+02 0.30000E+02 0.50000E+02 0.38400E+02
0.64000E+02 0.30000E+02 0.50000E+02 0.38400E+02
0.65000E+02 0.30000E+02 0.50000E+02 0.38600E+02
0.66000E+02 0.30000E+02 0.50000E+02 0.38300E+02
0.67000E+02 0.30000E+02 0.50000E+02 0.38400E+02
0.68000E+02 0.30000E+02 0.50000E+02 0.38400E+02
0.69000E+02 0.30000E+02 0.50000E+02 0.38600E+02
0.70000E+02 0.30000E+02 0.50000E+02 0.38400E+02
0.71000E+02 0.30000E+02 0.50000E+02 0.38400E+02
0.72000E+02 0.30000E+02 0.50000E+02 0.38400E+02
0.73000E+02 0.30000E+02 0.50000E+02 0.38400E+02
0.74000E+02 0.30000E+02 0.50000E+02 0.38300E+02
0.75000E+02 0.30000E+02 0.50000E+02 0.38400E+02
0.76000E+02 0.30000E+02 0.50000E+02 0.38400E+02
0.77000E+02 0.30000E+02 0.50000E+02 0.38400E+02
0.78000E+02 0.30000E+02 0.50000E+02 0.38400E+02
0.79000E+02 0.30000E+02 0.50000E+02 0.38400E+02
0.80000E+02 0.30000E+02 0.50000E+02 0.38400E+02
0.81000E+02 0.30000E+02 0.50000E+02 0.38400E+02
0.82000E+02 0.30000E+02 0.50000E+02 0.38300E+02
0.83000E+02 0.30000E+02 0.50000E+02 0.38300E+02
0.84000E+02 0.30000E+02 0.50000E+02 0.38300E+02
0.85000E+02 0.30000E+02 0.50000E+02 0.38400E+02
0.86000E+02 0.30000E+02 0.50000E+02 0.38400E+02
0.87000E+02 0.30000E+02 0.50000E+02 0.38600E+02
0.88000E+02 0.30000E+02 0.50000E+02 0.38700E+02
0.89000E+02 0.30000E+02 0.50000E+02 0.38600E+02
0.90000E+02 0.30000E+02 0.50000E+02 0.38700E+02
0.91000E+02 0.30000E+02 0.50000E+02 0.38700E+02
0.92000E+02 0.30000E+02 0.50000E+02 0.38600E+02
0.93000E+02 0.30000E+02 0.50000E+02 0.38600E+02
0.94000E+02 0.30000E+02 0.50000E+02 0.38600E+02
0.95000E+02 0.30000E+02 0.50000E+02 0.38400E+02
0.96000E+02 0.30000E+02 0.50000E+02 0.38400E+02
0.97000E+02 0.30000E+02 0.50000E+02 0.38400E+02
0.98000E+02 0.30000E+02 0.50000E+02 0.38400E+02
0.99000E+02 0.30000E+02 0.50000E+02 0.38300E+02
0.10000E+03 0.30000E+02 0.50000E+02 0.38300E+02
0.10100E+03 0.30000E+02 0.50000E+02 0.38300E+02
0.10200E+03 0.30000E+02 0.50000E+02 0.38300E+02
0.10300E+03 0.30000E+02 0.50000E+02 0.38300E+02
0.10400E+03 0.30000E+02 0.50000E+02 0.38300E+02
0.10500E+03 0.30000E+02 0.50000E+02 0.38400E+02
0.10600E+03 0.30000E+02 0.50000E+02 0.38400E+02
0.10700E+03 0.30000E+02 0.50000E+02 0.38600E+02
0.10800E+03 0.30000E+02 0.50000E+02 0.38600E+02
0.10900E+03 0.30000E+02 0.50000E+02 0.38600E+02
0.11000E+03 0.30000E+02 0.50000E+02 0.38600E+02
0.11100E+03 0.30000E+02 0.50000E+02 0.38700E+02
0.11200E+03 0.30000E+02 0.50000E+02 0.38800E+02
0.11300E+03 0.30000E+02 0.50000E+02 0.38800E+02
0.11400E+03 0.30000E+02 0.50000E+02 0.38800E+02
0.11500E+03 0.30000E+02 0.50000E+02 0.38700E+02
0.11600E+03 0.30000E+02 0.50000E+02 0.38700E+02
0.11700E+03 0.30000E+02 0.50000E+02 0.38700E+02
0.11800E+03 0.30000E+02 0.50000E+02 0.38700E+02
0.11900E+03 0.30000E+02 0.50000E+02 0.38800E+02
0.12000E+03 0.30000E+02 0.50000E+02 0.38700E+02
0.12100E+03 0.30000E+02 0.50000E+02 0.38800E+02
0.12200E+03 0.30000E+02 0.50000E+02 0.38800E+02
0.12300E+03 0.30000E+02 0.50000E+02 0.38800E+02
0.12400E+03 0.30000E+02 0.50000E+02 0.38800E+02
0.12500E+03 0.30000E+02 0.50000E+02 0.38800E+02
0.12600E+03 0.30000E+02 0.50000E+02 0.38700E+02
0.12700E+03 0.30000E+02 0.50000E+02 0.38300E+02
0.12800E+03 0.30000E+02 0.50000E+02 0.38300E+02
0.12900E+03 0.30000E+02 0.50000E+02 0.38300E+02
0.13000E+03 0.30000E+02 0.50000E+02 0.38300E+02
0.13100E+03 0.30000E+02 0.50000E+02 0.38400E+02
0.13200E+03 0.30000E+02 0.50000E+02 0.38300E+02
