0 1 0 34.30 1355306413645 1355306823393 1355306823405 1355306413683 0.10000E+03
1 9 100 34.40 1355306424856 1355306834588 1355306834601 1355306424880 0.10000E+01
2 5 100 34.40 1355306425856 1355306835595 1355306835610 1355306425891 0.20000E+01
3 6 100 34.30 1355306426856 1355306836599 1355306836613 1355306426893 0.30000E+01
4 8 100 34.40 1355306427856 1355306837598 1355306837613 1355306427894 0.40000E+01
5 6 100 34.40 1355306428856 1355306838600 1355306838614 1355306428894 0.50000E+01
6 7 100 34.30 1355306429856 1355306839597 1355306839610 1355306429890 0.60000E+01
7 9 100 34.40 1355306430856 1355306840598 1355306840610 1355306430890 0.70000E+01
8 7 100 34.40 1355306431856 1355306841587 1355306841602 1355306431884 0.80000E+01
9 8 100 34.50 1355306432857 1355306842587 1355306842602 1355306432883 0.90000E+01
