0 1 0 89.20 1329398309287 1329398124900 1329398124913 1329398309310 0.10000E+03
1 0 100 89.20 1329398316394 1329398132006 1329398132017 1329398316418 0.10000E+01
2 100 100 89.20 1329398317395 1329398133023 1329398133038 1329398317437 0.20000E+01
3 69 100 89.00 1329398318395 1329398134021 1329398134033 1329398318431 0.30000E+01
4 41 100 89.20 1329398319429 1329398135071 1329398135085 1329398319484 0.40000E+01
5 7 100 89.20 1329398320395 1329398136019 1329398136034 1329398320432 0.50000E+01
6 0 100 89.20 1329398321394 1329398137023 1329398137038 1329398321436 0.60000E+01
7 0 100 89.20 1329398322395 1329398138021 1329398138033 1329398322432 0.70000E+01
8 0 100 89.20 1329398323394 1329398139022 1329398139038 1329398323436 0.80000E+01
9 0 100 88.60 1329398324436 1329398140076 1329398140090 1329398324489 0.90000E+01
10 0 100 85.80 1329398325395 1329398141171 1329398141185 1329398325585 0.10000E+02
11 6 100 83.10 1329398326395 1329398142020 1329398142034 1329398326433 0.11000E+02
12 3 100 81.40 1329398327395 1329398143021 1329398143034 1329398327433 0.12000E+02
13 0 100 78.80 1329398328395 1329398144021 1329398144034 1329398328433 0.13000E+02
14 2 100 76.40 1329398329394 1329398145020 1329398145033 1329398329432 0.14000E+02
15 0 100 74.80 1329398330396 1329398146020 1329398146034 1329398330433 0.15000E+02
16 0 100 72.60 1329398331396 1329398147021 1329398147034 1329398331433 0.16000E+02
17 1 100 70.50 1329398332395 1329398148020 1329398148034 1329398332433 0.17000E+02
18 0 100 69.30 1329398333395 1329398149022 1329398149034 1329398333435 0.18000E+02
19 0 100 67.40 1329398334396 1329398150019 1329398150034 1329398334434 0.19000E+02
20 2 100 65.50 1329398335394 1329398151020 1329398151034 1329398335434 0.20000E+02
21 1 100 64.50 1329398336395 1329398152019 1329398152030 1329398336430 0.21000E+02
22 0 100 63.00 1329398337395 1329398153018 1329398153030 1329398337430 0.22000E+02
23 0 100 61.50 1329398338433 1329398154069 1329398154081 1329398338482 0.23000E+02
24 0 100 60.50 1329398339395 1329398155020 1329398155034 1329398339435 0.24000E+02
25 0 100 59.10 1329398340429 1329398156052 1329398156066 1329398340467 0.25000E+02
26 0 100 57.80 1329398341394 1329398157013 1329398157026 1329398341427 0.26000E+02
27 0 100 57.10 1329398342395 1329398158020 1329398158033 1329398342434 0.27000E+02
28 0 100 55.90 1329398343395 1329398159019 1329398159033 1329398343434 0.28000E+02
29 1 100 54.80 1329398344395 1329398160018 1329398160030 1329398344431 0.29000E+02
30 0 100 54.30 1329398345395 1329398161019 1329398161034 1329398345435 0.30000E+02
31 0 100 53.30 1329398346395 1329398162018 1329398162031 1329398346432 0.31000E+02
32 0 100 52.40 1329398347394 1329398163018 1329398163030 1329398347432 0.32000E+02
33 0 100 51.80 1329398348394 1329398164021 1329398164033 1329398348434 0.33000E+02
34 0 100 51.00 1329398349438 1329398165073 1329398165085 1329398349486 0.34000E+02
35 0 100 50.30 1329398350396 1329398166018 1329398166029 1329398350431 0.35000E+02
36 0 100 49.70 1329398351394 1329398167016 1329398167030 1329398351432 0.36000E+02
37 0 100 49.10 1329398352395 1329398168017 1329398168029 1329398352431 0.37000E+02
38 0 100 48.40 1329398353394 1329398169018 1329398169030 1329398353432 0.38000E+02
39 0 100 48.00 1329398354396 1329398170017 1329398170029 1329398354432 0.39000E+02
40 0 100 47.50 1329398355446 1329398171070 1329398171082 1329398355485 0.40000E+02
41 0 100 46.80 1329398356395 1329398172014 1329398172025 1329398356428 0.41000E+02
42 0 100 46.60 1329398357394 1329398173017 1329398173030 1329398357433 0.42000E+02
43 0 100 46.00 1329398358442 1329398174067 1329398174078 1329398358481 0.43000E+02
44 1 100 45.50 1329398359394 1329398175017 1329398175030 1329398359432 0.44000E+02
45 0 100 45.20 1329398360396 1329398176016 1329398176030 1329398360434 0.45000E+02
46 0 100 44.80 1329398361398 1329398177019 1329398177034 1329398361436 0.46000E+02
47 0 100 44.50 1329398362395 1329398178016 1329398178031 1329398362434 0.47000E+02
48 0 100 44.30 1329398363454 1329398179076 1329398179089 1329398363492 0.48000E+02
49 0 100 43.80 1329398364395 1329398180015 1329398180030 1329398364433 0.49000E+02
50 0 100 43.40 1329398365395 1329398181015 1329398181030 1329398365433 0.50000E+02
51 0 100 43.10 1329398366395 1329398182015 1329398182030 1329398366433 0.51000E+02
52 0 100 42.90 1329398367395 1329398183015 1329398183026 1329398367429 0.52000E+02
53 0 100 42.60 1329398368444 1329398184063 1329398184077 1329398368481 0.53000E+02
54 0 100 42.40 1329398369395 1329398185015 1329398185027 1329398369431 0.54000E+02
55 0 100 42.20 1329398370395 1329398186014 1329398186025 1329398370430 0.55000E+02
56 0 100 41.70 1329398371394 1329398187013 1329398187025 1329398371430 0.56000E+02
57 2 100 41.60 1329398372395 1329398188014 1329398188025 1329398372430 0.57000E+02
58 0 100 41.50 1329398373395 1329398189014 1329398189026 1329398373431 0.58000E+02
59 0 100 41.10 1329398374395 1329398190013 1329398190025 1329398374430 0.59000E+02
60 1 100 40.90 1329398375394 1329398191014 1329398191026 1329398375430 0.60000E+02
61 0 100 40.80 1329398376395 1329398192013 1329398192025 1329398376430 0.61000E+02
62 0 100 40.50 1329398377396 1329398193013 1329398193027 1329398377431 0.62000E+02
63 0 100 40.40 1329398378397 1329398194015 1329398194030 1329398378435 0.63000E+02
64 0 100 40.20 1329398379395 1329398195014 1329398195029 1329398379434 0.64000E+02
65 0 100 40.00 1329398380396 1329398196013 1329398196025 1329398380430 0.65000E+02
66 0 100 40.00 1329398381395 1329398197013 1329398197025 1329398381430 0.66000E+02
67 0 100 39.70 1329398382395 1329398198013 1329398198025 1329398382431 0.67000E+02
68 1 100 39.50 1329398383395 1329398199013 1329398199026 1329398383431 0.68000E+02
69 0 100 39.50 1329398384454 1329398200073 1329398200085 1329398384490 0.69000E+02
70 0 100 39.30 1329398385397 1329398201014 1329398201026 1329398385432 0.70000E+02
71 0 100 39.10 1329398386395 1329398202010 1329398202021 1329398386427 0.71000E+02
72 0 100 39.10 1329398387395 1329398203012 1329398203026 1329398387440 0.72000E+02
73 0 100 38.90 1329398388395 1329398204011 1329398204026 1329398388433 0.73000E+02
74 0 100 38.80 1329398389406 1329398205023 1329398205038 1329398389445 0.74000E+02
75 0 100 38.70 1329398390442 1329398206057 1329398206069 1329398390475 0.75000E+02
76 0 100 38.60 1329398391395 1329398207011 1329398207026 1329398391432 0.76000E+02
77 0 100 38.30 1329398392395 1329398208010 1329398208021 1329398392428 0.77000E+02
78 1 100 38.30 1329398393416 1329398209032 1329398209045 1329398393452 0.78000E+02
79 0 100 38.20 1329398394395 1329398210011 1329398210026 1329398394432 0.79000E+02
80 0 100 38.20 1329398395394 1329398211007 1329398211018 1329398395425 0.80000E+02
81 0 100 38.00 1329398396395 1329398212013 1329398212025 1329398396432 0.81000E+02
82 1 100 38.00 1329398397395 1329398213012 1329398213026 1329398397433 0.82000E+02
83 0 100 37.70 1329398398395 1329398214011 1329398214026 1329398398436 0.83000E+02
84 2 100 37.70 1329398399395 1329398215011 1329398215025 1329398399432 0.84000E+02
85 0 100 37.60 1329398400395 1329398216011 1329398216025 1329398400432 0.85000E+02
86 0 100 37.50 1329398401394 1329398217011 1329398217022 1329398401430 0.86000E+02
87 0 100 37.50 1329398402395 1329398218011 1329398218025 1329398402433 0.87000E+02
88 0 100 37.40 1329398403396 1329398219013 1329398219025 1329398403433 0.88000E+02
89 0 100 37.40 1329398404396 1329398220010 1329398220025 1329398404434 0.89000E+02
90 0 100 37.20 1329398405428 1329398221043 1329398221057 1329398405466 0.90000E+02
91 1 100 37.20 1329398406418 1329398222033 1329398222045 1329398406454 0.91000E+02
92 0 100 37.00 1329398407408 1329398223023 1329398223037 1329398407446 0.92000E+02
93 1 100 37.00 1329398408428 1329398224043 1329398224059 1329398408475 0.93000E+02
94 0 100 36.90 1329398409434 1329398225050 1329398225062 1329398409471 0.94000E+02
95 0 100 36.90 1329398410409 1329398226024 1329398226038 1329398410447 0.95000E+02
96 0 100 36.80 1329398411428 1329398227064 1329398227077 1329398411486 0.96000E+02
97 0 100 36.70 1329398412395 1329398228009 1329398228021 1329398412430 0.97000E+02
98 0 100 36.70 1329398413435 1329398229050 1329398229062 1329398413471 0.98000E+02
99 0 100 36.70 1329398414427 1329398230041 1329398230053 1329398414462 0.99000E+02
100 0 100 36.60 1329398415415 1329398231016 1329398231030 1329398415440 0.10000E+03
101 0 100 36.50 1329398416427 1329398232028 1329398232043 1329398416452 0.10100E+03
102 0 100 36.50 1329398417425 1329398233027 1329398233042 1329398417451 0.10200E+03
103 0 100 36.50 1329398418417 1329398234032 1329398234046 1329398418456 0.10300E+03
104 0 100 36.40 1329398419407 1329398235021 1329398235034 1329398419443 0.10400E+03
105 0 100 36.20 1329398420428 1329398236058 1329398236069 1329398420479 0.10500E+03
106 2 100 36.10 1329398421418 1329398237031 1329398237046 1329398421467 0.10600E+03
107 1 100 36.10 1329398422434 1329398238047 1329398238061 1329398422472 0.10700E+03
108 0 100 36.10 1329398423395 1329398239009 1329398239022 1329398423432 0.10800E+03
109 0 100 36.00 1329398424418 1329398240031 1329398240042 1329398424453 0.10900E+03
110 1 100 36.00 1329398425406 1329398241006 1329398241021 1329398425432 0.11000E+03
111 0 100 35.90 1329398426428 1329398242041 1329398242053 1329398426464 0.11100E+03
112 0 100 35.90 1329398427416 1329398243016 1329398243030 1329398427441 0.11200E+03
113 0 100 35.80 1329398428408 1329398244020 1329398244034 1329398428445 0.11300E+03
114 0 100 35.70 1329398429440 1329398245055 1329398245069 1329398429480 0.11400E+03
115 1 100 35.70 1329398430395 1329398246007 1329398246021 1329398430432 0.11500E+03
116 0 100 35.70 1329398431435 1329398247034 1329398247046 1329398431457 0.11600E+03
117 0 100 35.80 1329398432427 1329398248039 1329398248054 1329398432465 0.11700E+03
118 0 100 35.50 1329398433417 1329398249029 1329398249042 1329398433453 0.11800E+03
119 4 100 35.50 1329398434437 1329398250067 1329398250082 1329398434493 0.11900E+03
120 2 100 35.50 1329398435427 1329398251039 1329398251054 1329398435476 0.12000E+03
121 2 100 35.50 1329398436418 1329398252030 1329398252042 1329398436453 0.12100E+03
122 2 100 35.40 1329398437437 1329398253049 1329398253061 1329398437472 0.12200E+03
123 3 100 35.40 1329398438428 1329398254039 1329398254055 1329398438467 0.12300E+03
124 2 100 35.30 1329398439418 1329398255028 1329398255042 1329398439454 0.12400E+03
125 3 100 35.30 1329398440408 1329398256019 1329398256030 1329398440443 0.12500E+03
126 3 100 35.20 1329398441430 1329398257041 1329398257054 1329398441466 0.12600E+03
127 4 100 35.30 1329398442418 1329398258028 1329398258042 1329398442455 0.12700E+03
128 2 100 35.20 1329398443406 1329398259017 1329398259030 1329398443443 0.12800E+03
129 3 100 35.20 1329398444428 1329398260038 1329398260050 1329398444463 0.12900E+03
130 3 100 35.10 1329398445418 1329398261028 1329398261041 1329398445454 0.13000E+03
131 4 100 35.10 1329398446408 1329398262018 1329398262033 1329398446446 0.13100E+03
132 4 100 35.10 1329398447429 1329398263058 1329398263069 1329398447482 0.13200E+03
133 4 100 35.00 1329398448417 1329398264027 1329398264042 1329398448455 0.13300E+03
134 5 100 34.80 1329398449439 1329398265050 1329398265061 1329398449475 0.13400E+03
135 7 100 34.80 1329398450427 1329398266037 1329398266049 1329398450462 0.13500E+03
136 7 100 34.80 1329398451417 1329398267029 1329398267041 1329398451454 0.13600E+03
137 7 100 35.00 1329398452437 1329398268047 1329398268062 1329398452477 0.13700E+03
138 4 100 34.80 1329398453453 1329398269049 1329398269061 1329398453475 0.13800E+03
139 8 100 34.80 1329398454417 1329398270027 1329398270039 1329398454452 0.13900E+03
140 7 100 34.70 1329398455436 1329398271047 1329398271061 1329398455476 0.14000E+03
141 8 100 34.80 1329398456428 1329398272037 1329398272050 1329398456464 0.14100E+03
142 7 100 34.70 1329398457418 1329398273027 1329398273038 1329398457453 0.14200E+03
143 9 100 34.70 1329398458395 1329398274003 1329398274018 1329398458433 0.14300E+03
144 8 100 34.80 1329398459428 1329398275037 1329398275049 1329398459464 0.14400E+03
145 7 100 34.70 1329398460418 1329398276027 1329398276042 1329398460457 0.14500E+03
146 9 100 34.70 1329398461408 1329398277016 1329398277030 1329398461444 0.14600E+03
147 9 100 34.70 1329398462474 1329398278071 1329398278085 1329398462500 0.14700E+03
148 9 100 34.70 1329398463418 1329398279027 1329398279041 1329398463456 0.14800E+03
149 9 100 34.60 1329398464408 1329398280016 1329398280029 1329398464444 0.14900E+03
150 81 100 34.60 1329398465426 1329398281036 1329398281050 1329398465465 0.15000E+03
151 61 100 34.60 1329398466417 1329398282025 1329398282037 1329398466452 0.15100E+03
152 64 100 34.70 1329398467433 1329398283042 1329398283054 1329398467469 0.15200E+03
153 66 100 34.70 1329398468427 1329398284036 1329398284050 1329398468465 0.15300E+03
154 69 100 34.60 1329398469428 1329398285037 1329398285049 1329398469465 0.15400E+03
155 74 100 34.70 1329398470451 1329398286045 1329398286057 1329398470478 0.15500E+03
156 75 100 34.80 1329398471427 1329398287035 1329398287046 1329398471462 0.15600E+03
157 77 100 34.80 1329398472417 1329398288025 1329398288038 1329398472453 0.15700E+03
158 80 100 35.00 1329398473436 1329398289045 1329398289057 1329398473474 0.15800E+03
159 80 100 34.80 1329398474428 1329398290035 1329398290050 1329398474467 0.15900E+03
160 87 100 35.20 1329398475416 1329398291025 1329398291038 1329398475454 0.16000E+03
161 83 100 35.40 1329398476408 1329398292017 1329398292030 1329398476446 0.16100E+03
162 85 100 35.40 1329398477428 1329398293035 1329398293047 1329398477463 0.16200E+03
163 88 100 35.70 1329398478418 1329398294027 1329398294038 1329398478455 0.16300E+03
164 87 100 35.90 1329398479408 1329398295014 1329398295026 1329398479443 0.16400E+03
165 88 100 36.00 1329398480428 1329398296052 1329398296066 1329398480483 0.16500E+03
166 90 100 36.10 1329398481394 1329398297001 1329398297013 1329398481430 0.16600E+03
167 91 100 36.20 1329398482408 1329398298014 1329398298026 1329398482443 0.16700E+03
168 92 100 36.60 1329398483427 1329398299033 1329398299045 1329398483463 0.16800E+03
169 89 100 36.80 1329398484417 1329398300024 1329398300039 1329398484456 0.16900E+03
170 90 100 37.00 1329398485437 1329398301043 1329398301058 1329398485475 0.17000E+03
171 90 100 37.30 1329398486427 1329398302033 1329398302045 1329398486463 0.17100E+03
172 88 100 37.40 1329398487418 1329398303023 1329398303038 1329398487456 0.17200E+03
173 90 100 37.50 1329398488430 1329398304036 1329398304050 1329398488468 0.17300E+03
174 90 100 37.60 1329398489427 1329398305034 1329398305046 1329398489463 0.17400E+03
175 91 100 37.90 1329398490418 1329398306023 1329398306037 1329398490456 0.17500E+03
176 88 100 38.30 1329398491436 1329398307043 1329398307058 1329398491476 0.17600E+03
177 85 100 38.40 1329398492428 1329398308033 1329398308047 1329398492465 0.17700E+03
178 87 100 38.70 1329398493416 1329398309008 1329398309022 1329398493443 0.17800E+03
179 84 100 38.80 1329398494408 1329398310013 1329398310025 1329398494444 0.17900E+03
180 84 100 39.00 1329398495428 1329398311032 1329398311046 1329398495464 0.18000E+03
181 83 100 39.00 1329398496418 1329398312023 1329398312038 1329398496457 0.18100E+03
182 84 100 39.30 1329398497408 1329398313012 1329398313025 1329398497444 0.18200E+03
183 80 100 39.60 1329398498395 1329398314000 1329398314013 1329398498432 0.18300E+03
184 78 100 39.70 1329398499440 1329398315044 1329398315057 1329398499476 0.18400E+03
185 78 100 39.80 1329398500436 1329398316040 1329398316055 1329398500474 0.18500E+03
186 77 100 39.80 1329398501414 1329398317020 1329398317034 1329398501453 0.18600E+03
187 78 100 40.10 1329398502431 1329398318021 1329398318033 1329398502454 0.18700E+03
188 74 100 40.20 1329398503437 1329398319041 1329398319053 1329398503472 0.18800E+03
189 74 100 40.20 1329398504427 1329398320031 1329398320046 1329398504465 0.18900E+03
190 74 100 40.20 1329398505417 1329398321022 1329398321038 1329398505457 0.19000E+03
191 74 100 40.40 1329398506407 1329398322011 1329398322026 1329398506445 0.19100E+03
192 71 100 40.50 1329398507427 1329398323033 1329398323047 1329398507466 0.19200E+03
193 70 100 40.50 1329398508418 1329398324021 1329398324034 1329398508454 0.19300E+03
194 70 100 40.70 1329398509441 1329398325046 1329398325061 1329398509482 0.19400E+03
195 67 100 40.70 1329398510428 1329398326031 1329398326042 1329398510463 0.19500E+03
196 68 100 40.70 1329398511418 1329398327020 1329398327034 1329398511455 0.19600E+03
197 67 100 40.70 1329398512406 1329398328011 1329398328022 1329398512443 0.19700E+03
198 67 100 40.70 1329398513428 1329398329031 1329398329046 1329398513467 0.19800E+03
199 67 100 40.80 1329398514418 1329398330021 1329398330034 1329398514455 0.19900E+03
200 65 100 40.80 1329398515436 1329398331038 1329398331051 1329398515472 0.20000E+03
201 65 100 40.80 1329398516428 1329398332031 1329398332042 1329398516463 0.20100E+03
202 64 100 40.70 1329398517418 1329398333020 1329398333034 1329398517455 0.20200E+03
203 65 100 40.70 1329398518434 1329398334037 1329398334050 1329398518472 0.20300E+03
204 65 100 40.70 1329398519427 1329398335029 1329398335041 1329398519462 0.20400E+03
205 64 100 40.70 1329398520417 1329398336019 1329398336030 1329398520451 0.20500E+03
206 64 100 40.50 1329398521435 1329398337025 1329398337038 1329398521459 0.20600E+03
207 66 100 40.70 1329398522427 1329398338029 1329398338041 1329398522463 0.20700E+03
208 62 100 40.70 1329398523417 1329398339019 1329398339033 1329398523455 0.20800E+03
209 63 100 40.70 1329398524437 1329398340039 1329398340050 1329398524472 0.20900E+03
210 62 100 40.70 1329398525428 1329398341029 1329398341042 1329398525464 0.21000E+03
211 62 100 40.50 1329398526450 1329398342050 1329398342062 1329398526485 0.21100E+03
212 64 100 40.50 1329398527395 1329398342995 1329398343006 1329398527429 0.21200E+03
213 63 100 40.40 1329398528395 1329398343995 1329398344009 1329398528432 0.21300E+03
214 64 100 40.40 1329398529430 1329398345030 1329398345046 1329398529468 0.21400E+03
215 64 100 40.40 1329398530395 1329398345993 1329398346005 1329398530428 0.21500E+03
216 63 100 40.40 1329398531395 1329398346995 1329398347009 1329398531432 0.21600E+03
217 63 100 40.40 1329398532395 1329398347996 1329398348009 1329398532432 0.21700E+03
218 63 100 40.40 1329398533394 1329398348993 1329398349005 1329398533428 0.21800E+03
219 63 100 40.40 1329398534395 1329398349996 1329398350010 1329398534440 0.21900E+03
220 62 100 40.20 1329398535436 1329398351035 1329398351050 1329398535473 0.22000E+03
221 65 100 40.20 1329398536395 1329398351995 1329398352006 1329398536429 0.22100E+03
222 64 100 40.30 1329398537395 1329398352995 1329398353010 1329398537433 0.22200E+03
223 63 100 40.30 1329398538427 1329398354027 1329398354039 1329398538462 0.22300E+03
224 63 100 40.20 1329398539395 1329398354994 1329398355006 1329398539430 0.22400E+03
225 64 100 40.20 1329398540427 1329398356026 1329398356038 1329398540462 0.22500E+03
226 63 100 40.10 1329398541395 1329398356995 1329398357006 1329398541430 0.22600E+03
227 65 100 40.10 1329398542395 1329398357995 1329398358006 1329398542429 0.22700E+03
228 64 100 40.10 1329398543396 1329398358995 1329398359010 1329398543434 0.22800E+03
229 64 100 40.00 1329398544447 1329398360046 1329398360061 1329398544486 0.22900E+03
230 66 100 40.10 1329398545406 1329398361004 1329398361017 1329398545442 0.23000E+03
231 64 100 40.10 1329398546395 1329398361993 1329398362007 1329398546431 0.23100E+03
232 64 100 40.00 1329398547395 1329398362994 1329398363006 1329398547431 0.23200E+03
233 65 100 40.00 1329398548395 1329398363993 1329398364005 1329398548430 0.23300E+03
234 65 100 40.00 1329398549395 1329398364994 1329398365005 1329398549430 0.23400E+03
235 65 100 40.00 1329398550395 1329398365993 1329398366005 1329398550430 0.23500E+03
236 65 100 39.80 1329398551394 1329398366994 1329398367009 1329398551434 0.23600E+03
237 68 100 39.80 1329398552395 1329398367993 1329398368005 1329398552430 0.23700E+03
238 67 100 40.00 1329398553462 1329398369059 1329398369073 1329398553499 0.23800E+03
239 64 100 40.00 1329398554458 1329398370056 1329398370071 1329398554496 0.23900E+03
240 65 100 39.80 1329398555394 1329398370992 1329398371005 1329398555430 0.24000E+03
241 68 100 39.80 1329398556396 1329398371993 1329398372005 1329398556431 0.24100E+03
242 67 100 39.80 1329398557396 1329398372994 1329398373006 1329398557431 0.24200E+03
243 67 100 39.80 1329398558396 1329398373994 1329398374006 1329398558431 0.24300E+03
244 67 100 39.70 1329398559452 1329398375051 1329398375066 1329398559491 0.24400E+03
245 69 100 39.80 1329398560396 1329398375993 1329398376005 1329398560432 0.24500E+03
246 67 100 40.00 1329398561394 1329398376992 1329398377007 1329398561433 0.24600E+03
247 65 100 39.80 1329398562428 1329398378024 1329398378038 1329398562465 0.24700E+03
248 69 100 40.00 1329398563396 1329398378992 1329398379002 1329398563429 0.24800E+03
249 65 100 39.70 1329398564395 1329398379991 1329398380005 1329398564432 0.24900E+03
250 70 100 40.00 1329398565410 1329398380992 1329398381005 1329398565432 0.25000E+03
251 65 100 39.80 1329398566395 1329398381992 1329398382005 1329398566432 0.25100E+03
252 69 100 39.80 1329398567428 1329398383024 1329398383038 1329398567465 0.25200E+03
253 68 100 39.80 1329398568418 1329398384015 1329398384030 1329398568457 0.25300E+03
254 68 100 39.80 1329398569406 1329398385004 1329398385019 1329398569446 0.25400E+03
255 68 100 39.80 1329398570395 1329398385990 1329398386002 1329398570429 0.25500E+03
256 69 100 39.70 1329398571395 1329398386991 1329398387002 1329398571430 0.25600E+03
257 70 100 39.80 1329398572395 1329398387994 1329398388005 1329398572432 0.25700E+03
258 68 100 39.80 1329398573427 1329398389023 1329398389038 1329398573465 0.25800E+03
259 69 100 39.80 1329398574417 1329398390014 1329398390025 1329398574453 0.25900E+03
260 69 100 39.80 1329398575429 1329398391023 1329398391038 1329398575465 0.26000E+03
261 69 100 39.80 1329398576427 1329398392023 1329398392039 1329398576466 0.26100E+03
262 69 100 40.00 1329398577417 1329398393012 1329398393026 1329398577453 0.26200E+03
263 67 100 40.00 1329398578438 1329398394033 1329398394046 1329398578485 0.26300E+03
264 68 100 40.00 1329398579426 1329398395008 1329398395022 1329398579452 0.26400E+03
265 68 100 40.00 1329398580418 1329398396012 1329398396025 1329398580454 0.26500E+03
266 68 100 39.80 1329398581408 1329398397003 1329398397014 1329398581443 0.26600E+03
267 70 100 40.00 1329398582395 1329398397989 1329398398001 1329398582430 0.26700E+03
268 67 100 40.00 1329398583396 1329398398990 1329398399006 1329398583435 0.26800E+03
269 68 100 40.00 1329398584395 1329398399989 1329398400001 1329398584430 0.26900E+03
270 68 100 40.00 1329398585428 1329398401045 1329398401057 1329398585486 0.27000E+03
271 68 100 40.10 1329398586418 1329398402015 1329398402026 1329398586456 0.27100E+03
272 66 100 40.00 1329398587433 1329398403029 1329398403041 1329398587470 0.27200E+03
273 68 100 40.10 1329398588427 1329398404023 1329398404037 1329398588466 0.27300E+03
274 66 100 40.10 1329398589417 1329398405011 1329398405025 1329398589454 0.27400E+03
275 67 100 40.00 1329398590437 1329398406048 1329398406062 1329398590491 0.27500E+03
276 68 100 40.00 1329398591427 1329398407021 1329398407034 1329398591463 0.27600E+03
277 67 100 39.80 1329398592417 1329398408011 1329398408023 1329398592452 0.27700E+03
278 70 100 40.10 1329398593438 1329398409032 1329398409046 1329398593476 0.27800E+03
279 65 100 40.00 1329398594427 1329398410022 1329398410034 1329398594464 0.27900E+03
280 68 100 40.10 1329398595418 1329398411011 1329398411022 1329398595453 0.28000E+03
281 66 100 39.80 1329398596408 1329398412000 1329398412014 1329398596444 0.28100E+03
282 71 100 40.00 1329398597426 1329398413006 1329398413022 1329398597452 0.28200E+03
283 67 100 40.00 1329398598418 1329398414010 1329398414026 1329398598457 0.28300E+03
284 68 100 40.00 1329398599438 1329398415031 1329398415046 1329398599477 0.28400E+03
285 68 100 40.10 1329398600395 1329398415987 1329398416002 1329398600433 0.28500E+03
286 66 100 40.10 1329398601418 1329398417010 1329398417022 1329398601453 0.28600E+03
287 67 100 40.00 1329398602408 1329398418000 1329398418014 1329398602445 0.28700E+03
288 68 100 40.00 1329398603428 1329398419020 1329398419034 1329398603465 0.28800E+03
289 67 100 40.00 1329398604418 1329398420010 1329398420022 1329398604453 0.28900E+03
290 67 100 40.00 1329398605408 1329398421000 1329398421014 1329398605445 0.29000E+03
291 67 100 40.00 1329398606395 1329398421987 1329398422002 1329398606433 0.29100E+03
292 67 100 40.10 1329398607395 1329398422987 1329398422999 1329398607430 0.29200E+03
293 66 100 40.00 1329398608396 1329398423987 1329398424002 1329398608434 0.29300E+03
294 68 100 40.00 1329398609395 1329398424987 1329398424998 1329398609430 0.29400E+03
295 67 100 40.00 1329398610482 1329398426060 1329398426074 1329398610506 0.29500E+03
296 67 100 40.00 1329398611395 1329398426986 1329398426998 1329398611429 0.29600E+03
297 67 100 40.00 1329398612396 1329398427986 1329398427998 1329398612429 0.29700E+03
298 67 100 40.00 1329398613460 1329398429053 1329398429065 1329398613498 0.29800E+03
299 67 100 39.80 1329398614395 1329398429985 1329398429997 1329398614430 0.29900E+03
300 70 100 40.00 1329398615429 1329398431022 1329398431035 1329398615467 0.30000E+03
301 67 100 40.00 1329398616395 1329398431985 1329398431997 1329398616430 0.30100E+03
302 68 100 40.00 1329398617429 1329398433019 1329398433034 1329398617467 0.30200E+03
303 68 100 39.80 1329398618428 1329398434019 1329398434030 1329398618463 0.30300E+03
304 70 100 40.00 1329398619418 1329398435008 1329398435022 1329398619455 0.30400E+03
305 67 100 40.00 1329398620408 1329398435999 1329398436013 1329398620446 0.30500E+03
306 68 100 39.80 1329398621428 1329398437018 1329398437030 1329398621463 0.30600E+03
307 70 100 39.80 1329398622418 1329398438009 1329398438022 1329398622455 0.30700E+03
308 70 100 40.00 1329398623437 1329398439027 1329398439042 1329398623475 0.30800E+03
309 67 100 39.80 1329398624427 1329398440018 1329398440029 1329398624462 0.30900E+03
310 71 100 40.00 1329398625417 1329398441007 1329398441018 1329398625452 0.31000E+03
311 67 100 39.80 1329398626437 1329398442028 1329398442042 1329398626476 0.31100E+03
312 71 100 40.00 1329398627446 1329398443037 1329398443050 1329398627484 0.31200E+03
313 67 100 39.80 1329398628417 1329398444007 1329398444021 1329398628455 0.31300E+03
314 71 100 39.80 1329398629407 1329398444996 1329398445009 1329398629443 0.31400E+03
315 70 100 40.00 1329398630396 1329398445985 1329398445998 1329398630432 0.31500E+03
316 67 100 39.80 1329398631395 1329398446983 1329398446994 1329398631429 0.31600E+03
317 71 100 39.80 1329398632395 1329398447983 1329398447994 1329398632429 0.31700E+03
318 70 100 39.80 1329398633426 1329398449017 1329398449030 1329398633465 0.31800E+03
319 70 100 40.00 1329398634395 1329398449983 1329398449994 1329398634429 0.31900E+03
320 68 100 40.00 1329398635408 1329398450996 1329398451010 1329398635445 0.32000E+03
321 69 100 39.70 1329398636395 1329398451984 1329398451998 1329398636433 0.32100E+03
322 73 100 39.70 1329398637395 1329398452983 1329398452998 1329398637433 0.32200E+03
323 72 100 39.70 1329398638395 1329398453983 1329398453995 1329398638430 0.32300E+03
324 72 100 40.00 1329398639394 1329398454983 1329398454994 1329398639430 0.32400E+03
325 68 100 40.00 1329398640395 1329398455983 1329398455998 1329398640433 0.32500E+03
326 69 100 40.00 1329398641395 1329398456983 1329398456994 1329398641429 0.32600E+03
327 69 100 40.10 1329398642395 1329398457985 1329398457997 1329398642432 0.32700E+03
328 68 100 40.00 1329398643396 1329398458984 1329398458998 1329398643433 0.32800E+03
329 70 100 39.80 1329398644395 1329398459983 1329398459998 1329398644433 0.32900E+03
330 72 100 39.80 1329398645394 1329398460982 1329398460997 1329398645433 0.33000E+03
331 71 100 40.00 1329398646395 1329398461983 1329398461995 1329398646430 0.33100E+03
332 68 100 40.00 1329398647395 1329398462983 1329398462994 1329398647430 0.33200E+03
333 69 100 40.10 1329398648396 1329398463983 1329398463997 1329398648434 0.33300E+03
334 68 100 40.10 1329398649416 1329398465003 1329398465018 1329398649455 0.33400E+03
335 68 100 40.00 1329398650395 1329398465979 1329398465993 1329398650430 0.33500E+03
336 70 100 40.00 1329398651394 1329398466981 1329398466993 1329398651430 0.33600E+03
337 69 100 40.00 1329398652418 1329398468004 1329398468018 1329398652455 0.33700E+03
338 69 100 40.00 1329398653408 1329398468994 1329398469007 1329398653457 0.33800E+03
339 69 100 40.10 1329398654395 1329398469981 1329398469993 1329398654430 0.33900E+03
340 68 100 40.10 1329398655427 1329398471013 1329398471026 1329398655463 0.34000E+03
341 68 100 40.10 1329398656395 1329398471979 1329398471990 1329398656427 0.34100E+03
342 68 100 40.10 1329398657428 1329398473014 1329398473026 1329398657463 0.34200E+03
343 68 100 40.10 1329398658417 1329398474003 1329398474018 1329398658455 0.34300E+03
344 68 100 40.10 1329398659437 1329398475008 1329398475022 1329398659459 0.34400E+03
345 68 100 40.10 1329398660427 1329398476013 1329398476025 1329398660463 0.34500E+03
346 68 100 40.00 1329398661416 1329398477003 1329398477019 1329398661456 0.34600E+03
347 69 100 40.10 1329398662437 1329398478023 1329398478034 1329398662472 0.34700E+03
348 67 100 40.10 1329398663427 1329398479013 1329398479025 1329398663463 0.34800E+03
349 68 100 40.10 1329398664417 1329398480003 1329398480014 1329398664453 0.34900E+03
350 68 100 40.10 1329398665438 1329398481023 1329398481034 1329398665473 0.35000E+03
351 68 100 40.20 1329398666428 1329398482013 1329398482025 1329398666464 0.35100E+03
352 66 100 40.10 1329398667418 1329398483002 1329398483013 1329398667452 0.35200E+03
353 68 100 40.10 1329398668408 1329398483993 1329398484005 1329398668444 0.35300E+03
354 67 100 40.00 1329398669395 1329398484980 1329398484993 1329398669432 0.35400E+03
355 69 100 40.10 1329398670396 1329398485980 1329398485994 1329398670433 0.35500E+03
356 67 100 40.10 1329398671395 1329398486979 1329398486994 1329398671433 0.35600E+03
357 67 100 40.10 1329398672460 1329398488031 1329398488042 1329398672481 0.35700E+03
358 67 100 40.10 1329398673418 1329398489003 1329398489018 1329398673458 0.35800E+03
359 67 100 40.10 1329398674406 1329398489992 1329398490006 1329398674445 0.35900E+03
360 67 100 40.10 1329398675442 1329398491048 1329398491061 1329398675501 0.36000E+03
361 67 100 40.00 1329398676415 1329398491986 1329398491999 1329398676438 0.36100E+03
362 68 100 40.10 1329398677420 1329398493003 1329398493018 1329398677458 0.36200E+03
363 67 100 40.10 1329398678395 1329398493978 1329398493990 1329398678430 0.36300E+03
364 67 100 40.00 1329398679396 1329398494979 1329398494990 1329398679430 0.36400E+03
365 68 100 40.00 1329398680395 1329398495979 1329398495993 1329398680433 0.36500E+03
366 68 100 40.00 1329398681396 1329398496979 1329398496993 1329398681433 0.36600E+03
367 68 100 40.00 1329398682410 1329398497979 1329398497993 1329398682438 0.36700E+03
368 68 100 40.00 1329398683395 1329398498979 1329398498993 1329398683434 0.36800E+03
369 68 100 39.80 1329398684436 1329398500020 1329398500033 1329398684474 0.36900E+03
370 71 100 40.00 1329398685394 1329398500977 1329398500989 1329398685430 0.37000E+03
371 67 100 40.00 1329398686434 1329398502015 1329398502026 1329398686467 0.37100E+03
372 68 100 39.80 1329398687394 1329398502977 1329398502989 1329398687431 0.37200E+03
373 71 100 40.00 1329398688418 1329398504000 1329398504013 1329398688454 0.37300E+03
374 67 100 39.80 1329398689434 1329398505003 1329398505018 1329398689459 0.37400E+03
375 71 100 39.80 1329398690432 1329398506017 1329398506029 1329398690470 0.37500E+03
376 70 100 39.80 1329398691416 1329398506986 1329398507002 1329398691443 0.37600E+03
