0 1 0 31.10 1329397530182 1329397345889 1329397345902 1329397530209 0.10000E+03
1 1 39 32.40 1329397646544 1329397462235 1329397462250 1329397646570 0.10000E+03
2 2 5 32.50 1329397647545 1329397463394 1329397463406 1329397647728 0.10000E+03
3 3 11 32.50 1329397648545 1329397464236 1329397464251 1329397648571 0.10000E+03
4 4 13 32.50 1329397649575 1329397465265 1329397465278 1329397649598 0.10000E+03
5 5 14 32.40 1329397650545 1329397466273 1329397466285 1329397650606 0.10000E+03
6 6 17 32.50 1329397651547 1329397467274 1329397467286 1329397651608 0.10000E+03
7 7 16 32.50 1329397652545 1329397468273 1329397468285 1329397652607 0.10000E+03
8 8 18 32.60 1329397653552 1329397469273 1329397469290 1329397653611 0.10000E+03
9 9 18 32.40 1329397654545 1329397470273 1329397470285 1329397654607 0.10000E+03
10 10 23 32.50 1329397655545 1329397471273 1329397471287 1329397655608 0.10000E+03
11 11 22 32.60 1329397656587 1329397472297 1329397472311 1329397656632 0.10000E+03
12 12 23 32.50 1329397657545 1329397473276 1329397473290 1329397657612 0.10000E+03
13 13 26 32.60 1329397658589 1329397474280 1329397474294 1329397658616 0.10000E+03
14 14 25 32.60 1329397659545 1329397475275 1329397475286 1329397659608 0.10000E+03
15 15 27 32.60 1329397660545 1329397476274 1329397476290 1329397660612 0.10000E+03
16 16 28 32.50 1329397661548 1329397477261 1329397477273 1329397661595 0.10000E+03
17 17 31 32.50 1329397662545 1329397478276 1329397478290 1329397662612 0.10000E+03
18 18 32 32.50 1329397663546 1329397479276 1329397479291 1329397663613 0.10000E+03
19 19 34 32.60 1329397664545 1329397480276 1329397480290 1329397664613 0.10000E+03
20 20 34 32.60 1329397665545 1329397481275 1329397481286 1329397665609 0.10000E+03
21 21 35 32.50 1329397666545 1329397482275 1329397482290 1329397666613 0.10000E+03
22 22 38 32.60 1329397667544 1329397483276 1329397483290 1329397667612 0.10000E+03
23 23 38 32.50 1329397668546 1329397484273 1329397484285 1329397668609 0.10000E+03
24 24 39 32.50 1329397669590 1329397485282 1329397485293 1329397669617 0.10000E+03
25 25 39 32.50 1329397670545 1329397486275 1329397486290 1329397670613 0.10000E+03
26 26 39 32.60 1329397671545 1329397487275 1329397487287 1329397671610 0.10000E+03
27 27 39 32.60 1329397672602 1329397488343 1329397488354 1329397672678 0.10000E+03
28 28 39 32.70 1329397673578 1329397489275 1329397489286 1329397673610 0.10000E+03
29 29 38 32.70 1329397674568 1329397490276 1329397490290 1329397674613 0.10000E+03
30 30 39 32.70 1329397675556 1329397491275 1329397491290 1329397675614 0.10000E+03
31 31 39 32.70 1329397676576 1329397492275 1329397492290 1329397676614 0.10000E+03
32 32 39 32.70 1329397677545 1329397493274 1329397493285 1329397677609 0.10000E+03
33 33 39 32.90 1329397678558 1329397494274 1329397494290 1329397678614 0.10000E+03
34 34 37 33.00 1329397679577 1329397495274 1329397495287 1329397679611 0.10000E+03
35 35 38 33.10 1329397680567 1329397496274 1329397496286 1329397680611 0.10000E+03
36 36 38 33.10 1329397681590 1329397497277 1329397497289 1329397681613 0.10000E+03
37 37 39 33.20 1329397682577 1329397498275 1329397498290 1329397682614 0.10000E+03
38 38 38 33.10 1329397683567 1329397499275 1329397499290 1329397683614 0.10000E+03
39 39 39 33.10 1329397684581 1329397500274 1329397500286 1329397684611 0.10000E+03
40 40 39 33.30 1329397685577 1329397501274 1329397501290 1329397685615 0.10000E+03
41 41 37 33.30 1329397686568 1329397502274 1329397502287 1329397686612 0.10000E+03
42 42 39 33.40 1329397687556 1329397503274 1329397503286 1329397687612 0.10000E+03
43 43 38 33.60 1329397688590 1329397504275 1329397504290 1329397688616 0.10000E+03
44 44 37 33.70 1329397689546 1329397505249 1329397505261 1329397689586 0.10000E+03
45 45 37 33.80 1329397690545 1329397506272 1329397506286 1329397690612 0.10000E+03
46 46 37 33.90 1329397691545 1329397507272 1329397507286 1329397691612 0.10000E+03
47 47 36 33.90 1329397692545 1329397508273 1329397508285 1329397692611 0.10000E+03
48 48 37 34.10 1329397693544 1329397509271 1329397509286 1329397693612 0.10000E+03
49 49 35 34.10 1329397694545 1329397510272 1329397510286 1329397694612 0.10000E+03
50 50 37 34.30 1329397695545 1329397511270 1329397511283 1329397695609 0.10000E+03
51 51 34 34.50 1329397696544 1329397512237 1329397512250 1329397696576 0.10000E+03
52 52 33 34.50 1329397697544 1329397513271 1329397513286 1329397697612 0.10000E+03
53 53 34 34.70 1329397698545 1329397514272 1329397514286 1329397698612 0.10000E+03
54 54 31 34.70 1329397699549 1329397515271 1329397515286 1329397699612 0.10000E+03
55 55 33 35.00 1329397700591 1329397516278 1329397516289 1329397700616 0.10000E+03
56 56 28 35.00 1329397701565 1329397517249 1329397517261 1329397701591 0.10000E+03
57 57 30 35.20 1329397702584 1329397518273 1329397518285 1329397702612 0.10000E+03
58 58 27 35.50 1329397703545 1329397519272 1329397519286 1329397703614 0.10000E+03
59 59 24 35.70 1329397704568 1329397520273 1329397520285 1329397704613 0.10000E+03
60 60 22 35.90 1329397705556 1329397521273 1329397521286 1329397705613 0.10000E+03
61 61 20 36.00 1329397706578 1329397522273 1329397522285 1329397706613 0.10000E+03
62 62 19 36.20 1329397707566 1329397523249 1329397523261 1329397707592 0.10000E+03
63 63 16 36.50 1329397708561 1329397524273 1329397524285 1329397708613 0.10000E+03
64 64 12 36.80 1329397709576 1329397525273 1329397525286 1329397709613 0.10000E+03
65 65 8 37.20 1329397710568 1329397526273 1329397526285 1329397710613 0.10000E+03
66 66 3 37.50 1329397711558 1329397527272 1329397527286 1329397711614 0.10000E+03
67 67 0 38.00 1329397712576 1329397528272 1329397528286 1329397712614 0.10000E+03
68 68 0 38.40 1329397713594 1329397529329 1329397529341 1329397713669 0.10000E+03
69 69 0 38.80 1329397714544 1329397530264 1329397530278 1329397714606 0.10000E+03
70 70 0 39.10 1329397715575 1329397531257 1329397531269 1329397715597 0.10000E+03
71 71 0 39.50 1329397716545 1329397532272 1329397532286 1329397716614 0.10000E+03
72 72 0 39.80 1329397717585 1329397533271 1329397533287 1329397717615 0.10000E+03
73 73 0 40.40 1329397718577 1329397534272 1329397534286 1329397718614 0.10000E+03
74 74 0 40.90 1329397719565 1329397535271 1329397535286 1329397719615 0.10000E+03
75 75 0 41.20 1329397720585 1329397536272 1329397536286 1329397720615 0.10000E+03
76 76 0 41.80 1329397721576 1329397537257 1329397537269 1329397721599 0.10000E+03
77 77 0 42.30 1329397722568 1329397538272 1329397538286 1329397722616 0.10000E+03
78 78 0 42.60 1329397723558 1329397539272 1329397539286 1329397723615 0.10000E+03
79 79 0 43.20 1329397724582 1329397540271 1329397540286 1329397724615 0.10000E+03
80 80 0 43.80 1329397725569 1329397541272 1329397541287 1329397725616 0.10000E+03
81 81 0 44.30 1329397726558 1329397542271 1329397542286 1329397726616 0.10000E+03
82 82 0 44.80 1329397727576 1329397543271 1329397543286 1329397727616 0.10000E+03
83 83 0 45.40 1329397728568 1329397544271 1329397544282 1329397728612 0.10000E+03
84 84 0 45.90 1329397729544 1329397545267 1329397545282 1329397729612 0.10000E+03
85 85 0 46.50 1329397730578 1329397546272 1329397546286 1329397730616 0.10000E+03
86 86 0 47.10 1329397731565 1329397547245 1329397547257 1329397731593 0.10000E+03
87 87 0 47.40 1329397732587 1329397548271 1329397548283 1329397732613 0.10000E+03
88 88 0 48.10 1329397733575 1329397549254 1329397549267 1329397733597 0.10000E+03
89 89 0 48.80 1329397734589 1329397550270 1329397550285 1329397734615 0.10000E+03
90 90 0 49.10 1329397735587 1329397551271 1329397551286 1329397735616 0.10000E+03
91 91 0 49.70 1329397736546 1329397552268 1329397552282 1329397736613 0.10000E+03
92 92 0 50.50 1329397737544 1329397553242 1329397553254 1329397737584 0.10000E+03
93 93 0 50.90 1329397738588 1329397554271 1329397554282 1329397738613 0.10000E+03
94 94 0 51.60 1329397739576 1329397555270 1329397555282 1329397739613 0.10000E+03
95 95 0 52.20 1329397740545 1329397556266 1329397556278 1329397740610 0.10000E+03
96 96 0 52.60 1329397741556 1329397557234 1329397557246 1329397741594 0.10000E+03
97 97 0 53.40 1329397742578 1329397558271 1329397558282 1329397742614 0.10000E+03
98 98 0 54.00 1329397743568 1329397559270 1329397559282 1329397743614 0.10000E+03
99 99 0 54.40 1329397744556 1329397560235 1329397560246 1329397744594 0.10000E+03
100 100 0 55.10 1329397745596 1329397561296 1329397561310 1329397745642 0.10000E+03
