0 0 100 36.60 1396002716652 1396002861899 1396002861909 1396002716684 0.10000E+01
1 0 50 36.50 1396002782100 1396002927475 1396002927485 1396002782259 0.10000E+01
2 0 50 36.60 1396002782956 1396002928204 1396002928214 1396002782988 0.20000E+01
3 0 50 36.60 1396002783099 1396002928467 1396002928476 1396002783276 0.30000E+01
4 0 50 36.50 1396002784100 1396002929350 1396002929359 1396002784135 0.40000E+01
5 0 50 36.60 1396002785100 1396002930352 1396002930362 1396002785136 0.50000E+01
6 0 50 36.60 1396002786100 1396002931367 1396002931376 1396002786151 0.60000E+01
7 0 50 36.50 1396002787100 1396002932358 1396002932367 1396002787141 0.70000E+01
8 0 50 36.40 1396002788100 1396002933354 1396002933363 1396002788139 0.80000E+01
9 0 50 36.50 1396002789100 1396002934371 1396002934381 1396002789155 0.90000E+01
10 0 50 36.50 1396002790100 1396002935369 1396002935378 1396002790218 0.10000E+02
11 0 50 36.60 1396002791100 1396002936511 1396002936521 1396002791303 0.11000E+02
12 0 50 36.10 1396002792102 1396002937527 1396002937536 1396002792413 0.12000E+02
13 0 50 36.50 1396002793101 1396002938484 1396002938493 1396002793319 0.13000E+02
14 0 50 36.50 1396002794100 1396002939349 1396002939358 1396002794133 0.14000E+02
15 0 50 36.50 1396002795100 1396002940362 1396002940372 1396002795151 0.15000E+02
16 0 50 36.50 1396002796100 1396002941345 1396002941354 1396002796129 0.16000E+02
17 0 50 36.50 1396002797105 1396002942348 1396002942358 1396002797132 0.17000E+02
18 0 50 36.50 1396002798100 1396002943351 1396002943360 1396002798135 0.18000E+02
19 0 50 36.70 1396002799100 1396002944347 1396002944357 1396002799131 0.19000E+02
20 0 50 36.60 1396002800100 1396002945349 1396002945358 1396002800132 0.20000E+02
21 0 50 36.20 1396002801100 1396002946343 1396002946353 1396002801127 0.21000E+02
22 0 50 36.50 1396002802105 1396002947350 1396002947359 1396002802133 0.22000E+02
23 0 50 36.50 1396002803100 1396002948345 1396002948355 1396002803129 0.23000E+02
24 0 50 36.60 1396002804100 1396002949344 1396002949353 1396002804127 0.24000E+02
25 0 50 36.40 1396002805100 1396002950348 1396002950356 1396002805131 0.25000E+02
26 0 50 36.40 1396002806100 1396002951357 1396002951366 1396002806142 0.26000E+02
