0 0 100 36.60 1396000686673 1396000831995 1396000832005 1396000686803 0.10000E+01
1 0 50 36.40 1396000701456 1396000846781 1396000846790 1396000701591 0.10000E+01
2 0 50 36.70 1396000702299 1396000847520 1396000847529 1396000702327 0.20000E+01
3 0 50 36.70 1396000702456 1396000847681 1396000847690 1396000702489 0.30000E+01
4 0 50 36.50 1396000703457 1396000848679 1396000848688 1396000703485 0.40000E+01
5 0 50 36.70 1396000704462 1396000849684 1396000849694 1396000704490 0.50000E+01
6 0 50 36.60 1396000705457 1396000850681 1396000850690 1396000705487 0.60000E+01
7 0 50 36.50 1396000706457 1396000851679 1396000851688 1396000706485 0.70000E+01
8 0 50 36.70 1396000707457 1396000852678 1396000852687 1396000707485 0.80000E+01
9 0 50 36.20 1396000708457 1396000853678 1396000853688 1396000708484 0.90000E+01
10 0 50 36.70 1396000709462 1396000854681 1396000854690 1396000709487 0.10000E+02
11 0 50 36.60 1396000710457 1396000855676 1396000855686 1396000710484 0.11000E+02
12 0 50 36.70 1396000711457 1396000856681 1396000856690 1396000711488 0.12000E+02
13 0 50 36.70 1396000712457 1396000857678 1396000857688 1396000712485 0.13000E+02
14 0 50 36.70 1396000713457 1396000858678 1396000858687 1396000713485 0.14000E+02
15 0 50 36.70 1396000714462 1396000859689 1396000859699 1396000714496 0.15000E+02
16 0 50 36.70 1396000715457 1396000860679 1396000860688 1396000715486 0.16000E+02
17 0 50 36.70 1396000716457 1396000861676 1396000861686 1396000716483 0.17000E+02
18 0 50 36.70 1396000717457 1396000862678 1396000862687 1396000717484 0.18000E+02
19 0 50 36.60 1396000718457 1396000863684 1396000863694 1396000718491 0.19000E+02
20 0 50 36.70 1396000719462 1396000864688 1396000864697 1396000719495 0.20000E+02
21 0 50 36.70 1396000720457 1396000869356 1396000869365 1396000724163 0.21000E+02
25 0 50 36.70 1396000724462 1396000869684 1396000869694 1396000724491 0.25000E+02
26 0 50 36.60 1396000725457 1396000870680 1396000870689 1396000725486 0.26000E+02
27 0 50 36.80 1396000726457 1396000871684 1396000871693 1396000726490 0.27000E+02
28 0 50 36.50 1396000727457 1396000872678 1396000872688 1396000727484 0.28000E+02
29 0 50 36.70 1396000728457 1396000873681 1396000873690 1396000728489 0.29000E+02
30 0 50 36.60 1396000729462 1396000874686 1396000874696 1396000729492 0.30000E+02
31 0 50 36.60 1396000730457 1396000875680 1396000875689 1396000730485 0.31000E+02
32 0 50 36.40 1396000731457 1396000876688 1396000876697 1396000731495 0.32000E+02
33 0 50 36.40 1396000732457 1396000877684 1396000877693 1396000732494 0.33000E+02
34 0 50 36.80 1396000733457 1396000878681 1396000878691 1396000733488 0.34000E+02
35 0 50 36.80 1396000734462 1396000879682 1396000879691 1396000734487 0.35000E+02
36 0 50 36.60 1396000735457 1396000880679 1396000880689 1396000735486 0.36000E+02
37 0 50 36.60 1396000736457 1396000881677 1396000881686 1396000736485 0.37000E+02
38 0 50 36.70 1396000737457 1396000882678 1396000882687 1396000737484 0.38000E+02
