0 0 100 41.80 1399028030471 1399028014256 1399028014267 1399028030609 0.10000E+01
1 50 50 41.80 1399028047045 1399028030837 1399028030847 1399028047188 0.10000E+01
2 50 50 41.80 1399028048056 1399028031845 1399028031856 1399028048198 0.20000E+01
3 50 50 41.80 1399028049046 1399028032842 1399028032853 1399028049194 0.30000E+01
4 50 50 41.80 1399028050061 1399028033850 1399028033861 1399028050203 0.40000E+01
5 50 50 41.80 1399028051050 1399028034729 1399028034739 1399028051080 0.50000E+01
6 50 50 41.80 1399028052049 1399028035734 1399028035745 1399028052086 0.60000E+01
7 50 50 41.80 1399028053055 1399028036737 1399028036748 1399028053089 0.70000E+01
8 50 50 42.20 1399028054058 1399028037736 1399028037747 1399028054088 0.80000E+01
9 50 50 42.10 1399028055057 1399028038729 1399028038740 1399028055081 0.90000E+01
10 50 50 42.40 1399028056051 1399028039725 1399028039736 1399028056077 0.10000E+02
11 50 50 42.50 1399028057048 1399028040836 1399028040847 1399028057188 0.11000E+02
12 50 50 42.70 1399028058056 1399028041844 1399028041854 1399028058195 0.12000E+02
13 50 50 42.70 1399028059063 1399028042851 1399028042862 1399028059203 0.13000E+02
14 50 50 42.90 1399028060051 1399028043723 1399028043733 1399028060074 0.14000E+02
15 50 50 43.00 1399028061063 1399028044735 1399028044746 1399028061087 0.15000E+02
16 50 50 43.40 1399028062056 1399028045728 1399028045738 1399028062079 0.16000E+02
17 50 50 43.70 1399028063048 1399028046725 1399028046736 1399028063078 0.17000E+02
18 50 50 43.80 1399028064047 1399028047718 1399028047729 1399028064070 0.18000E+02
19 50 50 44.00 1399028065059 1399028048731 1399028048742 1399028065083 0.19000E+02
20 50 50 44.30 1399028066053 1399028049724 1399028049734 1399028066075 0.20000E+02
21 50 50 44.40 1399028067065 1399028050737 1399028050748 1399028067089 0.21000E+02
22 50 50 44.80 1399028068057 1399028051728 1399028051738 1399028068079 0.22000E+02
23 50 50 45.00 1399028069046 1399028052719 1399028052729 1399028069071 0.23000E+02
24 50 50 45.30 1399028070061 1399028053733 1399028053744 1399028070085 0.24000E+02
25 50 50 45.80 1399028071054 1399028054724 1399028054734 1399028071075 0.25000E+02
26 50 50 46.10 1399028072064 1399028055738 1399028055748 1399028072089 0.26000E+02
27 50 50 46.50 1399028073058 1399028056729 1399028056740 1399028073081 0.27000E+02
28 50 50 46.60 1399028074051 1399028057722 1399028057732 1399028074073 0.28000E+02
29 50 50 46.80 1399028075063 1399028058734 1399028058746 1399028075087 0.29000E+02
30 50 50 47.20 1399028076055 1399028059729 1399028059739 1399028076080 0.30000E+02
31 50 50 47.60 1399028077048 1399028060721 1399028060731 1399028077072 0.31000E+02
32 50 50 48.00 1399028078062 1399028061733 1399028061744 1399028078085 0.32000E+02
33 50 50 48.30 1399028079055 1399028062726 1399028062737 1399028079077 0.33000E+02
34 50 50 48.80 1399028080066 1399028063737 1399028063747 1399028080087 0.34000E+02
35 50 50 49.00 1399028081056 1399028064733 1399028064743 1399028081084 0.35000E+02
36 50 50 49.30 1399028082053 1399028065725 1399028065736 1399028082077 0.36000E+02
37 50 50 49.70 1399028083047 1399028066720 1399028066731 1399028083072 0.37000E+02
38 50 50 50.00 1399028084064 1399028067735 1399028067745 1399028084086 0.38000E+02
39 50 50 50.20 1399028085054 1399028068726 1399028068738 1399028085079 0.39000E+02
40 50 50 50.80 1399028086047 1399028069720 1399028069731 1399028086071 0.40000E+02
41 50 50 51.10 1399028087061 1399028070734 1399028070745 1399028087086 0.41000E+02
42 50 50 51.40 1399028088055 1399028071727 1399028071737 1399028088078 0.42000E+02
43 50 50 51.70 1399028089047 1399028072718 1399028072729 1399028089070 0.43000E+02
44 50 50 51.90 1399028090059 1399028073734 1399028073745 1399028090086 0.44000E+02
45 50 50 52.30 1399028091054 1399028074726 1399028074737 1399028091077 0.45000E+02
46 50 50 52.60 1399028092046 1399028075719 1399028075730 1399028092070 0.46000E+02
47 50 50 53.00 1399028093060 1399028076732 1399028076742 1399028093083 0.47000E+02
48 50 50 53.20 1399028094052 1399028077723 1399028077735 1399028094075 0.48000E+02
49 50 50 53.70 1399028095065 1399028078736 1399028078747 1399028095088 0.49000E+02
50 50 50 54.00 1399028096057 1399028079730 1399028079741 1399028096082 0.50000E+02
51 50 50 54.00 1399028097051 1399028080724 1399028080734 1399028097075 0.51000E+02
52 50 50 54.40 1399028098064 1399028081737 1399028081748 1399028098088 0.52000E+02
53 50 50 54.70 1399028099057 1399028082731 1399028082742 1399028099083 0.53000E+02
54 50 50 54.80 1399028100053 1399028083732 1399028083742 1399028100082 0.54000E+02
55 50 50 55.40 1399028101052 1399028084728 1399028084739 1399028101079 0.55000E+02
56 50 50 55.70 1399028102047 1399028085720 1399028085731 1399028102071 0.56000E+02
57 50 50 55.90 1399028103060 1399028086732 1399028086742 1399028103083 0.57000E+02
58 50 50 56.10 1399028104051 1399028087724 1399028087734 1399028104075 0.58000E+02
59 50 50 56.60 1399028105064 1399028088736 1399028088746 1399028105086 0.59000E+02
60 50 50 56.70 1399028106056 1399028089730 1399028089740 1399028106080 0.60000E+02
61 50 50 57.10 1399028107050 1399028090727 1399028090738 1399028107078 0.61000E+02
62 50 50 57.30 1399028108047 1399028091721 1399028091732 1399028108072 0.62000E+02
63 50 50 57.40 1399028109061 1399028092733 1399028092744 1399028109084 0.63000E+02
64 50 50 57.90 1399028110053 1399028093726 1399028093737 1399028110077 0.64000E+02
65 50 50 58.00 1399028111066 1399028094738 1399028094750 1399028111090 0.65000E+02
66 50 50 58.20 1399028112059 1399028095735 1399028095746 1399028112086 0.66000E+02
67 50 50 58.40 1399028113050 1399028096725 1399028096735 1399028113075 0.67000E+02
68 50 50 58.70 1399028114064 1399028097739 1399028097750 1399028114091 0.68000E+02
69 50 50 58.80 1399028115059 1399028098741 1399028098752 1399028115093 0.69000E+02
70 50 50 59.40 1399028116061 1399028099739 1399028099750 1399028116091 0.70000E+02
71 50 50 59.50 1399028117061 1399028100734 1399028100744 1399028117084 0.71000E+02
72 50 50 59.70 1399028118054 1399028101729 1399028101739 1399028118080 0.72000E+02
73 50 50 59.80 1399028119049 1399028102721 1399028102732 1399028119073 0.73000E+02
74 50 50 60.10 1399028120063 1399028103733 1399028103744 1399028120084 0.74000E+02
75 50 50 60.20 1399028121053 1399028104745 1399028104756 1399028121097 0.75000E+02
76 50 50 60.40 1399028122066 1399028105761 1399028105772 1399028122113 0.76000E+02
77 50 50 60.50 1399028123062 1399028106744 1399028106754 1399028123095 0.77000E+02
78 50 50 61.00 1399028124063 1399028107758 1399028107768 1399028124109 0.78000E+02
79 50 50 61.20 1399028125057 1399028108741 1399028108752 1399028125092 0.79000E+02
80 50 50 61.20 1399028126061 1399028109767 1399028109777 1399028126117 0.80000E+02
81 50 50 61.40 1399028127065 1399028110759 1399028110770 1399028127109 0.81000E+02
82 50 50 61.60 1399028128058 1399028111753 1399028111764 1399028128104 0.82000E+02
83 50 50 61.70 1399028129052 1399028112736 1399028112747 1399028129087 0.83000E+02
84 50 50 61.80 1399028130056 1399028113740 1399028113750 1399028130090 0.84000E+02
85 50 50 62.10 1399028131058 1399028114733 1399028114743 1399028131083 0.85000E+02
86 50 50 62.40 1399028132052 1399028115725 1399028115736 1399028132076 0.86000E+02
87 50 50 62.40 1399028133066 1399028116739 1399028116750 1399028133090 0.87000E+02
88 50 50 62.40 1399028134058 1399028117730 1399028117742 1399028134082 0.88000E+02
89 50 50 62.50 1399028135053 1399028118727 1399028118738 1399028135078 0.89000E+02
90 50 50 62.80 1399028136048 1399028119722 1399028119733 1399028136073 0.90000E+02
91 50 50 63.00 1399028137061 1399028120733 1399028120744 1399028137084 0.91000E+02
92 50 50 63.00 1399028138052 1399028121726 1399028121737 1399028138077 0.92000E+02
93 50 50 63.30 1399028139066 1399028122739 1399028122751 1399028139091 0.93000E+02
94 50 50 63.60 1399028140061 1399028123733 1399028123743 1399028140083 0.94000E+02
95 50 50 63.60 1399028141053 1399028124726 1399028124736 1399028141076 0.95000E+02
96 50 50 63.80 1399028142066 1399028125740 1399028125750 1399028142090 0.96000E+02
97 50 50 63.80 1399028143058 1399028126732 1399028126743 1399028143083 0.97000E+02
98 50 50 63.80 1399028144052 1399028127724 1399028127736 1399028144076 0.98000E+02
99 50 50 64.00 1399028145066 1399028128740 1399028128751 1399028145092 0.99000E+02
100 50 50 64.10 1399028146061 1399028129735 1399028129746 1399028146086 0.10000E+03
101 50 50 64.30 1399028147054 1399028130726 1399028130738 1399028147077 0.10100E+03
102 50 50 64.50 1399028148066 1399028131741 1399028131753 1399028148092 0.10200E+03
103 50 50 64.60 1399028149061 1399028132733 1399028132744 1399028149084 0.10300E+03
104 50 50 64.60 1399028150052 1399028133726 1399028133736 1399028150077 0.10400E+03
105 50 50 64.70 1399028151066 1399028134742 1399028134752 1399028151092 0.10500E+03
106 50 50 65.00 1399028152061 1399028135734 1399028135745 1399028152085 0.10600E+03
107 50 50 65.00 1399028153054 1399028136726 1399028136736 1399028153076 0.10700E+03
108 50 50 65.20 1399028154066 1399028137738 1399028137749 1399028154089 0.10800E+03
109 50 50 65.20 1399028155058 1399028138732 1399028138743 1399028155082 0.10900E+03
110 50 50 65.30 1399028156051 1399028139726 1399028139737 1399028156076 0.11000E+03
111 50 50 65.40 1399028157046 1399028140720 1399028140731 1399028157071 0.11100E+03
112 50 50 65.40 1399028158061 1399028141734 1399028141745 1399028158084 0.11200E+03
113 50 50 65.70 1399028159055 1399028142728 1399028142738 1399028159078 0.11300E+03
114 50 50 65.70 1399028160047 1399028143723 1399028143734 1399028160074 0.11400E+03
115 50 50 65.80 1399028161063 1399028144736 1399028144747 1399028161086 0.11500E+03
116 50 50 66.00 1399028162055 1399028145730 1399028145741 1399028162081 0.11600E+03
117 50 50 66.10 1399028163049 1399028146721 1399028146732 1399028163071 0.11700E+03
118 50 50 66.10 1399028164060 1399028147734 1399028147745 1399028164084 0.11800E+03
119 50 50 66.10 1399028165053 1399028148726 1399028148737 1399028165078 0.11900E+03
120 50 50 66.40 1399028166046 1399028149719 1399028149730 1399028166070 0.12000E+03
121 50 50 66.40 1399028167060 1399028150736 1399028150747 1399028167086 0.12100E+03
122 50 50 66.50 1399028168055 1399028151728 1399028151738 1399028168078 0.12200E+03
123 50 50 66.60 1399028169046 1399028152719 1399028152729 1399028169070 0.12300E+03
124 50 50 66.70 1399028170059 1399028153733 1399028153744 1399028170084 0.12400E+03
125 50 50 66.80 1399028171052 1399028154730 1399028154741 1399028171080 0.12500E+03
126 50 50 66.90 1399028172048 1399028155721 1399028155732 1399028172072 0.12600E+03
127 50 50 66.70 1399028173061 1399028156734 1399028156745 1399028173084 0.12700E+03
128 50 50 67.10 1399028174053 1399028157727 1399028157737 1399028174077 0.12800E+03
129 50 50 67.10 1399028175046 1399028158719 1399028158731 1399028175070 0.12900E+03
130 50 50 67.10 1399028176059 1399028159735 1399028159746 1399028176085 0.13000E+03
131 50 50 67.20 1399028177054 1399028160729 1399028160740 1399028177079 0.13100E+03
132 50 50 67.40 1399028178048 1399028161720 1399028161730 1399028178070 0.13200E+03
133 50 50 67.50 1399028179059 1399028162730 1399028162741 1399028179080 0.13300E+03
134 50 50 67.40 1399028180049 1399028163724 1399028163734 1399028180074 0.13400E+03
135 50 50 67.50 1399028181063 1399028164738 1399028164749 1399028181089 0.13500E+03
136 50 50 67.50 1399028182058 1399028165735 1399028165745 1399028182085 0.13600E+03
137 50 50 67.60 1399028183054 1399028166728 1399028166738 1399028183078 0.13700E+03
138 50 50 67.60 1399028184047 1399028167723 1399028167734 1399028184074 0.13800E+03
139 50 50 67.80 1399028185063 1399028168735 1399028168747 1399028185086 0.13900E+03
140 50 50 68.10 1399028186054 1399028169729 1399028169739 1399028186078 0.14000E+03
141 50 50 68.00 1399028187047 1399028170721 1399028170733 1399028187072 0.14100E+03
142 50 50 68.10 1399028188060 1399028171734 1399028171744 1399028188084 0.14200E+03
143 50 50 68.10 1399028189052 1399028172726 1399028172737 1399028189076 0.14300E+03
144 50 50 68.00 1399028190066 1399028173745 1399028173755 1399028190094 0.14400E+03
145 50 50 68.20 1399028191063 1399028174737 1399028174748 1399028191088 0.14500E+03
146 50 50 68.30 1399028192056 1399028175729 1399028175741 1399028192080 0.14600E+03
147 50 50 68.30 1399028193048 1399028176723 1399028176734 1399028193074 0.14700E+03
148 50 50 68.50 1399028194063 1399028177735 1399028177746 1399028194085 0.14800E+03
149 50 50 68.60 1399028195054 1399028178726 1399028178736 1399028195076 0.14900E+03
150 50 50 68.60 1399028196045 1399028179718 1399028179728 1399028196067 0.15000E+03
151 50 50 68.60 1399028197057 1399028180732 1399028180743 1399028197082 0.15100E+03
152 50 50 68.70 1399028198051 1399028181729 1399028181740 1399028198079 0.15200E+03
153 50 50 68.70 1399028199048 1399028182722 1399028182733 1399028199072 0.15300E+03
154 50 50 68.80 1399028200064 1399028183737 1399028183748 1399028200087 0.15400E+03
155 50 50 68.90 1399028201057 1399028184734 1399028184745 1399028201084 0.15500E+03
156 50 50 68.90 1399028202052 1399028185726 1399028185737 1399028202076 0.15600E+03
157 50 50 68.90 1399028203065 1399028186738 1399028186748 1399028203088 0.15700E+03
158 50 50 69.10 1399028204057 1399028187732 1399028187743 1399028204082 0.15800E+03
159 50 50 69.00 1399028205050 1399028188724 1399028188735 1399028205074 0.15900E+03
160 50 50 69.10 1399028206063 1399028189735 1399028189746 1399028206086 0.16000E+03
161 50 50 69.30 1399028207054 1399028190730 1399028190741 1399028207080 0.16100E+03
162 50 50 69.40 1399028208049 1399028191722 1399028191733 1399028208072 0.16200E+03
163 50 50 69.40 1399028209060 1399028192734 1399028192744 1399028209083 0.16300E+03
164 50 50 69.50 1399028210052 1399028193726 1399028193738 1399028210076 0.16400E+03
165 50 50 69.60 1399028211065 1399028194739 1399028194750 1399028211090 0.16500E+03
166 50 50 69.50 1399028212058 1399028195732 1399028195743 1399028212082 0.16600E+03
167 50 50 69.60 1399028213051 1399028196725 1399028196735 1399028213074 0.16700E+03
168 50 50 69.60 1399028214062 1399028197735 1399028197746 1399028214085 0.16800E+03
169 50 50 69.60 1399028215054 1399028198727 1399028198738 1399028215077 0.16900E+03
170 50 50 69.70 1399028216066 1399028199738 1399028199749 1399028216087 0.17000E+03
171 50 50 69.80 1399028217056 1399028200734 1399028200744 1399028217083 0.17100E+03
172 50 50 69.80 1399028218051 1399028201724 1399028201735 1399028218074 0.17200E+03
173 50 50 69.80 1399028219063 1399028202737 1399028202747 1399028219086 0.17300E+03
174 50 50 69.80 1399028220055 1399028203730 1399028203741 1399028220080 0.17400E+03
175 50 50 70.00 1399028221049 1399028204730 1399028204741 1399028221080 0.17500E+03
176 50 50 70.10 1399028222049 1399028205722 1399028205732 1399028222071 0.17600E+03
177 50 50 69.80 1399028223060 1399028206735 1399028206745 1399028223084 0.17700E+03
178 50 50 70.10 1399028224052 1399028207726 1399028207738 1399028224077 0.17800E+03
179 50 50 70.20 1399028225047 1399028208720 1399028208731 1399028225070 0.17900E+03
180 50 50 70.30 1399028226059 1399028209732 1399028209744 1399028226083 0.18000E+03
181 50 50 70.30 1399028227052 1399028210726 1399028210737 1399028227077 0.18100E+03
182 50 50 70.20 1399028228065 1399028211737 1399028211747 1399028228086 0.18200E+03
183 50 50 70.10 1399028229054 1399028212732 1399028212743 1399028229081 0.18300E+03
184 50 50 70.30 1399028230050 1399028213724 1399028213734 1399028230073 0.18400E+03
185 50 50 70.40 1399028231062 1399028214733 1399028214744 1399028231083 0.18500E+03
186 50 50 70.70 1399028232052 1399028215725 1399028215736 1399028232074 0.18600E+03
187 50 50 70.50 1399028233063 1399028216737 1399028216748 1399028233086 0.18700E+03
188 50 50 70.50 1399028234056 1399028217731 1399028217741 1399028234080 0.18800E+03
189 50 50 70.80 1399028235048 1399028218722 1399028218733 1399028235072 0.18900E+03
190 50 50 70.80 1399028236060 1399028219734 1399028219744 1399028236082 0.19000E+03
191 50 50 70.70 1399028237050 1399028220725 1399028220735 1399028237074 0.19100E+03
192 50 50 70.70 1399028238063 1399028221740 1399028221751 1399028238090 0.19200E+03
193 50 50 70.80 1399028239058 1399028222735 1399028222747 1399028239086 0.19300E+03
194 50 50 70.80 1399028240054 1399028223728 1399028223738 1399028240077 0.19400E+03
195 50 50 70.90 1399028241065 1399028224741 1399028224752 1399028241090 0.19500E+03
196 50 50 71.00 1399028242059 1399028225735 1399028225746 1399028242085 0.19600E+03
197 50 50 71.00 1399028243053 1399028226727 1399028226738 1399028243076 0.19700E+03
198 50 50 71.00 1399028244065 1399028227737 1399028227747 1399028244086 0.19800E+03
199 50 50 71.00 1399028245054 1399028228729 1399028228739 1399028245078 0.19900E+03
200 50 50 71.10 1399028246047 1399028229733 1399028229744 1399028246083 0.20000E+03
201 50 50 71.20 1399028247051 1399028230725 1399028230736 1399028247075 0.20100E+03
202 50 50 71.10 1399028248064 1399028231739 1399028231749 1399028248088 0.20200E+03
203 50 50 71.40 1399028249056 1399028232730 1399028232741 1399028249080 0.20300E+03
204 50 50 71.40 1399028250049 1399028233723 1399028233734 1399028250072 0.20400E+03
205 50 50 71.40 1399028251061 1399028234734 1399028234745 1399028251084 0.20500E+03
206 50 50 71.40 1399028252052 1399028235725 1399028235736 1399028252075 0.20600E+03
207 50 50 71.40 1399028253063 1399028236736 1399028236748 1399028253086 0.20700E+03
208 50 50 71.20 1399028254054 1399028237730 1399028237741 1399028254080 0.20800E+03
209 50 50 71.50 1399028255048 1399028238723 1399028238734 1399028255073 0.20900E+03
210 50 50 71.60 1399028256062 1399028239734 1399028239746 1399028256084 0.21000E+03
211 50 50 71.60 1399028257054 1399028240727 1399028240739 1399028257078 0.21100E+03
212 50 50 71.60 1399028258063 1399028241738 1399028241749 1399028258088 0.21200E+03
213 50 50 71.60 1399028259056 1399028242734 1399028242744 1399028259083 0.21300E+03
214 50 50 71.70 1399028260051 1399028243727 1399028243737 1399028260076 0.21400E+03
215 50 50 71.70 1399028261064 1399028244738 1399028244748 1399028261087 0.21500E+03
216 50 50 71.90 1399028262054 1399028245730 1399028245740 1399028262079 0.21600E+03
217 50 50 71.90 1399028263049 1399028246723 1399028246733 1399028263072 0.21700E+03
218 50 50 71.80 1399028264060 1399028247733 1399028247743 1399028264082 0.21800E+03
219 50 50 71.90 1399028265051 1399028248726 1399028248736 1399028265075 0.21900E+03
220 50 50 72.10 1399028266063 1399028249737 1399028249748 1399028266086 0.22000E+03
221 50 50 71.90 1399028267054 1399028250728 1399028250740 1399028267078 0.22100E+03
222 50 50 71.90 1399028268047 1399028251721 1399028251733 1399028268071 0.22200E+03
223 50 50 71.90 1399028269059 1399028252732 1399028252744 1399028269083 0.22300E+03
224 50 50 72.20 1399028270052 1399028253726 1399028253736 1399028270074 0.22400E+03
225 50 50 72.10 1399028271063 1399028254736 1399028254747 1399028271085 0.22500E+03
226 50 50 72.20 1399028272053 1399028255727 1399028255738 1399028272077 0.22600E+03
227 50 50 72.20 1399028273065 1399028256741 1399028256751 1399028273090 0.22700E+03
228 50 50 72.20 1399028274058 1399028257734 1399028257745 1399028274084 0.22800E+03
229 50 50 72.30 1399028275052 1399028258726 1399028258738 1399028275077 0.22900E+03
230 50 50 72.30 1399028276065 1399028259738 1399028259748 1399028276087 0.23000E+03
231 50 50 72.30 1399028277055 1399028260728 1399028260739 1399028277078 0.23100E+03
232 50 50 72.40 1399028278047 1399028261722 1399028261733 1399028278071 0.23200E+03
233 50 50 72.40 1399028279059 1399028262733 1399028262744 1399028279082 0.23300E+03
234 50 50 72.40 1399028280049 1399028263724 1399028263736 1399028280074 0.23400E+03
235 50 50 72.60 1399028281062 1399028264736 1399028264747 1399028281085 0.23500E+03
236 50 50 72.50 1399028282054 1399028265729 1399028265739 1399028282077 0.23600E+03
237 50 50 72.50 1399028283065 1399028266742 1399028266752 1399028283090 0.23700E+03
238 50 50 72.60 1399028284058 1399028267739 1399028267749 1399028284087 0.23800E+03
239 50 50 72.50 1399028285056 1399028268730 1399028268741 1399028285079 0.23900E+03
240 50 50 72.80 1399028286048 1399028269723 1399028269735 1399028286073 0.24000E+03
241 50 50 72.60 1399028287062 1399028270737 1399028270748 1399028287086 0.24100E+03
242 50 50 72.80 1399028288054 1399028271733 1399028271744 1399028288082 0.24200E+03
243 50 50 72.80 1399028289049 1399028272729 1399028272740 1399028289078 0.24300E+03
244 50 50 72.60 1399028290047 1399028273722 1399028273733 1399028290071 0.24400E+03
245 50 50 72.80 1399028291060 1399028274739 1399028274749 1399028291087 0.24500E+03
246 50 50 73.00 1399028292056 1399028275734 1399028275744 1399028292082 0.24600E+03
247 50 50 73.00 1399028293050 1399028276728 1399028276739 1399028293078 0.24700E+03
248 50 50 73.00 1399028294066 1399028277739 1399028277750 1399028294087 0.24800E+03
249 50 50 72.80 1399028295056 1399028278732 1399028278743 1399028295081 0.24900E+03
250 50 50 73.00 1399028296089 1399028279763 1399028279774 1399028296112 0.25000E+03
251 50 50 73.00 1399028297060 1399028280733 1399028280744 1399028297082 0.25100E+03
252 50 50 73.00 1399028298050 1399028281725 1399028281736 1399028298074 0.25200E+03
253 50 50 73.10 1399028299062 1399028282736 1399028282748 1399028299086 0.25300E+03
254 50 50 73.00 1399028300055 1399028283728 1399028283739 1399028300077 0.25400E+03
255 50 50 73.20 1399028301065 1399028284738 1399028284749 1399028301087 0.25500E+03
256 50 50 73.20 1399028302055 1399028285729 1399028285740 1399028302078 0.25600E+03
257 50 50 73.30 1399028303049 1399028286724 1399028286736 1399028303074 0.25700E+03
258 50 50 73.20 1399028304062 1399028287738 1399028287748 1399028304087 0.25800E+03
259 50 50 73.20 1399028305055 1399028288730 1399028288741 1399028305079 0.25900E+03
260 50 50 73.20 1399028306047 1399028289721 1399028289732 1399028306071 0.26000E+03
261 50 50 73.50 1399028307059 1399028290734 1399028290745 1399028307083 0.26100E+03
262 50 50 73.30 1399028308051 1399028291727 1399028291739 1399028308077 0.26200E+03
263 50 50 73.50 1399028309065 1399028292740 1399028292751 1399028309089 0.26300E+03
264 50 50 73.50 1399028310057 1399028293732 1399028293743 1399028310080 0.26400E+03
265 50 50 73.50 1399028311048 1399028294726 1399028294736 1399028311074 0.26500E+03
266 50 50 73.50 1399028312062 1399028295736 1399028295748 1399028312086 0.26600E+03
267 50 50 73.50 1399028313055 1399028296729 1399028296740 1399028313078 0.26700E+03
268 50 50 73.50 1399028314047 1399028297724 1399028297734 1399028314072 0.26800E+03
269 50 50 73.50 1399028315060 1399028298735 1399028298746 1399028315084 0.26900E+03
270 50 50 73.60 1399028316052 1399028299727 1399028299738 1399028316076 0.27000E+03
271 50 50 73.70 1399028317064 1399028300742 1399028300752 1399028317090 0.27100E+03
272 50 50 73.70 1399028318057 1399028301732 1399028301743 1399028318080 0.27200E+03
273 50 50 73.80 1399028319048 1399028302723 1399028302734 1399028319072 0.27300E+03
274 50 50 73.80 1399028320061 1399028303734 1399028303745 1399028320083 0.27400E+03
275 50 50 73.80 1399028321051 1399028304726 1399028304737 1399028321075 0.27500E+03
276 50 50 73.80 1399028322063 1399028305740 1399028305751 1399028322088 0.27600E+03
277 50 50 73.70 1399028323057 1399028306731 1399028306742 1399028323080 0.27700E+03
278 50 50 73.80 1399028324047 1399028307724 1399028307735 1399028324072 0.27800E+03
279 50 50 73.80 1399028325060 1399028308734 1399028308744 1399028325082 0.27900E+03
280 50 50 73.70 1399028326050 1399028309724 1399028309735 1399028326073 0.28000E+03
281 50 50 73.80 1399028327061 1399028310735 1399028310746 1399028327083 0.28100E+03
282 50 50 73.90 1399028328051 1399028311727 1399028311738 1399028328076 0.28200E+03
283 50 50 73.80 1399028329065 1399028312738 1399028312749 1399028329086 0.28300E+03
284 50 50 74.00 1399028330055 1399028313729 1399028313741 1399028330079 0.28400E+03
285 50 50 73.80 1399028331048 1399028314723 1399028314734 1399028331071 0.28500E+03
286 50 50 74.00 1399028332059 1399028315736 1399028315746 1399028332083 0.28600E+03
287 50 50 73.90 1399028333051 1399028316728 1399028316738 1399028333075 0.28700E+03
288 50 50 74.00 1399028334064 1399028317739 1399028317749 1399028334087 0.28800E+03
289 50 50 74.10 1399028335055 1399028318730 1399028318742 1399028335079 0.28900E+03
290 50 50 74.30 1399028336047 1399028319723 1399028319734 1399028336072 0.29000E+03
291 50 50 74.10 1399028337059 1399028320736 1399028320746 1399028337083 0.29100E+03
292 50 50 74.10 1399028338051 1399028321726 1399028321737 1399028338074 0.29200E+03
293 50 50 74.10 1399028339063 1399028322736 1399028322747 1399028339085 0.29300E+03
294 50 50 74.40 1399028340053 1399028323729 1399028323739 1399028340077 0.29400E+03
295 50 50 74.10 1399028341047 1399028324721 1399028324732 1399028341070 0.29500E+03
296 50 50 74.10 1399028342058 1399028325732 1399028325743 1399028342080 0.29600E+03
297 50 50 74.30 1399028343048 1399028326725 1399028326735 1399028343073 0.29700E+03
298 50 50 74.10 1399028344061 1399028327736 1399028327746 1399028344084 0.29800E+03
299 50 50 74.30 1399028345052 1399028328726 1399028328737 1399028345074 0.29900E+03
300 50 50 74.40 1399028346061 1399028329735 1399028329746 1399028346084 0.30000E+03
301 60 50 74.40 1399028347051 1399028330729 1399028330739 1399028347076 0.30100E+03
302 60 50 74.40 1399028348065 1399028331742 1399028331753 1399028348090 0.30200E+03
303 60 50 74.50 1399028349059 1399028332735 1399028332745 1399028349083 0.30300E+03
304 60 50 74.50 1399028350051 1399028333727 1399028333738 1399028350075 0.30400E+03
305 60 50 74.50 1399028351063 1399028334738 1399028334750 1399028351087 0.30500E+03
306 60 50 74.50 1399028352056 1399028335732 1399028335743 1399028352080 0.30600E+03
307 60 50 74.60 1399028353049 1399028336724 1399028336734 1399028353071 0.30700E+03
308 60 50 74.70 1399028354059 1399028337737 1399028337747 1399028354084 0.30800E+03
309 60 50 74.80 1399028355053 1399028338733 1399028338744 1399028355081 0.30900E+03
310 60 50 74.80 1399028356050 1399028339726 1399028339737 1399028356074 0.31000E+03
311 60 50 75.10 1399028357062 1399028340735 1399028340746 1399028357084 0.31100E+03
312 60 50 75.00 1399028358052 1399028341726 1399028341738 1399028358075 0.31200E+03
313 60 50 75.20 1399028359063 1399028342738 1399028342748 1399028359086 0.31300E+03
314 60 50 75.10 1399028360054 1399028343730 1399028343741 1399028360078 0.31400E+03
315 60 50 75.30 1399028361067 1399028344746 1399028344757 1399028361094 0.31500E+03
316 60 50 75.50 1399028362062 1399028345740 1399028345750 1399028362088 0.31600E+03
317 60 50 75.70 1399028363056 1399028346731 1399028346742 1399028363079 0.31700E+03
318 60 50 75.90 1399028364066 1399028347741 1399028347752 1399028364092 0.31800E+03
319 60 50 75.90 1399028365061 1399028348737 1399028348748 1399028365085 0.31900E+03
320 60 50 75.90 1399028366053 1399028349728 1399028349738 1399028366075 0.32000E+03
321 60 50 76.00 1399028367064 1399028350743 1399028350754 1399028367091 0.32100E+03
322 60 50 76.00 1399028368059 1399028351736 1399028351746 1399028368084 0.32200E+03
323 60 50 76.20 1399028369052 1399028352727 1399028352738 1399028369075 0.32300E+03
324 60 50 76.40 1399028370063 1399028353739 1399028353750 1399028370087 0.32400E+03
325 60 50 76.60 1399028371056 1399028354733 1399028354744 1399028371081 0.32500E+03
326 60 50 76.60 1399028372049 1399028355726 1399028355736 1399028372073 0.32600E+03
327 60 50 76.60 1399028373061 1399028356734 1399028356745 1399028373083 0.32700E+03
328 60 50 76.70 1399028374051 1399028357725 1399028357736 1399028374073 0.32800E+03
329 60 50 76.80 1399028375062 1399028358735 1399028358746 1399028375083 0.32900E+03
330 60 50 76.90 1399028376051 1399028359726 1399028359737 1399028376074 0.33000E+03
331 40 50 76.90 1399028377062 1399028360736 1399028360748 1399028377085 0.33100E+03
332 40 50 77.30 1399028378054 1399028361730 1399028361741 1399028378078 0.33200E+03
333 40 50 77.30 1399028379269 1399028362944 1399028362955 1399028379291 0.33300E+03
334 40 50 77.40 1399028380057 1399028363733 1399028363743 1399028380080 0.33400E+03
335 40 50 77.40 1399028381048 1399028364724 1399028364735 1399028381072 0.33500E+03
336 40 50 77.40 1399028382060 1399028365736 1399028365747 1399028382084 0.33600E+03
337 40 50 77.40 1399028383052 1399028366730 1399028366742 1399028383078 0.33700E+03
338 40 50 77.40 1399028384066 1399028367742 1399028367753 1399028384090 0.33800E+03
339 40 50 77.30 1399028385058 1399028368732 1399028368743 1399028385080 0.33900E+03
340 40 50 77.50 1399028386047 1399028369723 1399028369733 1399028386070 0.34000E+03
341 40 50 77.50 1399028387058 1399028370732 1399028370744 1399028387080 0.34100E+03
342 40 50 77.30 1399028388048 1399028371726 1399028371737 1399028388073 0.34200E+03
343 40 50 77.20 1399028389062 1399028372740 1399028372751 1399028389087 0.34300E+03
344 40 50 77.10 1399028390055 1399028373731 1399028373742 1399028390079 0.34400E+03
345 40 50 77.10 1399028391067 1399028374741 1399028374752 1399028391088 0.34500E+03
346 40 50 77.10 1399028392057 1399028375734 1399028375745 1399028392081 0.34600E+03
347 40 50 76.80 1399028393048 1399028376723 1399028376734 1399028393070 0.34700E+03
348 40 50 76.90 1399028394058 1399028377732 1399028377743 1399028394080 0.34800E+03
349 40 50 76.80 1399028395048 1399028378724 1399028378735 1399028395071 0.34900E+03
350 60 50 76.50 1399028396060 1399028379734 1399028379745 1399028396081 0.35000E+03
351 60 50 76.60 1399028397050 1399028380726 1399028380738 1399028397074 0.35100E+03
352 60 50 76.50 1399028398062 1399028381738 1399028381749 1399028398086 0.35200E+03
353 60 50 76.40 1399028399053 1399028382728 1399028382739 1399028399075 0.35300E+03
354 60 50 76.20 1399028400063 1399028383736 1399028383746 1399028400083 0.35400E+03
355 60 50 76.20 1399028401051 1399028384731 1399028384741 1399028401081 0.35500E+03
356 60 50 76.20 1399028402049 1399028385725 1399028385736 1399028402072 0.35600E+03
357 60 50 76.40 1399028403060 1399028386734 1399028386745 1399028403082 0.35700E+03
358 60 50 76.20 1399028404049 1399028387725 1399028387736 1399028404072 0.35800E+03
359 60 50 76.20 1399028405061 1399028388735 1399028388745 1399028405082 0.35900E+03
360 60 50 76.40 1399028406049 1399028389727 1399028389738 1399028406075 0.36000E+03
361 60 50 76.20 1399028407062 1399028390737 1399028390748 1399028407084 0.36100E+03
362 60 50 76.40 1399028408052 1399028391729 1399028391740 1399028408077 0.36200E+03
363 60 50 76.50 1399028409065 1399028392740 1399028392750 1399028409087 0.36300E+03
364 60 50 76.60 1399028410056 1399028393733 1399028393744 1399028410080 0.36400E+03
365 60 50 76.60 1399028411048 1399028394724 1399028394735 1399028411071 0.36500E+03
366 60 50 76.60 1399028412059 1399028395734 1399028395745 1399028412082 0.36600E+03
367 60 50 76.80 1399028413050 1399028396727 1399028396738 1399028413074 0.36700E+03
368 60 50 76.80 1399028414062 1399028397738 1399028397749 1399028414085 0.36800E+03
369 60 50 76.80 1399028415053 1399028398729 1399028398741 1399028415077 0.36900E+03
370 60 50 76.90 1399028416065 1399028399741 1399028399751 1399028416088 0.37000E+03
371 60 50 77.10 1399028417056 1399028400730 1399028400741 1399028417077 0.37100E+03
372 60 50 77.20 1399028418045 1399028401725 1399028401735 1399028418071 0.37200E+03
373 60 50 77.30 1399028419060 1399028402734 1399028402745 1399028419082 0.37300E+03
374 60 50 77.40 1399028420050 1399028403725 1399028403735 1399028420071 0.37400E+03
375 60 50 77.40 1399028421059 1399028404735 1399028404746 1399028421082 0.37500E+03
376 60 50 77.50 1399028422050 1399028405726 1399028405738 1399028422074 0.37600E+03
377 60 50 77.60 1399028423062 1399028406738 1399028406748 1399028423084 0.37700E+03
378 60 50 77.80 1399028424053 1399028407728 1399028407739 1399028424075 0.37800E+03
379 60 50 77.90 1399028425062 1399028408738 1399028408749 1399028425086 0.37900E+03
380 60 50 77.90 1399028426054 1399028409732 1399028409743 1399028426079 0.38000E+03
381 60 50 78.00 1399028427047 1399028410723 1399028410734 1399028427070 0.38100E+03
382 60 50 78.10 1399028428058 1399028411736 1399028411747 1399028428083 0.38200E+03
383 60 50 78.20 1399028429051 1399028412729 1399028412740 1399028429076 0.38300E+03
384 60 50 78.30 1399028430064 1399028413743 1399028413754 1399028430090 0.38400E+03
385 60 50 78.30 1399028431056 1399028414736 1399028414748 1399028431084 0.38500E+03
386 60 50 78.70 1399028432051 1399028415729 1399028415739 1399028432075 0.38600E+03
387 60 50 78.70 1399028433063 1399028416742 1399028416754 1399028433090 0.38700E+03
388 60 50 78.70 1399028434058 1399028417738 1399028417748 1399028434084 0.38800E+03
389 60 50 78.90 1399028435053 1399028418733 1399028418744 1399028435080 0.38900E+03
390 60 50 78.80 1399028436045 1399028419724 1399028419734 1399028436070 0.39000E+03
391 40 50 78.80 1399028437058 1399028420733 1399028420743 1399028437079 0.39100E+03
392 40 50 79.20 1399028438065 1399028421743 1399028421754 1399028438090 0.39200E+03
393 40 50 79.20 1399028439058 1399028422734 1399028422744 1399028439080 0.39300E+03
394 40 50 79.00 1399028440065 1399028423741 1399028423752 1399028440088 0.39400E+03
395 40 50 79.30 1399028441055 1399028424730 1399028424741 1399028441077 0.39500E+03
396 40 50 79.30 1399028442063 1399028425737 1399028425747 1399028442083 0.39600E+03
397 40 50 79.30 1399028443051 1399028426728 1399028426738 1399028443074 0.39700E+03
398 40 50 79.20 1399028444062 1399028427740 1399028427751 1399028444088 0.39800E+03
399 40 50 79.30 1399028445054 1399028428730 1399028428741 1399028445077 0.39900E+03
400 40 50 79.20 1399028446064 1399028429741 1399028429753 1399028446088 0.40000E+03
401 40 50 79.20 1399028447056 1399028430735 1399028430745 1399028447081 0.40100E+03
402 60 50 79.00 1399028448049 1399028431736 1399028431747 1399028448083 0.40200E+03
403 60 50 78.90 1399028449049 1399028432724 1399028432735 1399028449071 0.40300E+03
404 60 50 78.80 1399028450058 1399028433734 1399028433745 1399028450082 0.40400E+03
405 60 50 78.80 1399028451050 1399028434726 1399028434737 1399028451073 0.40500E+03
406 60 50 78.70 1399028452061 1399028435737 1399028435747 1399028452083 0.40600E+03
407 60 50 78.60 1399028453051 1399028436737 1399028436748 1399028453084 0.40700E+03
408 60 50 78.70 1399028454052 1399028437730 1399028437741 1399028454076 0.40800E+03
409 60 50 78.60 1399028455065 1399028438741 1399028438751 1399028455088 0.40900E+03
410 60 50 78.70 1399028456057 1399028439733 1399028439744 1399028456080 0.41000E+03
411 60 50 78.60 1399028457048 1399028440725 1399028440735 1399028457071 0.41100E+03
412 60 50 78.70 1399028458058 1399028441736 1399028441747 1399028458082 0.41200E+03
413 60 50 78.60 1399028459050 1399028442726 1399028442737 1399028459072 0.41300E+03
414 60 50 78.70 1399028460061 1399028443736 1399028443746 1399028460082 0.41400E+03
415 60 50 78.70 1399028461049 1399028444729 1399028444740 1399028461076 0.41500E+03
416 60 50 78.70 1399028462064 1399028445741 1399028445752 1399028462088 0.41600E+03
417 60 50 78.90 1399028463055 1399028446733 1399028446744 1399028463080 0.41700E+03
418 60 50 78.90 1399028464048 1399028447724 1399028447735 1399028464070 0.41800E+03
419 60 50 79.00 1399028465058 1399028448737 1399028448748 1399028465084 0.41900E+03
420 60 50 79.00 1399028466052 1399028449737 1399028449748 1399028466083 0.42000E+03
421 60 50 79.00 1399028467051 1399028450728 1399028450739 1399028467075 0.42100E+03
422 60 50 79.20 1399028468064 1399028451742 1399028451752 1399028468088 0.42200E+03
423 60 50 79.20 1399028469056 1399028452733 1399028452744 1399028469079 0.42300E+03
424 60 50 79.20 1399028470047 1399028453729 1399028453740 1399028470077 0.42400E+03
425 60 50 79.40 1399028471065 1399028454741 1399028454751 1399028471087 0.42500E+03
426 40 50 79.40 1399028472055 1399028455731 1399028455742 1399028472078 0.42600E+03
427 40 50 79.50 1399028473047 1399028456724 1399028456734 1399028473069 0.42700E+03
428 40 50 79.50 1399028474057 1399028457734 1399028457744 1399028474080 0.42800E+03
429 40 50 79.60 1399028475048 1399028458725 1399028458735 1399028475071 0.42900E+03
430 40 50 79.50 1399028476059 1399028459736 1399028459747 1399028476082 0.43000E+03
431 40 50 79.60 1399028477050 1399028460726 1399028460738 1399028477073 0.43100E+03
432 40 50 79.60 1399028478061 1399028461737 1399028461747 1399028478083 0.43200E+03
433 40 50 79.60 1399028479051 1399028462727 1399028462738 1399028479074 0.43300E+03
434 40 50 79.60 1399028480062 1399028463738 1399028463748 1399028480084 0.43400E+03
435 40 50 79.60 1399028481052 1399028464728 1399028464738 1399028481074 0.43500E+03
436 40 50 79.30 1399028482063 1399028465739 1399028465749 1399028482085 0.43600E+03
437 40 50 79.40 1399028483052 1399028466729 1399028466741 1399028483076 0.43700E+03
438 40 50 79.30 1399028484063 1399028467739 1399028467750 1399028484086 0.43800E+03
439 40 50 79.00 1399028485054 1399028468733 1399028468743 1399028485079 0.43900E+03
440 40 50 79.00 1399028486067 1399028469742 1399028469753 1399028486089 0.44000E+03
441 40 50 79.00 1399028487058 1399028470733 1399028470743 1399028487079 0.44100E+03
442 40 50 78.90 1399028488066 1399028471744 1399028471754 1399028488089 0.44200E+03
443 40 50 78.80 1399028489058 1399028472735 1399028472746 1399028489082 0.44300E+03
444 40 50 78.70 1399028490049 1399028473726 1399028473736 1399028490071 0.44400E+03
445 40 50 78.60 1399028491059 1399028474735 1399028474746 1399028491081 0.44500E+03
446 40 50 78.30 1399028492048 1399028475727 1399028475738 1399028492074 0.44600E+03
447 40 50 78.20 1399028493061 1399028476736 1399028476747 1399028493082 0.44700E+03
448 40 50 78.30 1399028494051 1399028477731 1399028477743 1399028494078 0.44800E+03
449 40 50 78.20 1399028495066 1399028478744 1399028478755 1399028495091 0.44900E+03
450 40 50 78.00 1399028496058 1399028479734 1399028479745 1399028496081 0.45000E+03
451 40 50 78.00 1399028497048 1399028480725 1399028480735 1399028497070 0.45100E+03
452 40 50 77.90 1399028498058 1399028481738 1399028481750 1399028498085 0.45200E+03
453 40 50 77.60 1399028499053 1399028482731 1399028482743 1399028499078 0.45300E+03
454 40 50 77.60 1399028500066 1399028483742 1399028483752 1399028500088 0.45400E+03
455 40 50 77.60 1399028501055 1399028484733 1399028484743 1399028501078 0.45500E+03
456 40 50 77.40 1399028502066 1399028485742 1399028485752 1399028502088 0.45600E+03
457 40 50 77.30 1399028503056 1399028486734 1399028486745 1399028503080 0.45700E+03
458 40 50 77.30 1399028504048 1399028487725 1399028487736 1399028504072 0.45800E+03
459 40 50 76.90 1399028505060 1399028488737 1399028488748 1399028505083 0.45900E+03
460 40 50 77.10 1399028506051 1399028489728 1399028489739 1399028506074 0.46000E+03
461 40 50 76.60 1399028507062 1399028490739 1399028490750 1399028507086 0.46100E+03
462 40 50 76.70 1399028508054 1399028491736 1399028491747 1399028508082 0.46200E+03
463 60 50 76.60 1399028509049 1399028492733 1399028492745 1399028509080 0.46300E+03
464 60 50 76.70 1399028510047 1399028493724 1399028493734 1399028510070 0.46400E+03
465 60 50 76.50 1399028511057 1399028494737 1399028494748 1399028511083 0.46500E+03
466 60 50 76.40 1399028512051 1399028495729 1399028495740 1399028512075 0.46600E+03
467 60 50 76.20 1399028513064 1399028496739 1399028496750 1399028513085 0.46700E+03
468 60 50 76.20 1399028514053 1399028497730 1399028497740 1399028514075 0.46800E+03
469 60 50 76.40 1399028515063 1399028498743 1399028498754 1399028515089 0.46900E+03
470 60 50 76.20 1399028516057 1399028499737 1399028499748 1399028516083 0.47000E+03
471 60 50 76.50 1399028517051 1399028500729 1399028500739 1399028517074 0.47100E+03
472 60 50 76.50 1399028518062 1399028501740 1399028501752 1399028518087 0.47200E+03
473 60 50 76.50 1399028519056 1399028502737 1399028502747 1399028519082 0.47300E+03
474 60 50 76.50 1399028520050 1399028503726 1399028503737 1399028520072 0.47400E+03
475 60 50 76.50 1399028521060 1399028504736 1399028504747 1399028521082 0.47500E+03
476 60 50 76.60 1399028522050 1399028505727 1399028505739 1399028522074 0.47600E+03
477 60 50 76.80 1399028523061 1399028506738 1399028506749 1399028523084 0.47700E+03
478 60 50 76.60 1399028524052 1399028507729 1399028507741 1399028524076 0.47800E+03
479 60 50 76.80 1399028525063 1399028508739 1399028508751 1399028525086 0.47900E+03
480 60 50 77.10 1399028526054 1399028509731 1399028509741 1399028526076 0.48000E+03
481 60 50 76.90 1399028527064 1399028510740 1399028510750 1399028527085 0.48100E+03
482 60 50 77.20 1399028528055 1399028511731 1399028511742 1399028528077 0.48200E+03
483 60 50 77.20 1399028529065 1399028512742 1399028512752 1399028529087 0.48300E+03
484 60 50 77.40 1399028530055 1399028513733 1399028513744 1399028530079 0.48400E+03
485 60 50 77.40 1399028531047 1399028514727 1399028514737 1399028531073 0.48500E+03
486 60 50 77.40 1399028532060 1399028515736 1399028515747 1399028532082 0.48600E+03
487 60 50 77.90 1399028533050 1399028516728 1399028516739 1399028533073 0.48700E+03
488 60 50 77.90 1399028534061 1399028517738 1399028517749 1399028534084 0.48800E+03
489 60 50 78.00 1399028535052 1399028518729 1399028518740 1399028535075 0.48900E+03
490 60 50 78.10 1399028536062 1399028519739 1399028519749 1399028536084 0.49000E+03
491 60 50 78.20 1399028537051 1399028520729 1399028520739 1399028537074 0.49100E+03
492 60 50 78.30 1399028538062 1399028521738 1399028521749 1399028538085 0.49200E+03
493 60 50 78.30 1399028539053 1399028522730 1399028522741 1399028539076 0.49300E+03
494 60 50 78.50 1399028540063 1399028523740 1399028523750 1399028540085 0.49400E+03
495 60 50 78.70 1399028541053 1399028524729 1399028524740 1399028541075 0.49500E+03
496 60 50 78.90 1399028542063 1399028525740 1399028525751 1399028542085 0.49600E+03
497 60 50 78.90 1399028543053 1399028526732 1399028526744 1399028543078 0.49700E+03
498 60 50 79.20 1399028544066 1399028527743 1399028527754 1399028544089 0.49800E+03
499 40 50 79.20 1399028545057 1399028528734 1399028528744 1399028545079 0.49900E+03
500 40 50 79.40 1399028546066 1399028529744 1399028529755 1399028546090 0.50000E+03
501 40 50 79.30 1399028547058 1399028530735 1399028530746 1399028547081 0.50100E+03
502 40 50 79.40 1399028548049 1399028531728 1399028531738 1399028548072 0.50200E+03
503 40 50 79.50 1399028549060 1399028532741 1399028532751 1399028549086 0.50300E+03
504 40 50 79.60 1399028550055 1399028533731 1399028533741 1399028550076 0.50400E+03
505 40 50 79.60 1399028551063 1399028534741 1399028534751 1399028551085 0.50500E+03
506 40 50 79.50 1399028552053 1399028535731 1399028535741 1399028552076 0.50600E+03
507 40 50 79.50 1399028553063 1399028536739 1399028536749 1399028553084 0.50700E+03
508 40 50 79.50 1399028554051 1399028537729 1399028537740 1399028554074 0.50800E+03
509 40 50 79.50 1399028555062 1399028538742 1399028538754 1399028555088 0.50900E+03
510 40 50 79.50 1399028556056 1399028539735 1399028539746 1399028556081 0.51000E+03
511 40 50 79.40 1399028557048 1399028540727 1399028540739 1399028557073 0.51100E+03
512 40 50 79.30 1399028558060 1399028541738 1399028541750 1399028558084 0.51200E+03
513 40 50 79.20 1399028559052 1399028542731 1399028542742 1399028559077 0.51300E+03
514 40 50 79.20 1399028560066 1399028543743 1399028543754 1399028560089 0.51400E+03
515 40 50 78.90 1399028561057 1399028544737 1399028544747 1399028561081 0.51500E+03
516 40 50 78.90 1399028562050 1399028545729 1399028545739 1399028562074 0.51600E+03
517 40 50 78.90 1399028563061 1399028546747 1399028546758 1399028563093 0.51700E+03
518 40 50 78.90 1399028564061 1399028547738 1399028547750 1399028564084 0.51800E+03
519 40 50 78.80 1399028565052 1399028548739 1399028548750 1399028565085 0.51900E+03
520 40 50 78.70 1399028566052 1399028549733 1399028549744 1399028566078 0.52000E+03
521 40 50 78.50 1399028567065 1399028550743 1399028550754 1399028567089 0.52100E+03
522 40 50 78.50 1399028568056 1399028551734 1399028551745 1399028568079 0.52200E+03
523 40 50 78.30 1399028569047 1399028552725 1399028552737 1399028569071 0.52300E+03
524 40 50 78.20 1399028570059 1399028553739 1399028553750 1399028570084 0.52400E+03
525 40 50 78.00 1399028571052 1399028554733 1399028554743 1399028571077 0.52500E+03
526 40 50 78.00 1399028572065 1399028555741 1399028555752 1399028572087 0.52600E+03
527 40 50 77.90 1399028573055 1399028556734 1399028556745 1399028573079 0.52700E+03
528 40 50 77.80 1399028574047 1399028557725 1399028557736 1399028574070 0.52800E+03
529 40 50 77.80 1399028575058 1399028558737 1399028558747 1399028575082 0.52900E+03
530 40 50 77.50 1399028576051 1399028559732 1399028559742 1399028576077 0.53000E+03
531 40 50 77.40 1399028577065 1399028560744 1399028560756 1399028577090 0.53100E+03
532 40 50 77.30 1399028578058 1399028561737 1399028561748 1399028578082 0.53200E+03
533 40 50 77.30 1399028579050 1399028562726 1399028562737 1399028579071 0.53300E+03
534 40 50 77.30 1399028580059 1399028563737 1399028563749 1399028580083 0.53400E+03
535 40 50 77.10 1399028581051 1399028564732 1399028564743 1399028581077 0.53500E+03
536 40 50 76.90 1399028582066 1399028565748 1399028565759 1399028582093 0.53600E+03
537 40 50 76.80 1399028583061 1399028566737 1399028566747 1399028583081 0.53700E+03
538 40 50 76.80 1399028584049 1399028567728 1399028567739 1399028584073 0.53800E+03
539 40 50 76.70 1399028585060 1399028568738 1399028568749 1399028585083 0.53900E+03
540 40 50 76.60 1399028586050 1399028569729 1399028569739 1399028586073 0.54000E+03
541 40 50 76.60 1399028587061 1399028570738 1399028570750 1399028587084 0.54100E+03
542 40 50 76.50 1399028588051 1399028571730 1399028571741 1399028588075 0.54200E+03
543 60 50 76.50 1399028589062 1399028572739 1399028572749 1399028589083 0.54300E+03
544 60 50 76.40 1399028590052 1399028573730 1399028573741 1399028590075 0.54400E+03
545 60 50 76.20 1399028591063 1399028574741 1399028574751 1399028591085 0.54500E+03
546 60 50 76.10 1399028592053 1399028575733 1399028575743 1399028592078 0.54600E+03
547 60 50 76.10 1399028593045 1399028576723 1399028576734 1399028593068 0.54700E+03
548 60 50 76.10 1399028594056 1399028577737 1399028577747 1399028594081 0.54800E+03
549 60 50 76.10 1399028595049 1399028578728 1399028578739 1399028595073 0.54900E+03
550 60 50 76.20 1399028596062 1399028579741 1399028579752 1399028596086 0.55000E+03
551 60 50 76.20 1399028597054 1399028580734 1399028580744 1399028597078 0.55100E+03
552 60 50 76.20 1399028598066 1399028581742 1399028581753 1399028598087 0.55200E+03
553 60 50 76.20 1399028599054 1399028582732 1399028582743 1399028599077 0.55300E+03
554 60 50 76.40 1399028600066 1399028583742 1399028583753 1399028600087 0.55400E+03
555 60 50 76.50 1399028601055 1399028584733 1399028584744 1399028601078 0.55500E+03
556 60 50 76.50 1399028602065 1399028585742 1399028585752 1399028602086 0.55600E+03
557 60 50 76.80 1399028603053 1399028586730 1399028586742 1399028603076 0.55700E+03
558 60 50 76.70 1399028604064 1399028587742 1399028587754 1399028604088 0.55800E+03
559 60 50 76.90 1399028605055 1399028588734 1399028588746 1399028605080 0.55900E+03
560 60 50 76.90 1399028606049 1399028589728 1399028589739 1399028606073 0.56000E+03
561 60 50 77.10 1399028607060 1399028590739 1399028590750 1399028607084 0.56100E+03
562 60 50 77.30 1399028608051 1399028591730 1399028591740 1399028608074 0.56200E+03
563 60 50 77.30 1399028609062 1399028592739 1399028592749 1399028609083 0.56300E+03
564 60 50 77.60 1399028610051 1399028593731 1399028593742 1399028610076 0.56400E+03
565 60 50 77.60 1399028611063 1399028594740 1399028594751 1399028611085 0.56500E+03
566 60 50 77.90 1399028612053 1399028595731 1399028595742 1399028612076 0.56600E+03
567 60 50 77.80 1399028613064 1399028596741 1399028596752 1399028613086 0.56700E+03
568 60 50 78.00 1399028614053 1399028597734 1399028597745 1399028614079 0.56800E+03
569 60 50 78.00 1399028615066 1399028598747 1399028598757 1399028615091 0.56900E+03
570 60 50 78.20 1399028616058 1399028599742 1399028599752 1399028616087 0.57000E+03
571 60 50 78.30 1399028617056 1399028600736 1399028600747 1399028617081 0.57100E+03
572 60 50 78.50 1399028618048 1399028601730 1399028601741 1399028618074 0.57200E+03
573 60 50 78.70 1399028619065 1399028602741 1399028602752 1399028619086 0.57300E+03
574 60 50 78.90 1399028620054 1399028603733 1399028603744 1399028620078 0.57400E+03
575 60 50 78.90 1399028621065 1399028604742 1399028604752 1399028621086 0.57500E+03
576 60 50 78.90 1399028622054 1399028605734 1399028605745 1399028622079 0.57600E+03
577 60 50 79.20 1399028623067 1399028606745 1399028606756 1399028623090 0.57700E+03
578 60 50 79.20 1399028624057 1399028607736 1399028607747 1399028624080 0.57800E+03
579 60 50 79.40 1399028625053 1399028608731 1399028608742 1399028625075 0.57900E+03
580 60 50 79.50 1399028626063 1399028609742 1399028609752 1399028626087 0.58000E+03
581 40 50 79.50 1399028627054 1399028610734 1399028610746 1399028627079 0.58100E+03
582 40 50 79.70 1399028628049 1399028611727 1399028611738 1399028628071 0.58200E+03
583 40 50 79.70 1399028629058 1399028612822 1399028612832 1399028629166 0.58300E+03
584 40 50 80.10 1399028630052 1399028618977 1399028618988 1399028635322 0.58400E+03
590 40 50 80.00 1399028636048 1399028619729 1399028619740 1399028636074 0.59000E+03
591 40 50 80.00 1399028637061 1399028620739 1399028620750 1399028637083 0.59100E+03
592 40 50 79.80 1399028638050 1399028621729 1399028621740 1399028638074 0.59200E+03
593 40 50 79.60 1399028639063 1399028622748 1399028622759 1399028639093 0.59300E+03
594 40 50 79.70 1399028640061 1399028623739 1399028623750 1399028640083 0.59400E+03
595 40 50 79.60 1399028641051 1399028624731 1399028624742 1399028641075 0.59500E+03
596 40 50 79.60 1399028642063 1399028625743 1399028625753 1399028642087 0.59600E+03
597 40 50 79.40 1399028643054 1399028626733 1399028626744 1399028643077 0.59700E+03
598 40 50 79.50 1399028644067 1399028627745 1399028627756 1399028644089 0.59800E+03
599 40 50 79.30 1399028645057 1399028628739 1399028628751 1399028645084 0.59900E+03
600 40 50 79.20 1399028646052 1399028629731 1399028629742 1399028646075 0.60000E+03
601 40 50 79.00 1399028647063 1399028630741 1399028630752 1399028647086 0.60100E+03
602 40 50 79.00 1399028648053 1399028631730 1399028631741 1399028648075 0.60200E+03
603 40 50 78.90 1399028649062 1399028632740 1399028632751 1399028649084 0.60300E+03
604 40 50 78.80 1399028650052 1399028633730 1399028633741 1399028650075 0.60400E+03
605 40 50 78.60 1399028651063 1399028634740 1399028634750 1399028651084 0.60500E+03
606 40 50 78.60 1399028652051 1399028635730 1399028635741 1399028652074 0.60600E+03
607 40 50 78.50 1399028653062 1399028636760 1399028636771 1399028653104 0.60700E+03
608 40 50 78.30 1399028654052 1399028637730 1399028637740 1399028654074 0.60800E+03
609 40 50 78.50 1399028655062 1399028638738 1399028638749 1399028655083 0.60900E+03
610 40 50 78.20 1399028656050 1399028639732 1399028639742 1399028656076 0.61000E+03
611 40 50 78.00 1399028657063 1399028640741 1399028640752 1399028657085 0.61100E+03
612 40 50 77.90 1399028658053 1399028641732 1399028641743 1399028658077 0.61200E+03
613 40 50 77.90 1399028659065 1399028642744 1399028642755 1399028659088 0.61300E+03
614 40 50 77.90 1399028660056 1399028643733 1399028643744 1399028660078 0.61400E+03
615 40 50 77.80 1399028661066 1399028644744 1399028644754 1399028661087 0.61500E+03
616 40 50 77.50 1399028662055 1399028645734 1399028645745 1399028662078 0.61600E+03
617 40 50 77.50 1399028663086 1399028646764 1399028646776 1399028663109 0.61700E+03
618 40 50 77.40 1399028664056 1399028647735 1399028647745 1399028664078 0.61800E+03
619 40 50 77.30 1399028665066 1399028648744 1399028648754 1399028665087 0.61900E+03
620 40 50 77.20 1399028666055 1399028649735 1399028649745 1399028666079 0.62000E+03
621 40 50 77.10 1399028667067 1399028650745 1399028650756 1399028667089 0.62100E+03
622 40 50 77.10 1399028668057 1399028651735 1399028651746 1399028668079 0.62200E+03
623 40 50 77.10 1399028669066 1399028652747 1399028652758 1399028669092 0.62300E+03
624 40 50 76.90 1399028670059 1399028653738 1399028653749 1399028670082 0.62400E+03
625 40 50 76.80 1399028671050 1399028654731 1399028654742 1399028671075 0.62500E+03
626 40 50 76.80 1399028672063 1399028655742 1399028655753 1399028672087 0.62600E+03
627 60 50 76.60 1399028673056 1399028656737 1399028656748 1399028673081 0.62700E+03
628 60 50 76.50 1399028674048 1399028657728 1399028657738 1399028674071 0.62800E+03
629 60 50 76.40 1399028675059 1399028658737 1399028658748 1399028675081 0.62900E+03
630 60 50 76.50 1399028676049 1399028659729 1399028659739 1399028676072 0.63000E+03
631 60 50 76.60 1399028677060 1399028660740 1399028660751 1399028677084 0.63100E+03
632 60 50 76.40 1399028678052 1399028661729 1399028661740 1399028678073 0.63200E+03
633 60 50 76.50 1399028679060 1399028662738 1399028662749 1399028679082 0.63300E+03
634 60 50 76.50 1399028680049 1399028663727 1399028663738 1399028680071 0.63400E+03
635 60 50 76.40 1399028681059 1399028664738 1399028664748 1399028681081 0.63500E+03
636 60 50 76.60 1399028682049 1399028665728 1399028665739 1399028682072 0.63600E+03
637 60 50 76.60 1399028683061 1399028666740 1399028666751 1399028683084 0.63700E+03
638 60 50 76.70 1399028684051 1399028667730 1399028667741 1399028684074 0.63800E+03
639 60 50 76.80 1399028685062 1399028668739 1399028668750 1399028685082 0.63900E+03
640 40 50 76.70 1399028686050 1399028669731 1399028669742 1399028686075 0.64000E+03
641 40 50 76.90 1399028687063 1399028670741 1399028670752 1399028687085 0.64100E+03
642 40 50 76.90 1399028688053 1399028671732 1399028671743 1399028688076 0.64200E+03
643 40 50 77.10 1399028689064 1399028672743 1399028672754 1399028689087 0.64300E+03
644 40 50 77.20 1399028690054 1399028673735 1399028673745 1399028690078 0.64400E+03
645 40 50 77.30 1399028691065 1399028674745 1399028674755 1399028691088 0.64500E+03
646 40 50 77.40 1399028692055 1399028675734 1399028675744 1399028692076 0.64600E+03
647 40 50 77.20 1399028693047 1399028676727 1399028676737 1399028693070 0.64700E+03
648 40 50 77.30 1399028694058 1399028677735 1399028677746 1399028694079 0.64800E+03
649 40 50 77.30 1399028695048 1399028678727 1399028678738 1399028695071 0.64900E+03
650 40 50 77.30 1399028696059 1399028679739 1399028679750 1399028696082 0.65000E+03
651 40 50 77.30 1399028697050 1399028680730 1399028680740 1399028697073 0.65100E+03
652 40 50 77.20 1399028698061 1399028681740 1399028681751 1399028698084 0.65200E+03
653 40 50 77.10 1399028699051 1399028682735 1399028682746 1399028699079 0.65300E+03
654 40 50 77.40 1399028700047 1399028683729 1399028683739 1399028700072 0.65400E+03
655 40 50 77.30 1399028701059 1399028684741 1399028684752 1399028701085 0.65500E+03
656 40 50 77.30 1399028702052 1399028685736 1399028685746 1399028702079 0.65600E+03
657 40 50 77.20 1399028703066 1399028686746 1399028686756 1399028703089 0.65700E+03
658 40 50 77.20 1399028704057 1399028687736 1399028687747 1399028704080 0.65800E+03
659 40 50 77.10 1399028705047 1399028688729 1399028688739 1399028705072 0.65900E+03
660 40 50 77.10 1399028706059 1399028689738 1399028689749 1399028706082 0.66000E+03
661 40 50 76.90 1399028707049 1399028690729 1399028690739 1399028707072 0.66100E+03
662 40 50 76.90 1399028708060 1399028691739 1399028691750 1399028708083 0.66200E+03
663 40 50 76.80 1399028709051 1399028692731 1399028692742 1399028709074 0.66300E+03
664 40 50 76.80 1399028710062 1399028693742 1399028693753 1399028710085 0.66400E+03
665 40 50 76.70 1399028711053 1399028694734 1399028694746 1399028711079 0.66500E+03
666 40 50 76.60 1399028712067 1399028695746 1399028695757 1399028712090 0.66600E+03
667 40 50 76.50 1399028713058 1399028696738 1399028696749 1399028713082 0.66700E+03
668 40 50 76.50 1399028714049 1399028697729 1399028697740 1399028714072 0.66800E+03
669 40 50 76.40 1399028715061 1399028698740 1399028698751 1399028715085 0.66900E+03
670 40 50 76.40 1399028716053 1399028699738 1399028699749 1399028716082 0.67000E+03
671 40 50 76.40 1399028717049 1399028700730 1399028700742 1399028717074 0.67100E+03
672 40 50 76.40 1399028718062 1399028701744 1399028701754 1399028718087 0.67200E+03
673 60 50 76.20 1399028719054 1399028702741 1399028702751 1399028719084 0.67300E+03
674 60 50 76.20 1399028720051 1399028703732 1399028703742 1399028720074 0.67400E+03
675 60 50 76.00 1399028721062 1399028704742 1399028704753 1399028721086 0.67500E+03
676 60 50 76.10 1399028722055 1399028705736 1399028705747 1399028722080 0.67600E+03
677 60 50 76.10 1399028723067 1399028706748 1399028706760 1399028723094 0.67700E+03
678 60 50 76.10 1399028724062 1399028707740 1399028707751 1399028724083 0.67800E+03
679 60 50 76.10 1399028725051 1399028708732 1399028708743 1399028725075 0.67900E+03
680 60 50 76.00 1399028726063 1399028709741 1399028709752 1399028726084 0.68000E+03
681 60 50 76.20 1399028727052 1399028710735 1399028710745 1399028727078 0.68100E+03
682 60 50 76.20 1399028728065 1399028711746 1399028711757 1399028728089 0.68200E+03
683 60 50 76.20 1399028729057 1399028712737 1399028712748 1399028729081 0.68300E+03
684 60 50 76.50 1399028730048 1399028713729 1399028713740 1399028730072 0.68400E+03
685 60 50 76.60 1399028731059 1399028714737 1399028714748 1399028731081 0.68500E+03
686 60 50 76.60 1399028732048 1399028715731 1399028715742 1399028732074 0.68600E+03
687 60 50 76.70 1399028733062 1399028716740 1399028716750 1399028733082 0.68700E+03
688 60 50 76.80 1399028734050 1399028717731 1399028717741 1399028734073 0.68800E+03
689 60 50 77.10 1399028735061 1399028718743 1399028718754 1399028735086 0.68900E+03
690 60 50 77.10 1399028736053 1399028719734 1399028719745 1399028736078 0.69000E+03
691 60 50 77.40 1399028737065 1399028720743 1399028720754 1399028737086 0.69100E+03
692 60 50 77.40 1399028738054 1399028721855 1399028721866 1399028738199 0.69200E+03
693 60 50 77.40 1399028739066 1399028722761 1399028722771 1399028739104 0.69300E+03
694 60 50 77.50 1399028740051 1399028723732 1399028723743 1399028740294 0.69400E+03
695 60 50 77.80 1399028741060 1399028724742 1399028724753 1399028741086 0.69500E+03
696 60 50 78.00 1399028742053 1399028725733 1399028725744 1399028742076 0.69600E+03
697 60 50 78.00 1399028743063 1399028726744 1399028726755 1399028743087 0.69700E+03
698 60 50 78.10 1399028744054 1399028727734 1399028727745 1399028744077 0.69800E+03
699 60 50 78.20 1399028745064 1399028728743 1399028728754 1399028745086 0.69900E+03
700 60 50 78.60 1399028746054 1399028729738 1399028729749 1399028746083 0.70000E+03
701 60 50 78.60 1399028747050 1399028730730 1399028730741 1399028747073 0.70100E+03
702 60 50 78.70 1399028748061 1399028731741 1399028731752 1399028748085 0.70200E+03
703 60 50 78.80 1399028749052 1399028732732 1399028732743 1399028749075 0.70300E+03
704 60 50 78.80 1399028750063 1399028733741 1399028733753 1399028750085 0.70400E+03
705 60 50 79.00 1399028751052 1399028734733 1399028734744 1399028751076 0.70500E+03
706 60 50 79.20 1399028752064 1399028735752 1399028735763 1399028752095 0.70600E+03
707 60 50 79.30 1399028753062 1399028736742 1399028736753 1399028753086 0.70700E+03
708 60 50 79.50 1399028754053 1399028737732 1399028737744 1399028754076 0.70800E+03
709 60 50 79.60 1399028755063 1399028738744 1399028738755 1399028755087 0.70900E+03
710 40 50 79.60 1399028756055 1399028739734 1399028739745 1399028756080 0.71000E+03
711 40 50 79.70 1399028757047 1399028740731 1399028740742 1399028757074 0.71100E+03
712 40 50 79.80 1399028758061 1399028741742 1399028741753 1399028758085 0.71200E+03
713 40 50 80.10 1399028759052 1399028742733 1399028742744 1399028759076 0.71300E+03
714 40 50 80.00 1399028760063 1399028743742 1399028743752 1399028760084 0.71400E+03
715 40 50 80.20 1399028761052 1399028744731 1399028744741 1399028761073 0.71500E+03
716 40 50 80.10 1399028762064 1399028745746 1399028745756 1399028762088 0.71600E+03
717 40 50 80.10 1399028763056 1399028746738 1399028746750 1399028763082 0.71700E+03
718 40 50 80.20 1399028764049 1399028747732 1399028747742 1399028764074 0.71800E+03
719 40 50 80.00 1399028765062 1399028748741 1399028748752 1399028765084 0.71900E+03
720 40 50 80.10 1399028766052 1399028749736 1399028749747 1399028766079 0.72000E+03
721 40 50 80.00 1399028767066 1399028750745 1399028750756 1399028767088 0.72100E+03
722 40 50 80.00 1399028768055 1399028751743 1399028751753 1399028768085 0.72200E+03
723 40 50 79.70 1399028769056 1399028752737 1399028752748 1399028769080 0.72300E+03
724 40 50 79.80 1399028770048 1399028753732 1399028753743 1399028770075 0.72400E+03
725 40 50 79.70 1399028771062 1399028754740 1399028754751 1399028771082 0.72500E+03
726 40 50 79.60 1399028772050 1399028755730 1399028755742 1399028772075 0.72600E+03
727 40 50 79.50 1399028773063 1399028756743 1399028756754 1399028773086 0.72700E+03
728 40 50 79.40 1399028774054 1399028757734 1399028757745 1399028774077 0.72800E+03
729 40 50 79.50 1399028775065 1399028758745 1399028758757 1399028775088 0.72900E+03
730 40 50 79.20 1399028776055 1399028759738 1399028759749 1399028776080 0.73000E+03
731 40 50 79.30 1399028777048 1399028760729 1399028760740 1399028777072 0.73100E+03
732 40 50 79.00 1399028778060 1399028761740 1399028761751 1399028778083 0.73200E+03
733 40 50 79.00 1399028779051 1399028762739 1399028762750 1399028779082 0.73300E+03
734 40 50 78.90 1399028780050 1399028763732 1399028763743 1399028780074 0.73400E+03
735 40 50 78.70 1399028781062 1399028764745 1399028764755 1399028781087 0.73500E+03
736 40 50 78.70 1399028782054 1399028765738 1399028765749 1399028782081 0.73600E+03
737 40 50 78.60 1399028783048 1399028766729 1399028766740 1399028783072 0.73700E+03
738 40 50 78.50 1399028784059 1399028767739 1399028767749 1399028784082 0.73800E+03
739 40 50 78.50 1399028785050 1399028768731 1399028768742 1399028785075 0.73900E+03
740 40 50 78.30 1399028786062 1399028769744 1399028769754 1399028786086 0.74000E+03
741 40 50 78.20 1399028787053 1399028770737 1399028770747 1399028787079 0.74100E+03
742 40 50 78.10 1399028788047 1399028771728 1399028771739 1399028788070 0.74200E+03
743 40 50 78.00 1399028789058 1399028772738 1399028772750 1399028789081 0.74300E+03
744 40 50 77.90 1399028790048 1399028773730 1399028773741 1399028790073 0.74400E+03
745 40 50 77.80 1399028791061 1399028774742 1399028774753 1399028791084 0.74500E+03
746 40 50 77.80 1399028792051 1399028775733 1399028775744 1399028792076 0.74600E+03
747 40 50 77.80 1399028793064 1399028776743 1399028776754 1399028793085 0.74700E+03
748 40 50 77.80 1399028794052 1399028777735 1399028777746 1399028794078 0.74800E+03
749 40 50 77.60 1399028795066 1399028778746 1399028778756 1399028795088 0.74900E+03
750 60 50 77.40 1399028796056 1399028779737 1399028779747 1399028796078 0.75000E+03
751 60 50 77.30 1399028797066 1399028780744 1399028780755 1399028797087 0.75100E+03
752 60 50 77.30 1399028798054 1399028781734 1399028781745 1399028798076 0.75200E+03
753 60 50 77.30 1399028799064 1399028782742 1399028782753 1399028799085 0.75300E+03
754 60 50 77.20 1399028800054 1399028783736 1399028783748 1399028800079 0.75400E+03
755 60 50 77.20 1399028801067 1399028784746 1399028784757 1399028801088 0.75500E+03
756 60 50 77.20 1399028802055 1399028785738 1399028785748 1399028802080 0.75600E+03
757 60 50 77.20 1399028803068 1399028786749 1399028786760 1399028803091 0.75700E+03
758 60 50 77.20 1399028804058 1399028787740 1399028787751 1399028804082 0.75800E+03
759 60 50 77.20 1399028805049 1399028788730 1399028788741 1399028805072 0.75900E+03
760 60 50 77.30 1399028806060 1399028789740 1399028789750 1399028806082 0.76000E+03
761 60 50 77.30 1399028807050 1399028790734 1399028790745 1399028807077 0.76100E+03
762 60 50 77.50 1399028808064 1399028791742 1399028791754 1399028808085 0.76200E+03
763 60 50 77.60 1399028809053 1399028792734 1399028792745 1399028809076 0.76300E+03
764 60 50 77.50 1399028810064 1399028793748 1399028793758 1399028810090 0.76400E+03
765 60 50 77.50 1399028811057 1399028794742 1399028794752 1399028811084 0.76500E+03
766 60 50 77.80 1399028812051 1399028795732 1399028795744 1399028812075 0.76600E+03
767 60 50 77.80 1399028813063 1399028796745 1399028796755 1399028813087 0.76700E+03
768 40 50 78.10 1399028814054 1399028797735 1399028797746 1399028814078 0.76800E+03
769 40 50 78.10 1399028815065 1399028798747 1399028798758 1399028815089 0.76900E+03
770 40 50 78.20 1399028816057 1399028799741 1399028799752 1399028816083 0.77000E+03
771 40 50 78.30 1399028817050 1399028800730 1399028800742 1399028817073 0.77100E+03
772 40 50 78.30 1399028818061 1399028801743 1399028801754 1399028818085 0.77200E+03
773 40 50 78.50 1399028819052 1399028802733 1399028802744 1399028819075 0.77300E+03
774 40 50 78.50 1399028820062 1399028803743 1399028803753 1399028820085 0.77400E+03
775 40 50 78.50 1399028821052 1399028804734 1399028804744 1399028821075 0.77500E+03
776 40 50 78.50 1399028822063 1399028805742 1399028805753 1399028822084 0.77600E+03
777 40 50 78.60 1399028823051 1399028806732 1399028806743 1399028823074 0.77700E+03
778 40 50 78.60 1399028824062 1399028807743 1399028807753 1399028824085 0.77800E+03
779 40 50 78.60 1399028825051 1399028808734 1399028808745 1399028825077 0.77900E+03
780 40 50 78.50 1399028826066 1399028809745 1399028809755 1399028826087 0.78000E+03
781 40 50 78.30 1399028827053 1399028810732 1399028810743 1399028827074 0.78100E+03
782 40 50 78.30 1399028828059 1399028811739 1399028811750 1399028828081 0.78200E+03
783 40 50 78.30 1399028829048 1399028812728 1399028812738 1399028829070 0.78300E+03
784 40 50 78.20 1399028830054 1399028813736 1399028813746 1399028830078 0.78400E+03
785 40 50 78.20 1399028831064 1399028814747 1399028814758 1399028831089 0.78500E+03
786 40 50 78.10 1399028832056 1399028815737 1399028815747 1399028832078 0.78600E+03
787 40 50 78.10 1399028833065 1399028816745 1399028816755 1399028833087 0.78700E+03
788 40 50 78.00 1399028834053 1399028817733 1399028817744 1399028834075 0.78800E+03
789 40 50 78.00 1399028835062 1399028818742 1399028818754 1399028835085 0.78900E+03
790 40 50 78.00 1399028836051 1399028819732 1399028819743 1399028836074 0.79000E+03
791 40 50 77.80 1399028837061 1399028820741 1399028820752 1399028837083 0.79100E+03
792 40 50 77.90 1399028838049 1399028821731 1399028821742 1399028838073 0.79200E+03
793 40 50 77.80 1399028839060 1399028822740 1399028822751 1399028839082 0.79300E+03
794 40 50 77.60 1399028840049 1399028823732 1399028823743 1399028840074 0.79400E+03
795 40 50 77.50 1399028841061 1399028824743 1399028824753 1399028841084 0.79500E+03
796 40 50 77.40 1399028842051 1399028825731 1399028825743 1399028842074 0.79600E+03
797 40 50 77.40 1399028843061 1399028826742 1399028826753 1399028843084 0.79700E+03
798 40 50 77.20 1399028844051 1399028827732 1399028827743 1399028844074 0.79800E+03
799 40 50 77.30 1399028845061 1399028828744 1399028828755 1399028845086 0.79900E+03
800 60 50 77.20 1399028846055 1399028829736 1399028829747 1399028846078 0.80000E+03
801 60 50 77.30 1399028847065 1399028830744 1399028830755 1399028847086 0.80100E+03
802 60 50 77.20 1399028848053 1399028831735 1399028831746 1399028848076 0.80200E+03
803 60 50 77.10 1399028849064 1399028832745 1399028832756 1399028849087 0.80300E+03
804 60 50 77.10 1399028850054 1399028833735 1399028833746 1399028850077 0.80400E+03
805 60 50 76.90 1399028851064 1399028834745 1399028834756 1399028851087 0.80500E+03
806 60 50 76.70 1399028852054 1399028835736 1399028835747 1399028852077 0.80600E+03
807 60 50 76.90 1399028853065 1399028836747 1399028836758 1399028853089 0.80700E+03
808 60 50 77.10 1399028854056 1399028837740 1399028837752 1399028854083 0.80800E+03
809 60 50 77.20 1399028855049 1399028838736 1399028838747 1399028855078 0.80900E+03
810 60 50 77.10 1399028856066 1399028839746 1399028839757 1399028856088 0.81000E+03
811 60 50 77.10 1399028857054 1399028840736 1399028840747 1399028857077 0.81100E+03
812 60 50 77.30 1399028858047 1399028841728 1399028841739 1399028858070 0.81200E+03
813 60 50 77.40 1399028859058 1399028842738 1399028842749 1399028859080 0.81300E+03
814 60 50 77.50 1399028860066 1399028843746 1399028843758 1399028860089 0.81400E+03
815 60 50 77.60 1399028861055 1399028844737 1399028844747 1399028861078 0.81500E+03
816 60 50 77.60 1399028862065 1399028845745 1399028845756 1399028862087 0.81600E+03
817 60 50 77.90 1399028863051 1399028846732 1399028846743 1399028863074 0.81700E+03
818 60 50 77.90 1399028864060 1399028847743 1399028847753 1399028864084 0.81800E+03
819 60 50 78.00 1399028865050 1399028848732 1399028848743 1399028865074 0.81900E+03
820 40 50 78.20 1399028866062 1399028849742 1399028849753 1399028866084 0.82000E+03
821 40 50 78.20 1399028867050 1399028850732 1399028850743 1399028867074 0.82100E+03
822 40 50 78.30 1399028868059 1399028851738 1399028851748 1399028868079 0.82200E+03
823 40 50 78.60 1399028869066 1399028852747 1399028852758 1399028869089 0.82300E+03
824 40 50 78.70 1399028870055 1399028853739 1399028853750 1399028870081 0.82400E+03
825 40 50 78.70 1399028871048 1399028854730 1399028854740 1399028871071 0.82500E+03
826 40 50 78.70 1399028872058 1399028855741 1399028855752 1399028872082 0.82600E+03
827 40 50 78.70 1399028873049 1399028856731 1399028856742 1399028873072 0.82700E+03
828 40 50 78.80 1399028874062 1399028857743 1399028857754 1399028874085 0.82800E+03
829 40 50 78.80 1399028875052 1399028858735 1399028858746 1399028875077 0.82900E+03
830 40 50 78.70 1399028876064 1399028859747 1399028859758 1399028876088 0.83000E+03
831 40 50 78.80 1399028877056 1399028860739 1399028860750 1399028877080 0.83100E+03
832 40 50 78.70 1399028878048 1399028861730 1399028861742 1399028878072 0.83200E+03
833 40 50 78.70 1399028879060 1399028862742 1399028862753 1399028879083 0.83300E+03
834 40 50 78.70 1399028880050 1399028863734 1399028863745 1399028880077 0.83400E+03
835 40 50 78.60 1399028881064 1399028864746 1399028864757 1399028881088 0.83500E+03
836 40 50 78.50 1399028882080 1399028865763 1399028865775 1399028882105 0.83600E+03
837 40 50 78.30 1399028883053 1399028866735 1399028866747 1399028883077 0.83700E+03
838 40 50 78.10 1399028884064 1399028867745 1399028867755 1399028884085 0.83800E+03
839 40 50 78.20 1399028885052 1399028868735 1399028868746 1399028885077 0.83900E+03
840 60 50 78.20 1399028886064 1399028869746 1399028869757 1399028886087 0.84000E+03
841 60 50 78.20 1399028887055 1399028870740 1399028870750 1399028887080 0.84100E+03
842 60 50 78.00 1399028888047 1399028871728 1399028871739 1399028888070 0.84200E+03
843 60 50 78.10 1399028889057 1399028872737 1399028872748 1399028889079 0.84300E+03
844 60 50 78.00 1399028890066 1399028873747 1399028873757 1399028890088 0.84400E+03
845 60 50 77.90 1399028891055 1399028874739 1399028874751 1399028891081 0.84500E+03
846 60 50 78.00 1399028892048 1399028875729 1399028875740 1399028892071 0.84600E+03
847 60 50 78.00 1399028893058 1399028876740 1399028876751 1399028893081 0.84700E+03
848 60 50 78.10 1399028894049 1399028877730 1399028877741 1399028894071 0.84800E+03
849 60 50 77.90 1399028895059 1399028878743 1399028878754 1399028895084 0.84900E+03
850 60 50 78.20 1399028896052 1399028879734 1399028879745 1399028896076 0.85000E+03
851 60 50 78.10 1399028897062 1399028880743 1399028880754 1399028897084 0.85100E+03
852 60 50 78.00 1399028898052 1399028881733 1399028881743 1399028898074 0.85200E+03
853 60 50 78.50 1399028899061 1399028882743 1399028882754 1399028899084 0.85300E+03
854 60 50 78.50 1399028900052 1399028883733 1399028883743 1399028900073 0.85400E+03
855 60 50 78.70 1399028901061 1399028884744 1399028884754 1399028901086 0.85500E+03
856 60 50 78.60 1399028902053 1399028885735 1399028885746 1399028902076 0.85600E+03
857 60 50 78.80 1399028903063 1399028886751 1399028886762 1399028903092 0.85700E+03
858 60 50 78.90 1399028904059 1399028887740 1399028887752 1399028904082 0.85800E+03
859 40 50 78.90 1399028905049 1399028888734 1399028888745 1399028905076 0.85900E+03
860 40 50 79.20 1399028906062 1399028889743 1399028889753 1399028906083 0.86000E+03
861 40 50 79.20 1399028907050 1399028890732 1399028890743 1399028907074 0.86100E+03
862 40 50 79.30 1399028908061 1399028891745 1399028891755 1399028908086 0.86200E+03
863 40 50 79.30 1399028909053 1399028892737 1399028892748 1399028909078 0.86300E+03
864 40 50 79.40 1399028910066 1399028893747 1399028893758 1399028910088 0.86400E+03
865 40 50 79.50 1399028911056 1399028894738 1399028894748 1399028911078 0.86500E+03
866 40 50 79.50 1399028912066 1399028895749 1399028895759 1399028912089 0.86600E+03
867 40 50 79.40 1399028913057 1399028896738 1399028896749 1399028913079 0.86700E+03
868 40 50 79.30 1399028914067 1399028897750 1399028897761 1399028914091 0.86800E+03
869 40 50 79.60 1399028915058 1399028898740 1399028898751 1399028915081 0.86900E+03
870 40 50 79.40 1399028916048 1399028899732 1399028899742 1399028916072 0.87000E+03
871 40 50 79.30 1399028917060 1399028900743 1399028900754 1399028917084 0.87100E+03
872 40 50 79.40 1399028918052 1399028901733 1399028901743 1399028918073 0.87200E+03
873 40 50 79.30 1399028919061 1399028902744 1399028902754 1399028919085 0.87300E+03
874 40 50 79.20 1399028920054 1399028903735 1399028903747 1399028920077 0.87400E+03
875 40 50 79.00 1399028921064 1399028904745 1399028904756 1399028921086 0.87500E+03
876 40 50 79.20 1399028922053 1399028905736 1399028905746 1399028922076 0.87600E+03
877 40 50 79.00 1399028923064 1399028906747 1399028906758 1399028923088 0.87700E+03
878 40 50 78.90 1399028924054 1399028907736 1399028907747 1399028924078 0.87800E+03
879 40 50 78.80 1399028925065 1399028908747 1399028908758 1399028925088 0.87900E+03
880 40 50 78.70 1399028926055 1399028909737 1399028909748 1399028926078 0.88000E+03
881 40 50 78.50 1399028927065 1399028910748 1399028910759 1399028927089 0.88100E+03
882 40 50 78.50 1399028928055 1399028911737 1399028911748 1399028928078 0.88200E+03
883 40 50 78.50 1399028929065 1399028912746 1399028912758 1399028929088 0.88300E+03
884 40 50 78.30 1399028930055 1399028913737 1399028913748 1399028930077 0.88400E+03
885 40 50 78.30 1399028931065 1399028914746 1399028914757 1399028931087 0.88500E+03
886 40 50 78.20 1399028932053 1399028915733 1399028915744 1399028932074 0.88600E+03
887 40 50 78.00 1399028933060 1399028916741 1399028916753 1399028933082 0.88700E+03
888 40 50 78.00 1399028934049 1399028917735 1399028917746 1399028934076 0.88800E+03
889 40 50 78.10 1399028935063 1399028918745 1399028918756 1399028935086 0.88900E+03
890 40 50 77.80 1399028936053 1399028919735 1399028919746 1399028936076 0.89000E+03
891 40 50 77.80 1399028937063 1399028920746 1399028920757 1399028937087 0.89100E+03
892 40 50 77.60 1399028938054 1399028921736 1399028921746 1399028938076 0.89200E+03
893 40 50 77.60 1399028939063 1399028922745 1399028922756 1399028939086 0.89300E+03
894 40 50 77.50 1399028940053 1399028923737 1399028923747 1399028940077 0.89400E+03
895 40 50 77.40 1399028941064 1399028924747 1399028924758 1399028941088 0.89500E+03
896 40 50 77.30 1399028942055 1399028925739 1399028925750 1399028942079 0.89600E+03
897 40 50 77.20 1399028943066 1399028926748 1399028926759 1399028943089 0.89700E+03
898 40 50 77.20 1399028944056 1399028927738 1399028927749 1399028944079 0.89800E+03
899 40 50 77.20 1399028945047 1399028928730 1399028928741 1399028945071 0.89900E+03
900 40 50 76.90 1399028946058 1399028929742 1399028929753 1399028946083 0.90000E+03
901 40 50 76.90 1399028947050 1399028930735 1399028930746 1399028947076 0.90100E+03
902 40 50 76.90 1399028948063 1399028931744 1399028931755 1399028948085 0.90200E+03
903 40 50 76.90 1399028949053 1399028932735 1399028932746 1399028949076 0.90300E+03
904 40 50 76.70 1399028950064 1399028933746 1399028933757 1399028950087 0.90400E+03
905 60 50 76.70 1399028951054 1399028934735 1399028934745 1399028951075 0.90500E+03
906 60 50 76.60 1399028952063 1399028935745 1399028935755 1399028952085 0.90600E+03
907 60 50 76.70 1399028953052 1399028936735 1399028936746 1399028953076 0.90700E+03
908 60 50 76.50 1399028954063 1399028937744 1399028937755 1399028954085 0.90800E+03
909 60 50 76.50 1399028955052 1399028938737 1399028938748 1399028955077 0.90900E+03
910 60 50 76.50 1399028956064 1399028939745 1399028939756 1399028956085 0.91000E+03
911 60 50 76.60 1399028957052 1399028940735 1399028940745 1399028957075 0.91100E+03
912 60 50 76.50 1399028958063 1399028941744 1399028941754 1399028958084 0.91200E+03
913 60 50 76.60 1399028959051 1399028942734 1399028942745 1399028959074 0.91300E+03
914 60 50 76.70 1399028960061 1399028943744 1399028943756 1399028960085 0.91400E+03
915 60 50 76.70 1399028961055 1399028944738 1399028944748 1399028961078 0.91500E+03
916 60 50 76.80 1399028962065 1399028945746 1399028945757 1399028962086 0.91600E+03
917 60 50 76.80 1399028963055 1399028946736 1399028946747 1399028963077 0.91700E+03
918 60 50 76.90 1399028964063 1399028947744 1399028947755 1399028964084 0.91800E+03
919 60 50 77.10 1399028965051 1399028948736 1399028948746 1399028965076 0.91900E+03
920 60 50 77.30 1399028966063 1399028949745 1399028949755 1399028966085 0.92000E+03
921 60 50 77.30 1399028967055 1399028950743 1399028950753 1399028967083 0.92100E+03
922 60 50 77.50 1399028968050 1399028951735 1399028951746 1399028968076 0.92200E+03
923 60 50 77.60 1399028969063 1399028952744 1399028952755 1399028969085 0.92300E+03
924 60 50 77.80 1399028970051 1399028953735 1399028953745 1399028970075 0.92400E+03
925 60 50 78.00 1399028971061 1399028954742 1399028954754 1399028971083 0.92500E+03
926 60 50 77.90 1399028972050 1399028955737 1399028955747 1399028972077 0.92600E+03
927 60 50 78.00 1399028973065 1399028956747 1399028956757 1399028973087 0.92700E+03
928 60 50 78.20 1399028974054 1399028957738 1399028957749 1399028974078 0.92800E+03
929 60 50 78.50 1399028975065 1399028958750 1399028958760 1399028975090 0.92900E+03
930 60 50 78.60 1399028976057 1399028959740 1399028959750 1399028976079 0.93000E+03
931 60 50 78.70 1399028977067 1399028960757 1399028960768 1399028977097 0.93100E+03
932 60 50 78.90 1399028978065 1399028961749 1399028961760 1399028978089 0.93200E+03
933 60 50 79.00 1399028979056 1399028962738 1399028962749 1399028979078 0.93300E+03
934 60 50 79.00 1399028980065 1399028963747 1399028963758 1399028980088 0.93400E+03
935 60 50 79.30 1399028981055 1399028964738 1399028964748 1399028981077 0.93500E+03
936 60 50 79.40 1399028982064 1399028965746 1399028965757 1399028982086 0.93600E+03
937 60 50 79.50 1399028983053 1399028966736 1399028966748 1399028983077 0.93700E+03
938 60 50 79.40 1399028984065 1399028967746 1399028967758 1399028984087 0.93800E+03
939 60 50 79.80 1399028985054 1399028968737 1399028968747 1399028985077 0.93900E+03
940 60 50 79.70 1399028986064 1399028969747 1399028969758 1399028986087 0.94000E+03
941 60 50 80.00 1399028987055 1399028970739 1399028970751 1399028987080 0.94100E+03
942 40 50 80.20 1399028988067 1399028971750 1399028971761 1399028988090 0.94200E+03
943 40 50 80.30 1399028989057 1399028972741 1399028972752 1399028989081 0.94300E+03
944 40 50 80.30 1399028990049 1399028973731 1399028973742 1399028990072 0.94400E+03
945 40 50 80.30 1399028991059 1399028974742 1399028974753 1399028991082 0.94500E+03
946 40 50 80.30 1399028992048 1399028975741 1399028975752 1399028992081 0.94600E+03
947 40 50 80.50 1399028993048 1399028976731 1399028976742 1399028993071 0.94700E+03
948 40 50 80.70 1399028994058 1399028977742 1399028977754 1399028994083 0.94800E+03
949 40 50 80.50 1399028995050 1399028978740 1399028978750 1399028995079 0.94900E+03
950 40 50 80.50 1399028996066 1399028979748 1399028979759 1399028996088 0.95000E+03
951 40 50 80.40 1399028997055 1399028980738 1399028980749 1399028997078 0.95100E+03
952 40 50 80.40 1399028998065 1399028981751 1399028981762 1399028998091 0.95200E+03
953 40 50 80.40 1399028999058 1399028982743 1399028982755 1399028999084 0.95300E+03
954 40 50 80.40 1399029000051 1399028983736 1399028983747 1399029000076 0.95400E+03
955 40 50 80.40 1399029001063 1399028984751 1399028984762 1399029001091 0.95500E+03
956 40 50 80.30 1399029002058 1399028985741 1399028985752 1399029002081 0.95600E+03
957 40 50 80.20 1399029003048 1399028986735 1399028986747 1399029003076 0.95700E+03
958 40 50 80.20 1399029004066 1399028987749 1399028987760 1399029004089 0.95800E+03
959 40 50 80.10 1399029005056 1399028988743 1399028988754 1399029005083 0.95900E+03
960 40 50 79.70 1399029006050 1399028989736 1399028989746 1399029006075 0.96000E+03
961 40 50 79.70 1399029007062 1399028990747 1399028990758 1399029007086 0.96100E+03
962 40 50 79.60 1399029008054 1399028991737 1399028991748 1399029008077 0.96200E+03
963 40 50 79.50 1399029009065 1399028992751 1399028992762 1399029009091 0.96300E+03
964 40 50 79.60 1399029010058 1399028993742 1399028993752 1399029010081 0.96400E+03
965 60 50 79.50 1399029011048 1399028994730 1399028994741 1399029011069 0.96500E+03
966 60 50 79.30 1399029012057 1399028995741 1399028995752 1399029012080 0.96600E+03
967 60 50 79.20 1399029013048 1399028996731 1399028996742 1399029013070 0.96700E+03
968 60 50 78.90 1399029014057 1399028997739 1399028997750 1399029014078 0.96800E+03
969 60 50 79.20 1399029015065 1399028998747 1399028998759 1399029015088 0.96900E+03
970 60 50 79.20 1399029016055 1399028999740 1399028999750 1399029016079 0.97000E+03
971 60 50 78.90 1399029017066 1399029000749 1399029000760 1399029017089 0.97100E+03
972 60 50 79.00 1399029018056 1399029001741 1399029001751 1399029018080 0.97200E+03
973 60 50 79.00 1399029019067 1399029002757 1399029002767 1399029019096 0.97300E+03
974 60 50 78.90 1399029020063 1399029003749 1399029003760 1399029020090 0.97400E+03
975 60 50 79.20 1399029021057 1399029004741 1399029004751 1399029021080 0.97500E+03
976 60 50 79.00 1399029022067 1399029005750 1399029005761 1399029022089 0.97600E+03
977 60 50 79.40 1399029023056 1399029006740 1399029006750 1399029023079 0.97700E+03
978 60 50 79.30 1399029024066 1399029007749 1399029007760 1399029024089 0.97800E+03
979 60 50 79.30 1399029025056 1399029008741 1399029008752 1399029025080 0.97900E+03
980 60 50 79.40 1399029026047 1399029009732 1399029009743 1399029026071 0.98000E+03
981 60 50 79.30 1399029027059 1399029010743 1399029010754 1399029027083 0.98100E+03
982 60 50 79.50 1399029028049 1399029011732 1399029011742 1399029028071 0.98200E+03
983 60 50 79.50 1399029029058 1399029012742 1399029012753 1399029029082 0.98300E+03
984 60 50 79.60 1399029030049 1399029013732 1399029013743 1399029030072 0.98400E+03
985 60 50 79.80 1399029031059 1399029014742 1399029014753 1399029031081 0.98500E+03
986 60 50 79.80 1399029032049 1399029015732 1399029015744 1399029032072 0.98600E+03
987 60 50 79.80 1399029033061 1399029016745 1399029016756 1399029033085 0.98700E+03
988 60 50 80.10 1399029034052 1399029017736 1399029017747 1399029034076 0.98800E+03
989 60 50 80.20 1399029035063 1399029018746 1399029018756 1399029035084 0.98900E+03
990 60 50 80.20 1399029036052 1399029019735 1399029019746 1399029036076 0.99000E+03
991 60 50 80.20 1399029037066 1399029020752 1399029020763 1399029037092 0.99100E+03
992 60 50 80.30 1399029038059 1399029021741 1399029021752 1399029038081 0.99200E+03
993 60 50 80.50 1399029039048 1399029022732 1399029022743 1399029039072 0.99300E+03
994 60 50 80.80 1399029040059 1399029023744 1399029023755 1399029040084 0.99400E+03
995 60 50 80.80 1399029041051 1399029024735 1399029024746 1399029041075 0.99500E+03
996 60 50 80.90 1399029042062 1399029025745 1399029025756 1399029042085 0.99600E+03
997 60 50 80.90 1399029043052 1399029026738 1399029026750 1399029043079 0.99700E+03
998 60 50 81.00 1399029044066 1399029027749 1399029027760 1399029044089 0.99800E+03
999 60 50 81.10 1399029045056 1399029028740 1399029028750 1399029045078 0.99900E+03
1000 60 50 81.10 1399029046065 1399029029748 1399029029759 1399029046087 0.10000E+04
