0 0 100 34.00 1398760270559 1398760438132 1398760438142 1398760270590 0.10000E+01
1 20 50 34.00 1398760277179 1398760444745 1398760444756 1398760277204 0.10000E+01
3 20 50 34.00 1398760278587 1398760446158 1398760446168 1398760278616 0.30000E+01
5 20 50 34.00 1398760278737 1398760446301 1398760446312 1398760278760 0.50000E+01
7 20 50 34.00 1398760279179 1398760446747 1398760446757 1398760279205 0.70000E+01
9 20 50 34.10 1398760280179 1398760447748 1398760447759 1398760280206 0.90000E+01
11 20 50 34.00 1398760281179 1398760448748 1398760448759 1398760281207 0.11000E+02
13 20 50 34.00 1398760282180 1398760449749 1398760449759 1398760282208 0.13000E+02
15 20 50 34.10 1398760283180 1398760450746 1398760450757 1398760283205 0.15000E+02
17 20 50 34.10 1398760284180 1398760451743 1398760451754 1398760284202 0.17000E+02
19 20 50 34.10 1398760285180 1398760452743 1398760452753 1398760285201 0.19000E+02
21 20 50 34.30 1398760286180 1398760453863 1398760453873 1398760286321 0.21000E+02
23 20 50 34.30 1398760287179 1398760454862 1398760454873 1398760287321 0.23000E+02
25 20 50 34.40 1398760288179 1398760455859 1398760455870 1398760288319 0.25000E+02
27 20 50 34.40 1398760289180 1398760456744 1398760456754 1398760289201 0.27000E+02
29 20 50 34.50 1398760290179 1398760457860 1398760457870 1398760290319 0.29000E+02
31 20 50 34.50 1398760291179 1398760458744 1398760458754 1398760291202 0.31000E+02
33 20 50 34.60 1398760292180 1398760459744 1398760459754 1398760292202 0.33000E+02
35 20 50 34.60 1398760293180 1398760460744 1398760460755 1398760293203 0.35000E+02
37 20 50 34.70 1398760294180 1398760461744 1398760461755 1398760294203 0.37000E+02
39 20 50 34.70 1398760295180 1398760462743 1398760462754 1398760295202 0.39000E+02
41 20 50 34.80 1398760296180 1398760463743 1398760463754 1398760296202 0.41000E+02
43 20 50 34.80 1398760297179 1398760464743 1398760464754 1398760297202 0.43000E+02
45 20 50 34.80 1398760298179 1398760465744 1398760465755 1398760298203 0.45000E+02
47 20 50 35.00 1398760299180 1398760466743 1398760466754 1398760299202 0.47000E+02
49 20 50 35.10 1398760300180 1398760467743 1398760467754 1398760300202 0.49000E+02
51 20 50 35.10 1398760301180 1398760468743 1398760468754 1398760301202 0.51000E+02
53 20 50 35.20 1398760302180 1398760469742 1398760469753 1398760302201 0.53000E+02
55 20 50 35.20 1398760303180 1398760470744 1398760470754 1398760303202 0.55000E+02
57 20 50 35.30 1398760304180 1398760471743 1398760471753 1398760304201 0.57000E+02
59 20 50 35.20 1398760305180 1398760472743 1398760472754 1398760305202 0.59000E+02
61 20 50 35.30 1398760306180 1398760473743 1398760473753 1398760306201 0.61000E+02
63 20 50 35.40 1398760307180 1398760474746 1398760474758 1398760307206 0.63000E+02
65 20 50 35.40 1398760308179 1398760475744 1398760475755 1398760308203 0.65000E+02
67 20 50 35.40 1398760309180 1398760476743 1398760476754 1398760309202 0.67000E+02
69 20 50 35.50 1398760310180 1398760477746 1398760477756 1398760310203 0.69000E+02
71 20 50 35.50 1398760311180 1398760478744 1398760478755 1398760311203 0.71000E+02
73 20 50 35.50 1398760312180 1398760479743 1398760479754 1398760312202 0.73000E+02
75 20 50 35.70 1398760313180 1398760480742 1398760480753 1398760313201 0.75000E+02
77 20 50 35.70 1398760314180 1398760481744 1398760481755 1398760314203 0.77000E+02
79 20 50 35.80 1398760315180 1398760482743 1398760482754 1398760315202 0.79000E+02
81 20 50 35.70 1398760316180 1398760483746 1398760483757 1398760316205 0.81000E+02
83 20 50 35.80 1398760317180 1398760484743 1398760484753 1398760317201 0.83000E+02
85 20 50 35.80 1398760318180 1398760485745 1398760485755 1398760318203 0.85000E+02
87 20 50 35.90 1398760319180 1398760486743 1398760486754 1398760319202 0.87000E+02
89 20 50 35.90 1398760320180 1398760487744 1398760487755 1398760320202 0.89000E+02
91 20 50 35.90 1398760321180 1398760488744 1398760488754 1398760321202 0.91000E+02
93 20 50 36.00 1398760322180 1398760489744 1398760489755 1398760322203 0.93000E+02
95 20 50 35.90 1398760323180 1398760490744 1398760490754 1398760323202 0.95000E+02
97 20 50 35.90 1398760324179 1398760491742 1398760491753 1398760324201 0.97000E+02
99 20 50 36.10 1398760325180 1398760492743 1398760492754 1398760325201 0.99000E+02
101 20 50 36.00 1398760326180 1398760493745 1398760493755 1398760326202 0.10100E+03
103 20 50 36.00 1398760327180 1398760494744 1398760494755 1398760327203 0.10300E+03
105 20 50 36.10 1398760328180 1398760495743 1398760495754 1398760328202 0.10500E+03
107 20 50 36.00 1398760329180 1398760496743 1398760496753 1398760329200 0.10700E+03
109 20 50 36.10 1398760330180 1398760497742 1398760497753 1398760330201 0.10900E+03
111 20 50 36.10 1398760331180 1398760498743 1398760498753 1398760331201 0.11100E+03
113 20 50 36.10 1398760332179 1398760499743 1398760499753 1398760332200 0.11300E+03
115 20 50 36.20 1398760333180 1398760500748 1398760500759 1398760333207 0.11500E+03
117 20 50 36.20 1398760334180 1398760501743 1398760501753 1398760334201 0.11700E+03
119 20 50 36.10 1398760335180 1398760502743 1398760502754 1398760335202 0.11900E+03
121 20 50 36.20 1398760336180 1398760503742 1398760503753 1398760336201 0.12100E+03
123 20 50 36.20 1398760337180 1398760504742 1398760504754 1398760337201 0.12300E+03
125 20 50 36.20 1398760338180 1398760505744 1398760505755 1398760338203 0.12500E+03
127 20 50 36.20 1398760339180 1398760506745 1398760506755 1398760339203 0.12700E+03
129 20 50 36.20 1398760340180 1398760507744 1398760507755 1398760340203 0.12900E+03
131 20 50 36.20 1398760341180 1398760508744 1398760508755 1398760341203 0.13100E+03
133 20 50 36.20 1398760342180 1398760509744 1398760509754 1398760342202 0.13300E+03
135 20 50 36.20 1398760343180 1398760510744 1398760510755 1398760343202 0.13500E+03
137 20 50 36.40 1398760344180 1398760511744 1398760511756 1398760344204 0.13700E+03
139 20 50 36.40 1398760345179 1398760512744 1398760512755 1398760345203 0.13900E+03
141 20 50 36.20 1398760346180 1398760513744 1398760513755 1398760346203 0.14100E+03
143 20 50 36.40 1398760347180 1398760514744 1398760514755 1398760347203 0.14300E+03
145 20 50 36.40 1398760348180 1398760515743 1398760515754 1398760348202 0.14500E+03
147 20 50 36.40 1398760349180 1398760516744 1398760516755 1398760349203 0.14700E+03
149 20 50 36.40 1398760350180 1398760517742 1398760517753 1398760350200 0.14900E+03
151 20 50 36.40 1398760351180 1398760518744 1398760518755 1398760351203 0.15100E+03
153 20 50 36.40 1398760352180 1398760519743 1398760519753 1398760352201 0.15300E+03
155 20 50 36.50 1398760353180 1398760520746 1398760520757 1398760353204 0.15500E+03
157 20 50 36.50 1398760354180 1398760521746 1398760521757 1398760354204 0.15700E+03
159 20 50 36.50 1398760355180 1398760522743 1398760522753 1398760355201 0.15900E+03
161 20 50 36.50 1398760356180 1398760523747 1398760523759 1398760356206 0.16100E+03
163 20 50 36.70 1398760357180 1398760524743 1398760524754 1398760357202 0.16300E+03
165 20 50 36.50 1398760358180 1398760525744 1398760525755 1398760358202 0.16500E+03
167 20 50 36.50 1398760359180 1398760526744 1398760526755 1398760359202 0.16700E+03
169 20 50 36.50 1398760360180 1398760527743 1398760527754 1398760360202 0.16900E+03
171 20 50 36.50 1398760361180 1398760528746 1398760528756 1398760361204 0.17100E+03
173 20 50 36.50 1398760362180 1398760529744 1398760529755 1398760362202 0.17300E+03
175 20 50 36.50 1398760363180 1398760530743 1398760530754 1398760363201 0.17500E+03
177 20 50 36.50 1398760364180 1398760531745 1398760531756 1398760364204 0.17700E+03
179 20 50 36.50 1398760365180 1398760532744 1398760532756 1398760365203 0.17900E+03
181 20 50 36.50 1398760366180 1398760533744 1398760533755 1398760366203 0.18100E+03
183 20 50 36.50 1398760367180 1398760534744 1398760534755 1398760367203 0.18300E+03
185 20 50 36.50 1398760368180 1398760535743 1398760535754 1398760368202 0.18500E+03
187 20 50 36.50 1398760369180 1398760536743 1398760536754 1398760369201 0.18700E+03
189 20 50 36.50 1398760370180 1398760537744 1398760537755 1398760370202 0.18900E+03
191 20 50 36.50 1398760371180 1398760538743 1398760538755 1398760371203 0.19100E+03
193 20 50 36.50 1398760372180 1398760539743 1398760539754 1398760372202 0.19300E+03
195 20 50 36.50 1398760373180 1398760540744 1398760540756 1398760373203 0.19500E+03
197 20 50 36.60 1398760374180 1398760541744 1398760541755 1398760374202 0.19700E+03
199 20 50 36.60 1398760375180 1398760542744 1398760542755 1398760375202 0.19900E+03
201 19 50 36.60 1398760376180 1398760543743 1398760543754 1398760376202 0.20100E+03
203 20 50 36.60 1398760377180 1398760544743 1398760544754 1398760377201 0.20300E+03
205 21 50 36.60 1398760378180 1398760545743 1398760545753 1398760378201 0.20500E+03
207 21 50 36.60 1398760379180 1398760546744 1398760546754 1398760379202 0.20700E+03
209 22 50 36.60 1398760380180 1398760547743 1398760547753 1398760380201 0.20900E+03
211 23 50 36.60 1398760381180 1398760548743 1398760548755 1398760381202 0.21100E+03
213 23 50 36.60 1398760382180 1398760549743 1398760549755 1398760382202 0.21300E+03
215 24 50 36.50 1398760383180 1398760550744 1398760550755 1398760383202 0.21500E+03
217 24 50 36.60 1398760384180 1398760551744 1398760551754 1398760384202 0.21700E+03
219 25 50 36.90 1398760385180 1398760552743 1398760552754 1398760385201 0.21900E+03
221 25 50 36.60 1398760386180 1398760553743 1398760553755 1398760386202 0.22100E+03
223 26 50 36.60 1398760387179 1398760554744 1398760554754 1398760387201 0.22300E+03
225 26 50 36.70 1398760388180 1398760555744 1398760555754 1398760388202 0.22500E+03
227 27 50 36.60 1398760389180 1398760556743 1398760556755 1398760389202 0.22700E+03
229 27 50 36.60 1398760390180 1398760557744 1398760557754 1398760390202 0.22900E+03
231 28 50 36.70 1398760391180 1398760558744 1398760558755 1398760391202 0.23100E+03
233 28 50 36.60 1398760392180 1398760559744 1398760559755 1398760392202 0.23300E+03
235 28 50 36.70 1398760393179 1398760560743 1398760560754 1398760393201 0.23500E+03
237 29 50 36.60 1398760394180 1398760561744 1398760561755 1398760394203 0.23700E+03
239 29 50 36.70 1398760395180 1398760562744 1398760562755 1398760395202 0.23900E+03
241 29 50 36.70 1398760396180 1398760563744 1398760563755 1398760396202 0.24100E+03
243 29 50 36.70 1398760397180 1398760564743 1398760564754 1398760397202 0.24300E+03
245 29 50 36.60 1398760398180 1398760565746 1398760565757 1398760398204 0.24500E+03
247 29 50 36.80 1398760399180 1398760566744 1398760566755 1398760399202 0.24700E+03
249 29 50 36.80 1398760400180 1398760567744 1398760567755 1398760400203 0.24900E+03
251 30 50 36.80 1398760401180 1398760568745 1398760568756 1398760401203 0.25100E+03
253 29 50 36.80 1398760402180 1398760569744 1398760569755 1398760402202 0.25300E+03
255 29 50 36.90 1398760403180 1398760570744 1398760570755 1398760403202 0.25500E+03
257 29 50 36.90 1398760404180 1398760571745 1398760571756 1398760404203 0.25700E+03
259 29 50 36.90 1398760405180 1398760572745 1398760572756 1398760405204 0.25900E+03
261 29 50 37.00 1398760406180 1398760573744 1398760573755 1398760406202 0.26100E+03
263 29 50 36.90 1398760407180 1398760574744 1398760574756 1398760407203 0.26300E+03
265 29 50 37.00 1398760408180 1398760575746 1398760575757 1398760408205 0.26500E+03
267 28 50 37.00 1398760409180 1398760576743 1398760576754 1398760409201 0.26700E+03
269 28 50 36.90 1398760410180 1398760577747 1398760577758 1398760410205 0.26900E+03
271 28 50 37.00 1398760411180 1398760578744 1398760578754 1398760411201 0.27100E+03
273 27 50 37.00 1398760412180 1398760579743 1398760579754 1398760412202 0.27300E+03
275 27 50 37.00 1398760413180 1398760580744 1398760580755 1398760413202 0.27500E+03
277 26 50 37.20 1398760414180 1398760581744 1398760581754 1398760414202 0.27700E+03
279 26 50 37.00 1398760415180 1398760582745 1398760582756 1398760415203 0.27900E+03
281 25 50 37.20 1398760416180 1398760583744 1398760583754 1398760416202 0.28100E+03
283 25 50 37.20 1398760417180 1398760584744 1398760584755 1398760417203 0.28300E+03
285 24 50 37.20 1398760418180 1398760585744 1398760585756 1398760418203 0.28500E+03
287 24 50 37.20 1398760419180 1398760586744 1398760586755 1398760419202 0.28700E+03
289 23 50 37.20 1398760420179 1398760587744 1398760587756 1398760420203 0.28900E+03
291 23 50 37.30 1398760421180 1398760588744 1398760588754 1398760421201 0.29100E+03
293 22 50 37.30 1398760422180 1398760589745 1398760589756 1398760422203 0.29300E+03
295 21 50 37.20 1398760423180 1398760590744 1398760590755 1398760423202 0.29500E+03
297 21 50 37.20 1398760424180 1398760591743 1398760591754 1398760424201 0.29700E+03
299 20 50 37.20 1398760425180 1398760592744 1398760592755 1398760425202 0.29900E+03
301 20 50 37.20 1398760426180 1398760593745 1398760593755 1398760426203 0.30100E+03
303 19 50 37.30 1398760427180 1398760594745 1398760594756 1398760427204 0.30300E+03
305 18 50 37.30 1398760428180 1398760595743 1398760595754 1398760428201 0.30500E+03
307 18 50 37.20 1398760429180 1398760596748 1398760596759 1398760429206 0.30700E+03
309 17 50 37.20 1398760430180 1398760597744 1398760597755 1398760430203 0.30900E+03
311 16 50 37.20 1398760431180 1398760598743 1398760598754 1398760431202 0.31100E+03
313 16 50 37.20 1398760432180 1398760599744 1398760599755 1398760432202 0.31300E+03
315 15 50 37.20 1398760433180 1398760600745 1398760600756 1398760433203 0.31500E+03
317 15 50 37.20 1398760434180 1398760601743 1398760601754 1398760434202 0.31700E+03
319 14 50 37.00 1398760435180 1398760602744 1398760602755 1398760435202 0.31900E+03
321 14 50 37.20 1398760436180 1398760603744 1398760603755 1398760436202 0.32100E+03
323 13 50 37.00 1398760437180 1398760604746 1398760604757 1398760437205 0.32300E+03
325 13 50 37.00 1398760438180 1398760605745 1398760605756 1398760438204 0.32500E+03
327 12 50 37.00 1398760439180 1398760606744 1398760606756 1398760439204 0.32700E+03
329 12 50 37.00 1398760440180 1398760607745 1398760607755 1398760440203 0.32900E+03
331 11 50 36.90 1398760441180 1398760608768 1398760608780 1398760441227 0.33100E+03
333 11 50 36.90 1398760442180 1398760609746 1398760609757 1398760442205 0.33300E+03
335 11 50 36.90 1398760443180 1398760610746 1398760610757 1398760443204 0.33500E+03
337 10 50 36.90 1398760444180 1398760611745 1398760611755 1398760444202 0.33700E+03
339 10 50 36.90 1398760445180 1398760612745 1398760612756 1398760445203 0.33900E+03
341 10 50 36.80 1398760446180 1398760613743 1398760613754 1398760446202 0.34100E+03
343 10 50 36.80 1398760447180 1398760614743 1398760614754 1398760447201 0.34300E+03
345 10 50 36.80 1398760448179 1398760615742 1398760615753 1398760448200 0.34500E+03
347 10 50 36.70 1398760449180 1398760616744 1398760616755 1398760449202 0.34700E+03
349 10 50 36.70 1398760450180 1398760617744 1398760617755 1398760450202 0.34900E+03
351 10 50 36.70 1398760451180 1398760618743 1398760618753 1398760451201 0.35100E+03
353 10 50 36.60 1398760452180 1398760619744 1398760619756 1398760452203 0.35300E+03
355 10 50 36.70 1398760453180 1398760620743 1398760620753 1398760453201 0.35500E+03
357 10 50 36.50 1398760454180 1398760621743 1398760621754 1398760454201 0.35700E+03
359 10 50 36.50 1398760455180 1398760622745 1398760622756 1398760455203 0.35900E+03
361 10 50 36.50 1398760456180 1398760623744 1398760623755 1398760456202 0.36100E+03
363 10 50 36.50 1398760457180 1398760624746 1398760624756 1398760457203 0.36300E+03
365 10 50 36.40 1398760458180 1398760625869 1398760625879 1398760458326 0.36500E+03
367 11 50 36.50 1398760459180 1398760626744 1398760626754 1398760459201 0.36700E+03
369 11 50 36.40 1398760460180 1398760627744 1398760627754 1398760460204 0.36900E+03
371 11 50 36.20 1398760461180 1398760628744 1398760628755 1398760461202 0.37100E+03
373 12 50 36.20 1398760462180 1398760629744 1398760629755 1398760462202 0.37300E+03
375 12 50 36.20 1398760463180 1398760630745 1398760630755 1398760463202 0.37500E+03
377 13 50 36.10 1398760464180 1398760631748 1398760631758 1398760464205 0.37700E+03
379 13 50 36.10 1398760465180 1398760632744 1398760632755 1398760465202 0.37900E+03
381 14 50 36.10 1398760466180 1398760633744 1398760633755 1398760466203 0.38100E+03
383 14 50 36.10 1398760467180 1398760634746 1398760634756 1398760467203 0.38300E+03
385 15 50 36.10 1398760468180 1398760635744 1398760635755 1398760468202 0.38500E+03
387 15 50 35.90 1398760469180 1398760636744 1398760636754 1398760469201 0.38700E+03
389 16 50 36.00 1398760470180 1398760637744 1398760637755 1398760470202 0.38900E+03
391 16 50 36.10 1398760471180 1398760638747 1398760638757 1398760471204 0.39100E+03
393 17 50 36.10 1398760472180 1398760639745 1398760639756 1398760472203 0.39300E+03
395 18 50 36.00 1398760473180 1398760640745 1398760640756 1398760473203 0.39500E+03
397 18 50 36.00 1398760474180 1398760641744 1398760641756 1398760474203 0.39700E+03
399 19 50 36.00 1398760475180 1398760642745 1398760642757 1398760475204 0.39900E+03
401 19 50 36.00 1398760476180 1398760643745 1398760643755 1398760476202 0.40100E+03
403 20 50 36.00 1398760477180 1398760644744 1398760644755 1398760477202 0.40300E+03
405 21 50 36.00 1398760478180 1398760645776 1398760645788 1398760478235 0.40500E+03
407 21 50 36.00 1398760479180 1398760646745 1398760646756 1398760479202 0.40700E+03
409 22 50 36.00 1398760480180 1398760647745 1398760647756 1398760480203 0.40900E+03
411 23 50 36.10 1398760481180 1398760648745 1398760648756 1398760481203 0.41100E+03
413 23 50 36.00 1398760482180 1398760649744 1398760649754 1398760482201 0.41300E+03
415 24 50 36.10 1398760483180 1398760650743 1398760650754 1398760483201 0.41500E+03
417 24 50 36.10 1398760484180 1398760651745 1398760651756 1398760484202 0.41700E+03
419 25 50 36.00 1398760485180 1398760652745 1398760652756 1398760485203 0.41900E+03
421 25 50 36.00 1398760486180 1398760653743 1398760653755 1398760486202 0.42100E+03
423 26 50 36.10 1398760487180 1398760654745 1398760654755 1398760487203 0.42300E+03
425 26 50 36.10 1398760488180 1398760655744 1398760655755 1398760488202 0.42500E+03
427 27 50 36.10 1398760489180 1398760656745 1398760656755 1398760489202 0.42700E+03
429 27 50 36.10 1398760490180 1398760657744 1398760657756 1398760490203 0.42900E+03
431 28 50 36.20 1398760491180 1398760658743 1398760658754 1398760491201 0.43100E+03
433 28 50 36.20 1398760492180 1398760659760 1398760659770 1398760492217 0.43300E+03
435 28 50 36.20 1398760493180 1398760660744 1398760660755 1398760493202 0.43500E+03
437 29 50 36.20 1398760494180 1398760661744 1398760661755 1398760494202 0.43700E+03
439 29 50 37.90 1398760753974 1398760921540 1398760921550 1398760753997 0.43900E+03
441 29 50 37.90 1398760754974 1398760922539 1398760922551 1398760754997 0.44100E+03
443 29 50 37.70 1398760755974 1398760923540 1398760923550 1398760755996 0.44300E+03
445 29 50 37.70 1398760756974 1398760924538 1398760924549 1398760756996 0.44500E+03
447 29 50 37.90 1398760757974 1398760925539 1398760925550 1398760757997 0.44700E+03
449 29 50 37.70 1398760758974 1398760926656 1398760926667 1398760759114 0.44900E+03
451 30 50 37.90 1398760759974 1398760927539 1398760927550 1398760759996 0.45100E+03
453 29 50 37.70 1398760760974 1398760928657 1398760928668 1398760761115 0.45300E+03
455 29 50 37.70 1398760761974 1398760929655 1398760929667 1398760762113 0.45500E+03
457 29 50 37.90 1398760762974 1398760930539 1398760930550 1398760762997 0.45700E+03
459 29 50 37.90 1398760763975 1398760931540 1398760931550 1398760763997 0.45900E+03
461 29 50 37.90 1398760764974 1398760932539 1398760932550 1398760764997 0.46100E+03
463 29 50 37.90 1398760765974 1398760933539 1398760933549 1398760765996 0.46300E+03
465 29 50 37.70 1398760766974 1398760934539 1398760934550 1398760766996 0.46500E+03
467 28 50 37.90 1398760767974 1398760935539 1398760935550 1398760767996 0.46700E+03
469 28 50 37.70 1398760768974 1398760936539 1398760936551 1398760768997 0.46900E+03
471 28 50 37.90 1398760769975 1398760937545 1398760937556 1398760770002 0.47100E+03
473 27 50 37.90 1398760770975 1398760938540 1398760938551 1398760770997 0.47300E+03
475 27 50 37.90 1398760771975 1398760939540 1398760939550 1398760771997 0.47500E+03
477 26 50 37.70 1398760772974 1398760940539 1398760940551 1398760772997 0.47700E+03
479 26 50 37.90 1398760773974 1398760941539 1398760941549 1398760773995 0.47900E+03
481 25 50 37.70 1398760774975 1398760942540 1398760942552 1398760774998 0.48100E+03
483 25 50 37.90 1398760775975 1398760943540 1398760943551 1398760775997 0.48300E+03
485 24 50 37.90 1398760776974 1398760944540 1398760944551 1398760776998 0.48500E+03
487 24 50 37.70 1398760777975 1398760945539 1398760945550 1398760777996 0.48700E+03
489 23 50 37.70 1398760778974 1398760946540 1398760946551 1398760778998 0.48900E+03
491 23 50 37.70 1398760779974 1398760947542 1398760947553 1398760779999 0.49100E+03
493 22 50 37.70 1398760780974 1398760948539 1398760948550 1398760780996 0.49300E+03
495 21 50 37.70 1398760781975 1398760949541 1398760949551 1398760781997 0.49500E+03
497 21 50 37.70 1398760782975 1398760950540 1398760950551 1398760782997 0.49700E+03
499 20 50 37.70 1398760783974 1398760951540 1398760951551 1398760783998 0.49900E+03
501 20 50 37.70 1398760784974 1398760952539 1398760952550 1398760784996 0.50100E+03
503 19 50 37.70 1398760785974 1398760953541 1398760953551 1398760785998 0.50300E+03
505 18 50 37.70 1398760786975 1398760954542 1398760954552 1398760786999 0.50500E+03
507 18 50 37.70 1398760787974 1398760955539 1398760955550 1398760787996 0.50700E+03
509 17 50 37.60 1398760788974 1398760956540 1398760956550 1398760788997 0.50900E+03
511 16 50 37.60 1398760789975 1398760957540 1398760957551 1398760789998 0.51100E+03
513 16 50 37.60 1398760790975 1398760958539 1398760958550 1398760790996 0.51300E+03
515 15 50 37.60 1398760791975 1398760959540 1398760959551 1398760791998 0.51500E+03
517 15 50 37.60 1398760792974 1398760960540 1398760960550 1398760792997 0.51700E+03
519 14 50 37.50 1398760793975 1398760961541 1398760961551 1398760793997 0.51900E+03
521 14 50 37.50 1398760794974 1398760962540 1398760962551 1398760794998 0.52100E+03
523 13 50 37.50 1398760795974 1398760963539 1398760963550 1398760795996 0.52300E+03
525 13 50 37.50 1398760796974 1398760964540 1398760964550 1398760796996 0.52500E+03
527 12 50 37.50 1398760797974 1398760965539 1398760965549 1398760797995 0.52700E+03
529 12 50 37.40 1398760798974 1398760966541 1398760966551 1398760798997 0.52900E+03
531 11 50 37.30 1398760799974 1398760967541 1398760967551 1398760799998 0.53100E+03
533 11 50 37.30 1398760800975 1398760968541 1398760968551 1398760800998 0.53300E+03
535 11 50 37.30 1398760801975 1398760969540 1398760969550 1398760801997 0.53500E+03
537 10 50 37.30 1398760802974 1398760970539 1398760970550 1398760802996 0.53700E+03
539 10 50 37.20 1398760803974 1398760971540 1398760971551 1398760803997 0.53900E+03
541 10 50 37.00 1398760804974 1398760972540 1398760972550 1398760804997 0.54100E+03
543 10 50 37.20 1398760805975 1398760973541 1398760973552 1398760805998 0.54300E+03
545 10 50 37.00 1398760806974 1398760974539 1398760974550 1398760806997 0.54500E+03
547 10 50 36.90 1398760807974 1398760975540 1398760975551 1398760807998 0.54700E+03
549 10 50 36.90 1398760808975 1398760976543 1398760976554 1398760809001 0.54900E+03
551 10 50 36.90 1398760809974 1398760977541 1398760977551 1398760809998 0.55100E+03
553 10 50 36.90 1398760810976 1398760978542 1398760978554 1398760811001 0.55300E+03
555 10 50 36.80 1398760811975 1398760979540 1398760979551 1398760811998 0.55500E+03
557 10 50 35.40 1398761125888 1398761293454 1398761293465 1398761125911 0.55700E+03
559 10 50 35.50 1398761126888 1398761294453 1398761294464 1398761126911 0.55900E+03
561 10 50 35.40 1398761127889 1398761295455 1398761295465 1398761127912 0.56100E+03
563 10 50 35.50 1398761128889 1398761296454 1398761296464 1398761128910 0.56300E+03
565 10 50 35.40 1398761129889 1398761297453 1398761297464 1398761129910 0.56500E+03
567 11 50 35.40 1398761130888 1398761298454 1398761298465 1398761130911 0.56700E+03
569 11 50 35.40 1398761131888 1398761299453 1398761299463 1398761131910 0.56900E+03
571 11 50 35.50 1398761132888 1398761300455 1398761300466 1398761132912 0.57100E+03
573 12 50 35.50 1398761133889 1398761301456 1398761301467 1398761133913 0.57300E+03
575 12 50 35.40 1398761134888 1398761302455 1398761302465 1398761134911 0.57500E+03
577 13 50 35.50 1398761135888 1398761303573 1398761303583 1398761136029 0.57700E+03
579 13 50 35.50 1398761136888 1398761304571 1398761304582 1398761137029 0.57900E+03
581 14 50 35.40 1398761137888 1398761305568 1398761305579 1398761138026 0.58100E+03
583 14 50 35.50 1398761138889 1398761306461 1398761306472 1398761138919 0.58300E+03
585 15 50 35.50 1398761139888 1398761307454 1398761307465 1398761139911 0.58500E+03
587 15 50 35.50 1398761140888 1398761308465 1398761308476 1398761140922 0.58700E+03
589 16 50 35.50 1398761141888 1398761309454 1398761309466 1398761141912 0.58900E+03
591 16 50 35.50 1398761142889 1398761310458 1398761310469 1398761142916 0.59100E+03
593 17 50 35.40 1398761143889 1398761311455 1398761311466 1398761143912 0.59300E+03
595 18 50 35.50 1398761144888 1398761312573 1398761312583 1398761145029 0.59500E+03
597 18 50 35.50 1398761145889 1398761313454 1398761313466 1398761145912 0.59700E+03
599 19 50 35.50 1398761146888 1398761314574 1398761314584 1398761147031 0.59900E+03
601 19 50 35.70 1398761147889 1398761315456 1398761315468 1398761147914 0.60100E+03
603 20 50 35.50 1398761148889 1398761316459 1398761316470 1398761148918 0.60300E+03
605 21 50 35.50 1398761149888 1398761317454 1398761317464 1398761149911 0.60500E+03
607 21 50 35.70 1398761150888 1398761318454 1398761318464 1398761150911 0.60700E+03
609 22 50 35.50 1398761151888 1398761319454 1398761319465 1398761151912 0.60900E+03
611 22 50 35.50 1398761152888 1398761320454 1398761320465 1398761152911 0.61100E+03
613 23 50 35.70 1398761153889 1398761321455 1398761321465 1398761153912 0.61300E+03
615 24 50 35.70 1398761154888 1398761322455 1398761322466 1398761154913 0.61500E+03
617 24 50 35.70 1398761155888 1398761323453 1398761323463 1398761155910 0.61700E+03
619 25 50 35.80 1398761156888 1398761324453 1398761324464 1398761156911 0.61900E+03
621 25 50 35.70 1398761157889 1398761325454 1398761325464 1398761157911 0.62100E+03
623 26 50 35.90 1398761158888 1398761326454 1398761326465 1398761158911 0.62300E+03
625 26 50 35.80 1398761159888 1398761327454 1398761327465 1398761159911 0.62500E+03
627 27 50 35.90 1398761160889 1398761328455 1398761328466 1398761160912 0.62700E+03
629 27 50 35.90 1398761161888 1398761329454 1398761329465 1398761161911 0.62900E+03
631 28 50 35.90 1398761162888 1398761330455 1398761330465 1398761162912 0.63100E+03
633 28 50 36.00 1398761163889 1398761331454 1398761331465 1398761163912 0.63300E+03
635 28 50 36.00 1398761164888 1398761332457 1398761332467 1398761164914 0.63500E+03
637 29 50 36.00 1398761165889 1398761333455 1398761333465 1398761165912 0.63700E+03
639 29 50 36.00 1398761166888 1398761334453 1398761334464 1398761166910 0.63900E+03
641 29 50 36.10 1398761167888 1398761335454 1398761335465 1398761167911 0.64100E+03
643 29 50 36.10 1398761168889 1398761336455 1398761336466 1398761168912 0.64300E+03
645 29 50 36.20 1398761169889 1398761337455 1398761337465 1398761169912 0.64500E+03
647 29 50 36.20 1398761170888 1398761338454 1398761338466 1398761170912 0.64700E+03
649 29 50 36.20 1398761171888 1398761339454 1398761339465 1398761171911 0.64900E+03
651 29 50 36.40 1398761172888 1398761340455 1398761340466 1398761172912 0.65100E+03
653 29 50 36.40 1398761173888 1398761341453 1398761341464 1398761173911 0.65300E+03
655 29 50 36.40 1398761174888 1398761342456 1398761342467 1398761174913 0.65500E+03
657 29 50 36.50 1398761175889 1398761343454 1398761343465 1398761175912 0.65700E+03
659 29 50 36.50 1398761176888 1398761344456 1398761344466 1398761176913 0.65900E+03
661 29 50 36.50 1398761177889 1398761345454 1398761345464 1398761177911 0.66100E+03
663 29 50 36.60 1398761178888 1398761346456 1398761346467 1398761178913 0.66300E+03
665 29 50 36.60 1398761179888 1398761347461 1398761347472 1398761179920 0.66500E+03
667 28 50 36.70 1398761180888 1398761348453 1398761348464 1398761180910 0.66700E+03
669 28 50 36.70 1398761181889 1398761349455 1398761349465 1398761181912 0.66900E+03
671 28 50 36.80 1398761182889 1398761350454 1398761350465 1398761182911 0.67100E+03
673 27 50 36.70 1398761183889 1398761351453 1398761351464 1398761183911 0.67300E+03
675 27 50 36.80 1398761184889 1398761352457 1398761352469 1398761184915 0.67500E+03
677 26 50 36.80 1398761185889 1398761353454 1398761353465 1398761185911 0.67700E+03
679 26 50 36.90 1398761186888 1398761354453 1398761354464 1398761186910 0.67900E+03
681 25 50 36.90 1398761187888 1398761355454 1398761355465 1398761187912 0.68100E+03
683 25 50 36.90 1398761188889 1398761356457 1398761356467 1398761188913 0.68300E+03
685 24 50 36.90 1398761189889 1398761357454 1398761357466 1398761189912 0.68500E+03
687 24 50 36.90 1398761190889 1398761358455 1398761358466 1398761190912 0.68700E+03
689 23 50 37.00 1398761191889 1398761359464 1398761359475 1398761191921 0.68900E+03
691 23 50 37.00 1398761192888 1398761360453 1398761360464 1398761192910 0.69100E+03
693 22 50 36.90 1398761193889 1398761361454 1398761361465 1398761193911 0.69300E+03
695 21 50 37.00 1398761194888 1398761362454 1398761362465 1398761194911 0.69500E+03
697 21 50 37.00 1398761195888 1398761363454 1398761363466 1398761195912 0.69700E+03
699 20 50 37.00 1398761196889 1398761364455 1398761364466 1398761196913 0.69900E+03
701 20 50 37.00 1398761197889 1398761365455 1398761365465 1398761197912 0.70100E+03
703 19 50 37.00 1398761198888 1398761366454 1398761366465 1398761198911 0.70300E+03
705 18 50 37.00 1398761199889 1398761367456 1398761367466 1398761199912 0.70500E+03
707 18 50 37.00 1398761200888 1398761368455 1398761368467 1398761200914 0.70700E+03
709 17 50 37.00 1398761201888 1398761369453 1398761369464 1398761201910 0.70900E+03
711 17 50 37.00 1398761202889 1398761370454 1398761370464 1398761202911 0.71100E+03
713 16 50 37.00 1398761203889 1398761371454 1398761371465 1398761203911 0.71300E+03
715 15 50 37.00 1398761204888 1398761372455 1398761372465 1398761204911 0.71500E+03
717 15 50 37.20 1398761205889 1398761373454 1398761373466 1398761205912 0.71700E+03
719 14 50 37.00 1398761206889 1398761374454 1398761374465 1398761206912 0.71900E+03
721 14 50 37.00 1398761207888 1398761375454 1398761375464 1398761207910 0.72100E+03
723 13 50 37.00 1398761208888 1398761376453 1398761376464 1398761208910 0.72300E+03
725 13 50 37.00 1398761209888 1398761377454 1398761377465 1398761209911 0.72500E+03
727 12 50 36.90 1398761210888 1398761378454 1398761378465 1398761210911 0.72700E+03
729 12 50 36.90 1398761211889 1398761379454 1398761379465 1398761211911 0.72900E+03
731 11 50 36.90 1398761212888 1398761380455 1398761380467 1398761212913 0.73100E+03
733 11 50 36.80 1398761213888 1398761381457 1398761381468 1398761213914 0.73300E+03
735 11 50 36.80 1398761214888 1398761382454 1398761382464 1398761214910 0.73500E+03
737 11 50 36.80 1398761215888 1398761383456 1398761383467 1398761215914 0.73700E+03
739 10 50 36.80 1398761216889 1398761384457 1398761384468 1398761216914 0.73900E+03
741 10 50 36.70 1398761217888 1398761385454 1398761385465 1398761217912 0.74100E+03
743 10 50 36.70 1398761218889 1398761386455 1398761386467 1398761218913 0.74300E+03
745 10 50 36.70 1398761219889 1398761387454 1398761387466 1398761219912 0.74500E+03
747 10 50 36.60 1398761220888 1398761388454 1398761388465 1398761220912 0.74700E+03
749 10 50 36.60 1398761221888 1398761389454 1398761389464 1398761221910 0.74900E+03
751 10 50 36.70 1398761222888 1398761390453 1398761390464 1398761222910 0.75100E+03
753 10 50 36.60 1398761223888 1398761391454 1398761391464 1398761223910 0.75300E+03
755 10 50 36.50 1398761224888 1398761392454 1398761392465 1398761224912 0.75500E+03
757 10 50 36.50 1398761225889 1398761393455 1398761393466 1398761225912 0.75700E+03
759 10 50 36.60 1398761226888 1398761394453 1398761394464 1398761226911 0.75900E+03
761 10 50 36.60 1398761227889 1398761395454 1398761395465 1398761227912 0.76100E+03
763 10 50 36.50 1398761228889 1398761396455 1398761396465 1398761228911 0.76300E+03
765 10 50 36.50 1398761229889 1398761397454 1398761397465 1398761229911 0.76500E+03
767 11 50 36.50 1398761230888 1398761398454 1398761398466 1398761230912 0.76700E+03
769 11 50 36.40 1398761231888 1398761399454 1398761399464 1398761231910 0.76900E+03
771 11 50 36.40 1398761232889 1398761400457 1398761400467 1398761232913 0.77100E+03
773 12 50 36.40 1398761233888 1398761401454 1398761401464 1398761233910 0.77300E+03
775 12 50 36.20 1398761234889 1398761402453 1398761402464 1398761234910 0.77500E+03
777 13 50 36.20 1398761235888 1398761403454 1398761403464 1398761235910 0.77700E+03
779 13 50 36.20 1398761236888 1398761404455 1398761404466 1398761236912 0.77900E+03
781 14 50 36.10 1398761237889 1398761405454 1398761405465 1398761237911 0.78100E+03
783 14 50 36.10 1398761238889 1398761406455 1398761406466 1398761238912 0.78300E+03
785 15 50 36.10 1398761239888 1398761407453 1398761407464 1398761239911 0.78500E+03
787 15 50 36.10 1398761240888 1398761408454 1398761408465 1398761240912 0.78700E+03
789 16 50 36.10 1398761241888 1398761409454 1398761409464 1398761241911 0.78900E+03
791 16 50 36.10 1398761242889 1398761410455 1398761410465 1398761242911 0.79100E+03
793 17 50 36.10 1398761243888 1398761411454 1398761411464 1398761243911 0.79300E+03
795 18 50 36.00 1398761244889 1398761412455 1398761412465 1398761244911 0.79500E+03
797 18 50 36.00 1398761245888 1398761413455 1398761413466 1398761245912 0.79700E+03
799 19 50 36.00 1398761246888 1398761414456 1398761414466 1398761246912 0.79900E+03
801 19 50 36.00 1398761247888 1398761415454 1398761415466 1398761247912 0.80100E+03
803 20 50 36.00 1398761248889 1398761416457 1398761416468 1398761248914 0.80300E+03
805 21 50 36.10 1398761249888 1398761417457 1398761417467 1398761249913 0.80500E+03
807 21 50 36.00 1398761250888 1398761418454 1398761418465 1398761250911 0.80700E+03
809 22 50 36.00 1398761251889 1398761419454 1398761419465 1398761251911 0.80900E+03
811 22 50 36.20 1398761252889 1398761420455 1398761420466 1398761252912 0.81100E+03
813 23 50 36.00 1398761253889 1398761421455 1398761421466 1398761253912 0.81300E+03
815 24 50 36.00 1398761254889 1398761422455 1398761422466 1398761254912 0.81500E+03
817 24 50 36.00 1398761255889 1398761423456 1398761423467 1398761255913 0.81700E+03
819 25 50 36.10 1398761256888 1398761424456 1398761424466 1398761256913 0.81900E+03
821 25 50 36.00 1398761257888 1398761425454 1398761425466 1398761257912 0.82100E+03
823 26 50 36.10 1398761258889 1398761426453 1398761426463 1398761258909 0.82300E+03
825 26 50 36.00 1398761259889 1398761427454 1398761427465 1398761259912 0.82500E+03
827 27 50 36.20 1398761260889 1398761428454 1398761428465 1398761260911 0.82700E+03
829 27 50 36.10 1398761261889 1398761429453 1398761429465 1398761261911 0.82900E+03
831 28 50 36.10 1398761262889 1398761430454 1398761430465 1398761262912 0.83100E+03
833 28 50 36.10 1398761263888 1398761431454 1398761431464 1398761263910 0.83300E+03
835 28 50 36.20 1398761264889 1398761432454 1398761432465 1398761264911 0.83500E+03
837 28 50 36.20 1398761265889 1398761433454 1398761433465 1398761265912 0.83700E+03
839 29 50 36.20 1398761266889 1398761434454 1398761434465 1398761266911 0.83900E+03
841 29 50 36.40 1398761267889 1398761435454 1398761435465 1398761267911 0.84100E+03
843 29 50 36.50 1398761268889 1398761436454 1398761436464 1398761268911 0.84300E+03
845 29 50 36.40 1398761269888 1398761437454 1398761437465 1398761269911 0.84500E+03
847 29 50 36.50 1398761270889 1398761438455 1398761438466 1398761270912 0.84700E+03
849 29 50 36.50 1398761271888 1398761439455 1398761439465 1398761271911 0.84900E+03
851 29 50 36.50 1398761272889 1398761440454 1398761440464 1398761272910 0.85100E+03
853 29 50 36.60 1398761273888 1398761441453 1398761441464 1398761273911 0.85300E+03
855 29 50 36.60 1398761274889 1398761442454 1398761442464 1398761274911 0.85500E+03
857 29 50 36.60 1398761275888 1398761443454 1398761443466 1398761275912 0.85700E+03
859 29 50 36.60 1398761276888 1398761444454 1398761444465 1398761276911 0.85900E+03
861 29 50 36.70 1398761277889 1398761445456 1398761445467 1398761277913 0.86100E+03
863 29 50 36.70 1398761278888 1398761446453 1398761446464 1398761278910 0.86300E+03
865 29 50 36.80 1398761279888 1398761447454 1398761447465 1398761279912 0.86500E+03
867 28 50 36.70 1398761280889 1398761448454 1398761448465 1398761280911 0.86700E+03
869 28 50 36.80 1398761281889 1398761449454 1398761449465 1398761281911 0.86900E+03
871 28 50 36.90 1398761282888 1398761450455 1398761450465 1398761282912 0.87100E+03
873 27 50 36.80 1398761283888 1398761451454 1398761451465 1398761283911 0.87300E+03
875 27 50 37.00 1398761284888 1398761452456 1398761452467 1398761284913 0.87500E+03
877 26 50 36.90 1398761285889 1398761453454 1398761453464 1398761285911 0.87700E+03
879 26 50 36.90 1398761286888 1398761454454 1398761454464 1398761286911 0.87900E+03
881 25 50 37.00 1398761287888 1398761455454 1398761455465 1398761287911 0.88100E+03
883 25 50 37.00 1398761288888 1398761456455 1398761456466 1398761288912 0.88300E+03
885 24 50 37.20 1398761289889 1398761457456 1398761457467 1398761289913 0.88500E+03
887 24 50 37.20 1398761290889 1398761458454 1398761458465 1398761290912 0.88700E+03
889 23 50 37.20 1398761291889 1398761459454 1398761459465 1398761291911 0.88900E+03
891 23 50 37.20 1398761292888 1398761460457 1398761460467 1398761292914 0.89100E+03
893 22 50 37.20 1398761293888 1398761461454 1398761461465 1398761293911 0.89300E+03
895 22 50 37.00 1398761294889 1398761462454 1398761462465 1398761294911 0.89500E+03
897 21 50 37.20 1398761295888 1398761463454 1398761463464 1398761295910 0.89700E+03
899 20 50 37.20 1398761296889 1398761464453 1398761464464 1398761296910 0.89900E+03
901 20 50 37.20 1398761297888 1398761465459 1398761465470 1398761297916 0.90100E+03
903 19 50 37.20 1398761298889 1398761466454 1398761466466 1398761298912 0.90300E+03
905 18 50 37.20 1398761299889 1398761467454 1398761467464 1398761299911 0.90500E+03
907 18 50 37.30 1398761300889 1398761468454 1398761468465 1398761300911 0.90700E+03
909 17 50 37.20 1398761301888 1398761469454 1398761469464 1398761301910 0.90900E+03
911 17 50 37.30 1398761302889 1398761470455 1398761470466 1398761302913 0.91100E+03
913 16 50 37.20 1398761303888 1398761471456 1398761471466 1398761303913 0.91300E+03
915 15 50 37.20 1398761304889 1398761472454 1398761472465 1398761304911 0.91500E+03
917 15 50 37.20 1398761305889 1398761473455 1398761473466 1398761305912 0.91700E+03
919 14 50 37.20 1398761306889 1398761474456 1398761474467 1398761306913 0.91900E+03
921 14 50 37.20 1398761307889 1398761475454 1398761475466 1398761307912 0.92100E+03
923 13 50 37.20 1398761308889 1398761476454 1398761476464 1398761308910 0.92300E+03
925 13 50 37.00 1398761309889 1398761477455 1398761477466 1398761309912 0.92500E+03
927 12 50 37.00 1398761310889 1398761478454 1398761478465 1398761310912 0.92700E+03
929 12 50 37.00 1398761311889 1398761479455 1398761479466 1398761311913 0.92900E+03
931 11 50 37.00 1398761312889 1398761480455 1398761480466 1398761312913 0.93100E+03
933 11 50 36.90 1398761313888 1398761481454 1398761481465 1398761313911 0.93300E+03
935 11 50 36.90 1398761314889 1398761482456 1398761482467 1398761314913 0.93500E+03
937 11 50 36.90 1398761315889 1398761483459 1398761483469 1398761315916 0.93700E+03
939 10 50 36.80 1398761316888 1398761484456 1398761484466 1398761316912 0.93900E+03
941 10 50 36.80 1398761317888 1398761485456 1398761485466 1398761317913 0.94100E+03
943 10 50 36.80 1398761318888 1398761486454 1398761486465 1398761318912 0.94300E+03
945 10 50 36.80 1398761319889 1398761487453 1398761487464 1398761319910 0.94500E+03
947 10 50 36.70 1398761320889 1398761488454 1398761488465 1398761320911 0.94700E+03
949 10 50 36.70 1398761321888 1398761489461 1398761489472 1398761321919 0.94900E+03
951 10 50 36.70 1398761322889 1398761490456 1398761490467 1398761322913 0.95100E+03
953 10 50 36.60 1398761323889 1398761491467 1398761491477 1398761323926 0.95300E+03
955 10 50 36.60 1398761324889 1398761492461 1398761492471 1398761324917 0.95500E+03
957 10 50 36.60 1398761325889 1398761493454 1398761493465 1398761325911 0.95700E+03
959 10 50 36.50 1398761326889 1398761494455 1398761494466 1398761326912 0.95900E+03
961 10 50 36.50 1398761327888 1398761495454 1398761495465 1398761327911 0.96100E+03
963 10 50 36.40 1398761328889 1398761496455 1398761496466 1398761328912 0.96300E+03
965 10 50 36.40 1398761329889 1398761497464 1398761497474 1398761329921 0.96500E+03
967 11 50 36.40 1398761330889 1398761498454 1398761498466 1398761330912 0.96700E+03
969 11 50 36.40 1398761331889 1398761499456 1398761499467 1398761331913 0.96900E+03
971 11 50 36.40 1398761332888 1398761500455 1398761500465 1398761332911 0.97100E+03
973 12 50 36.20 1398761333889 1398761501456 1398761501467 1398761333913 0.97300E+03
975 12 50 36.20 1398761334889 1398761502461 1398761502472 1398761334918 0.97500E+03
977 13 50 36.20 1398761335889 1398761503458 1398761503468 1398761335915 0.97700E+03
979 13 50 36.10 1398761336889 1398761504454 1398761504464 1398761336910 0.97900E+03
981 13 50 36.10 1398761337888 1398761505454 1398761505465 1398761337911 0.98100E+03
983 14 50 36.10 1398761338889 1398761506455 1398761506467 1398761338913 0.98300E+03
985 15 50 36.10 1398761339888 1398761507453 1398761507463 1398761339909 0.98500E+03
987 15 50 36.00 1398761340889 1398761508456 1398761508467 1398761340913 0.98700E+03
989 16 50 36.10 1398761341890 1398761509457 1398761509468 1398761341914 0.98900E+03
991 16 50 36.00 1398761342889 1398761510459 1398761510470 1398761342916 0.99100E+03
993 17 50 36.10 1398761343889 1398761511453 1398761511464 1398761343910 0.99300E+03
995 17 50 36.00 1398761344889 1398761512457 1398761512467 1398761344913 0.99500E+03
997 18 50 36.00 1398761345889 1398761513459 1398761513469 1398761345916 0.99700E+03
999 19 50 36.00 1398761346888 1398761514455 1398761514466 1398761346912 0.99900E+03
1001 19 50 36.00 1398761347888 1398761515454 1398761515465 1398761347911 0.10010E+04
1003 20 50 36.00 1398761348889 1398761516455 1398761516467 1398761348913 0.10030E+04
1005 21 50 36.00 1398761349889 1398761517455 1398761517466 1398761349912 0.10050E+04
1007 21 50 36.00 1398761350889 1398761518453 1398761518464 1398761350910 0.10070E+04
1009 22 50 35.90 1398761351889 1398761519454 1398761519465 1398761351911 0.10090E+04
1011 22 50 36.10 1398761352953 1398761520521 1398761520532 1398761352978 0.10110E+04
1013 23 50 36.10 1398761353889 1398761521454 1398761521465 1398761353911 0.10130E+04
1015 24 50 36.00 1398761354888 1398761522454 1398761522466 1398761354912 0.10150E+04
1017 24 50 36.10 1398761355889 1398761523462 1398761523473 1398761355919 0.10170E+04
1019 25 50 36.10 1398761356888 1398761524454 1398761524465 1398761356911 0.10190E+04
1021 25 50 36.10 1398761357889 1398761525453 1398761525463 1398761357909 0.10210E+04
1023 26 50 36.10 1398761358889 1398761526454 1398761526465 1398761358911 0.10230E+04
1025 26 50 36.10 1398761359889 1398761527455 1398761527465 1398761359912 0.10250E+04
1027 27 50 36.10 1398761360889 1398761528454 1398761528465 1398761360912 0.10270E+04
1029 27 50 36.20 1398761361888 1398761529453 1398761529464 1398761361910 0.10290E+04
1031 27 50 36.20 1398761362889 1398761530455 1398761530466 1398761362913 0.10310E+04
1033 28 50 36.20 1398761363889 1398761531456 1398761531467 1398761363913 0.10330E+04
1035 28 50 36.40 1398761364889 1398761532456 1398761532467 1398761364913 0.10350E+04
1037 28 50 36.40 1398761365888 1398761533454 1398761533465 1398761365911 0.10370E+04
1039 29 50 36.40 1398761366889 1398761534454 1398761534465 1398761366911 0.10390E+04
1041 29 50 36.40 1398761367889 1398761535454 1398761535465 1398761367912 0.10410E+04
1043 29 50 36.50 1398761368889 1398761536454 1398761536465 1398761368911 0.10430E+04
1045 29 50 36.40 1398761369889 1398761537457 1398761537467 1398761369913 0.10450E+04
1047 29 50 36.40 1398761370889 1398761538455 1398761538466 1398761370913 0.10470E+04
1049 29 50 36.50 1398761371888 1398761539454 1398761539464 1398761371911 0.10490E+04
1051 29 50 36.60 1398761372889 1398761540456 1398761540467 1398761372913 0.10510E+04
1053 29 50 36.60 1398761373888 1398761541454 1398761541465 1398761373911 0.10530E+04
1055 29 50 36.60 1398761374889 1398761542453 1398761542464 1398761374910 0.10550E+04
1057 29 50 36.70 1398761375889 1398761543454 1398761543465 1398761375911 0.10570E+04
1059 29 50 36.70 1398761376889 1398761544456 1398761544467 1398761376914 0.10590E+04
1061 29 50 36.70 1398761377888 1398761545455 1398761545465 1398761377912 0.10610E+04
1063 29 50 36.70 1398761378889 1398761546454 1398761546465 1398761378911 0.10630E+04
1065 29 50 36.80 1398761379889 1398761547454 1398761547465 1398761379911 0.10650E+04
1067 28 50 36.80 1398761380889 1398761548454 1398761548464 1398761380910 0.10670E+04
1069 28 50 36.90 1398761381889 1398761549453 1398761549463 1398761381909 0.10690E+04
1071 28 50 36.80 1398761382889 1398761550453 1398761550464 1398761382910 0.10710E+04
1073 27 50 36.90 1398761383889 1398761551453 1398761551464 1398761383910 0.10730E+04
1075 27 50 36.90 1398761384888 1398761552453 1398761552464 1398761384910 0.10750E+04
1077 26 50 37.00 1398761385888 1398761553454 1398761553464 1398761385910 0.10770E+04
1079 26 50 37.00 1398761386889 1398761554455 1398761554465 1398761386912 0.10790E+04
1081 26 50 37.00 1398761387889 1398761555454 1398761555465 1398761387912 0.10810E+04
1083 25 50 37.00 1398761388888 1398761556453 1398761556463 1398761388910 0.10830E+04
1085 24 50 37.00 1398761389889 1398761557455 1398761557466 1398761389911 0.10850E+04
1087 24 50 37.20 1398761390889 1398761558453 1398761558464 1398761390910 0.10870E+04
1089 23 50 37.20 1398761391889 1398761559454 1398761559465 1398761391912 0.10890E+04
1091 23 50 37.00 1398761392888 1398761560454 1398761560464 1398761392910 0.10910E+04
1093 22 50 37.20 1398761393889 1398761561455 1398761561466 1398761393912 0.10930E+04
1095 22 50 37.20 1398761394889 1398761562458 1398761562468 1398761394914 0.10950E+04
1097 21 50 37.20 1398761395888 1398761563455 1398761563466 1398761395913 0.10970E+04
1099 20 50 37.20 1398761396889 1398761564456 1398761564466 1398761396913 0.10990E+04
1101 20 50 37.30 1398761397888 1398761565453 1398761565465 1398761397911 0.11010E+04
1103 19 50 37.20 1398761398888 1398761566456 1398761566467 1398761398913 0.11030E+04
1105 18 50 37.20 1398761399889 1398761567453 1398761567464 1398761399910 0.11050E+04
1107 18 50 37.20 1398761400889 1398761568454 1398761568466 1398761400912 0.11070E+04
1109 17 50 37.20 1398761401889 1398761569455 1398761569465 1398761401911 0.11090E+04
1111 17 50 37.20 1398761402889 1398761570454 1398761570465 1398761402911 0.11110E+04
1113 16 50 37.20 1398761403888 1398761571453 1398761571464 1398761403910 0.11130E+04
1115 15 50 37.20 1398761404889 1398761572455 1398761572465 1398761404911 0.11150E+04
1117 15 50 37.20 1398761405889 1398761573454 1398761573464 1398761405910 0.11170E+04
1119 14 50 37.20 1398761406888 1398761574454 1398761574465 1398761406911 0.11190E+04
1121 14 50 37.20 1398761407889 1398761575458 1398761575469 1398761407916 0.11210E+04
1123 13 50 37.00 1398761408889 1398761576453 1398761576464 1398761408911 0.11230E+04
1125 13 50 37.00 1398761409889 1398761577456 1398761577467 1398761409913 0.11250E+04
1127 12 50 37.00 1398761410889 1398761578457 1398761578468 1398761410915 0.11270E+04
1129 12 50 37.00 1398761411889 1398761579469 1398761579479 1398761411926 0.11290E+04
1131 12 50 37.00 1398761412889 1398761580454 1398761580466 1398761412912 0.11310E+04
1133 11 50 36.90 1398761413889 1398761581456 1398761581466 1398761413913 0.11330E+04
1135 11 50 36.90 1398761414888 1398761582453 1398761582464 1398761414910 0.11350E+04
1137 11 50 36.90 1398761415888 1398761583453 1398761583464 1398761415910 0.11370E+04
1139 10 50 36.90 1398761416889 1398761584455 1398761584465 1398761416912 0.11390E+04
1141 10 50 36.90 1398761417888 1398761585455 1398761585465 1398761417911 0.11410E+04
1143 10 50 36.80 1398761418888 1398761586454 1398761586465 1398761418911 0.11430E+04
1145 10 50 36.80 1398761419889 1398761587454 1398761587466 1398761419912 0.11450E+04
1147 10 50 36.80 1398761420888 1398761588456 1398761588466 1398761420913 0.11470E+04
1149 10 50 36.70 1398761421889 1398761589454 1398761589464 1398761421910 0.11490E+04
1151 10 50 36.70 1398761422889 1398761590455 1398761590467 1398761422913 0.11510E+04
1153 10 50 36.70 1398761423888 1398761591454 1398761591464 1398761423910 0.11530E+04
1155 10 50 36.60 1398761424889 1398761592462 1398761592473 1398761424919 0.11550E+04
1157 10 50 36.50 1398761425888 1398761593455 1398761593466 1398761425912 0.11570E+04
1159 10 50 36.50 1398761426888 1398761594454 1398761594464 1398761426910 0.11590E+04
1161 10 50 36.50 1398761427888 1398761595453 1398761595464 1398761427910 0.11610E+04
1163 10 50 36.60 1398761428889 1398761596454 1398761596466 1398761428912 0.11630E+04
1165 10 50 36.50 1398761429889 1398761597454 1398761597464 1398761429911 0.11650E+04
1167 11 50 36.40 1398761430889 1398761598455 1398761598466 1398761430912 0.11670E+04
1169 11 50 36.40 1398761431889 1398761599454 1398761599464 1398761431910 0.11690E+04
1171 11 50 36.40 1398761432889 1398761600455 1398761600466 1398761432912 0.11710E+04
1173 12 50 36.40 1398761433888 1398761601454 1398761601465 1398761433911 0.11730E+04
1175 12 50 36.20 1398761434889 1398761602454 1398761602465 1398761434911 0.11750E+04
1177 13 50 36.20 1398761435889 1398761603454 1398761603465 1398761435911 0.11770E+04
1179 13 50 36.20 1398761436889 1398761604456 1398761604466 1398761436912 0.11790E+04
1181 13 50 36.20 1398761437888 1398761605453 1398761605464 1398761437910 0.11810E+04
1183 14 50 36.20 1398761438889 1398761606454 1398761606465 1398761438911 0.11830E+04
1185 15 50 36.10 1398761439889 1398761607454 1398761607465 1398761439911 0.11850E+04
1187 15 50 36.10 1398761440888 1398761608455 1398761608465 1398761440912 0.11870E+04
1189 16 50 36.10 1398761441888 1398761609454 1398761609465 1398761441911 0.11890E+04
1191 16 50 36.10 1398761442889 1398761610457 1398761610468 1398761442915 0.11910E+04
1193 17 50 36.10 1398761443888 1398761611453 1398761611464 1398761443910 0.11930E+04
1195 17 50 36.10 1398761444888 1398761612474 1398761612485 1398761444932 0.11950E+04
1197 18 50 36.10 1398761445889 1398761613454 1398761613464 1398761445910 0.11970E+04
1199 19 50 36.00 1398761446889 1398761614454 1398761614465 1398761446911 0.11990E+04
1201 19 50 36.10 1398761447893 1398761615458 1398761615470 1398761447916 0.12010E+04
1203 20 50 36.00 1398761448889 1398761616454 1398761616465 1398761448911 0.12030E+04
1205 21 50 36.10 1398761449889 1398761617456 1398761617467 1398761449913 0.12050E+04
1207 21 50 36.00 1398761450888 1398761618453 1398761618463 1398761450910 0.12070E+04
1209 22 50 36.00 1398761451888 1398761619454 1398761619464 1398761451910 0.12090E+04
1211 22 50 36.00 1398761452889 1398761620454 1398761620465 1398761452912 0.12110E+04
1213 23 50 36.00 1398761453889 1398761621454 1398761621465 1398761453911 0.12130E+04
1215 24 50 36.00 1398761454889 1398761622454 1398761622464 1398761454911 0.12150E+04
1217 24 50 36.00 1398761455889 1398761623454 1398761623466 1398761455913 0.12170E+04
1219 25 50 36.10 1398761456889 1398761624454 1398761624464 1398761456910 0.12190E+04
1221 25 50 36.10 1398761457889 1398761625454 1398761625465 1398761457911 0.12210E+04
1223 26 50 36.10 1398761458889 1398761626455 1398761626466 1398761458912 0.12230E+04
1225 26 50 36.20 1398761459888 1398761627453 1398761627464 1398761459911 0.12250E+04
1227 27 50 36.10 1398761460889 1398761628454 1398761628465 1398761460911 0.12270E+04
1229 27 50 36.10 1398761461889 1398761629454 1398761629464 1398761461910 0.12290E+04
1231 27 50 36.20 1398761462889 1398761630454 1398761630464 1398761462910 0.12310E+04
1233 28 50 36.20 1398761463889 1398761631454 1398761631464 1398761463911 0.12330E+04
1235 28 50 36.40 1398761464889 1398761632454 1398761632465 1398761464912 0.12350E+04
1237 28 50 36.20 1398761465888 1398761633453 1398761633464 1398761465910 0.12370E+04
1239 29 50 36.40 1398761466889 1398761634454 1398761634465 1398761466911 0.12390E+04
1241 29 50 36.40 1398761467888 1398761635460 1398761635470 1398761467917 0.12410E+04
1243 29 50 36.40 1398761468888 1398761636454 1398761636465 1398761468911 0.12430E+04
1245 29 50 36.40 1398761469889 1398761637456 1398761637467 1398761469914 0.12450E+04
1247 29 50 36.50 1398761470888 1398761638454 1398761638466 1398761470912 0.12470E+04
1249 29 50 36.50 1398761471889 1398761639454 1398761639466 1398761471912 0.12490E+04
1251 29 50 36.50 1398761472889 1398761640455 1398761640466 1398761472912 0.12510E+04
1253 29 50 36.60 1398761473889 1398761641454 1398761641464 1398761473910 0.12530E+04
1255 29 50 36.70 1398761474888 1398761642453 1398761642465 1398761474911 0.12550E+04
1257 29 50 36.70 1398761475889 1398761643455 1398761643466 1398761475913 0.12570E+04
1259 29 50 36.60 1398761476889 1398761644454 1398761644465 1398761476911 0.12590E+04
1261 29 50 36.70 1398761477889 1398761645455 1398761645465 1398761477912 0.12610E+04
1263 29 50 36.70 1398761478889 1398761646455 1398761646467 1398761478913 0.12630E+04
1265 29 50 36.80 1398761479889 1398761647454 1398761647465 1398761479911 0.12650E+04
1267 28 50 36.80 1398761480889 1398761648455 1398761648466 1398761480912 0.12670E+04
1269 28 50 36.80 1398761481888 1398761649454 1398761649465 1398761481911 0.12690E+04
1271 28 50 36.80 1398761482889 1398761650454 1398761650465 1398761482911 0.12710E+04
1273 27 50 36.80 1398761483888 1398761651464 1398761651475 1398761483921 0.12730E+04
1275 27 50 36.90 1398761484889 1398761652474 1398761652485 1398761484932 0.12750E+04
1277 26 50 36.90 1398761485889 1398761653454 1398761653466 1398761485912 0.12770E+04
1279 26 50 37.00 1398761486888 1398761654454 1398761654464 1398761486911 0.12790E+04
1281 26 50 37.00 1398761487889 1398761655459 1398761655470 1398761487916 0.12810E+04
1283 25 50 37.00 1398761488889 1398761656455 1398761656465 1398761488911 0.12830E+04
1285 24 50 37.00 1398761489889 1398761657454 1398761657464 1398761489911 0.12850E+04
1287 24 50 37.00 1398761490889 1398761658453 1398761658465 1398761490911 0.12870E+04
1289 23 50 37.20 1398761491888 1398761659454 1398761659465 1398761491911 0.12890E+04
1291 23 50 37.20 1398761492888 1398761660453 1398761660464 1398761492910 0.12910E+04
1293 22 50 37.00 1398761493889 1398761661454 1398761661464 1398761493910 0.12930E+04
1295 22 50 37.20 1398761494888 1398761662454 1398761662465 1398761494911 0.12950E+04
1297 21 50 37.20 1398761495889 1398761663454 1398761663465 1398761495911 0.12970E+04
1299 20 50 37.20 1398761496889 1398761664455 1398761664467 1398761496913 0.12990E+04
1301 20 50 37.20 1398761497888 1398761665454 1398761665465 1398761497911 0.13010E+04
1303 19 50 37.20 1398761498889 1398761666455 1398761666465 1398761498912 0.13030E+04
1305 18 50 37.20 1398761499889 1398761667455 1398761667465 1398761499912 0.13050E+04
1307 18 50 37.20 1398761500889 1398761668455 1398761668466 1398761500913 0.13070E+04
1309 17 50 37.20 1398761501889 1398761669454 1398761669465 1398761501911 0.13090E+04
1311 17 50 37.20 1398761502889 1398761670454 1398761670465 1398761502911 0.13110E+04
1313 16 50 37.20 1398761503889 1398761671454 1398761671466 1398761503912 0.13130E+04
1315 15 50 37.20 1398761504889 1398761672454 1398761672465 1398761504911 0.13150E+04
1317 15 50 37.00 1398761505889 1398761673454 1398761673465 1398761505911 0.13170E+04
1319 14 50 37.20 1398761506889 1398761674454 1398761674465 1398761506911 0.13190E+04
1321 14 50 37.00 1398761507889 1398761675454 1398761675465 1398761507911 0.13210E+04
1323 13 50 37.00 1398761508889 1398761676455 1398761676466 1398761508912 0.13230E+04
1325 13 50 37.00 1398761509889 1398761677455 1398761677465 1398761509912 0.13250E+04
1327 12 50 37.00 1398761510889 1398761678454 1398761678465 1398761510912 0.13270E+04
1329 12 50 37.00 1398761511889 1398761679454 1398761679465 1398761511911 0.13290E+04
1331 12 50 36.90 1398761512889 1398761680454 1398761680465 1398761512912 0.13310E+04
1333 11 50 37.00 1398761513888 1398761681454 1398761681465 1398761513911 0.13330E+04
1335 11 50 36.90 1398761514889 1398761682456 1398761682466 1398761514913 0.13350E+04
1337 11 50 36.90 1398761515889 1398761683454 1398761683466 1398761515912 0.13370E+04
1339 10 50 36.80 1398761516889 1398761684454 1398761684465 1398761516911 0.13390E+04
1341 10 50 36.80 1398761517889 1398761685455 1398761685466 1398761517912 0.13410E+04
1343 10 50 36.80 1398761518889 1398761686455 1398761686466 1398761518912 0.13430E+04
1345 10 50 36.80 1398761519888 1398761687454 1398761687464 1398761519910 0.13450E+04
1347 10 50 36.80 1398761520889 1398761688455 1398761688466 1398761520912 0.13470E+04
1349 10 50 36.70 1398761521889 1398761689456 1398761689466 1398761521912 0.13490E+04
1351 10 50 36.70 1398761522888 1398761690455 1398761690466 1398761522912 0.13510E+04
1353 10 50 36.70 1398761523889 1398761691454 1398761691465 1398761523911 0.13530E+04
1355 10 50 36.60 1398761524889 1398761692454 1398761692465 1398761524911 0.13550E+04
1357 10 50 36.60 1398761525889 1398761693454 1398761693465 1398761525911 0.13570E+04
1359 10 50 36.50 1398761526889 1398761694455 1398761694467 1398761526913 0.13590E+04
1361 10 50 36.50 1398761527889 1398761695456 1398761695466 1398761527913 0.13610E+04
1363 10 50 36.50 1398761528889 1398761696455 1398761696466 1398761528912 0.13630E+04
1365 10 50 36.40 1398761529889 1398761697454 1398761697465 1398761529911 0.13650E+04
1367 11 50 36.40 1398761530888 1398761698455 1398761698466 1398761530912 0.13670E+04
1369 11 50 36.50 1398761531888 1398761699459 1398761699469 1398761531916 0.13690E+04
1371 11 50 36.40 1398761532889 1398761700454 1398761700464 1398761532911 0.13710E+04
1373 12 50 36.20 1398761533889 1398761701454 1398761701465 1398761533911 0.13730E+04
1375 12 50 36.20 1398761534889 1398761702455 1398761702465 1398761534912 0.13750E+04
1377 12 50 36.20 1398761535889 1398761703454 1398761703465 1398761535911 0.13770E+04
1379 13 50 36.20 1398761536889 1398761704454 1398761704465 1398761536911 0.13790E+04
1381 13 50 36.20 1398761537889 1398761705457 1398761705467 1398761537913 0.13810E+04
1383 14 50 36.10 1398761538888 1398761706454 1398761706464 1398761538910 0.13830E+04
1385 14 50 36.10 1398761539888 1398761707455 1398761707465 1398761539912 0.13850E+04
1387 15 50 36.10 1398761540889 1398761708454 1398761708465 1398761540911 0.13870E+04
1389 16 50 36.10 1398761541889 1398761709454 1398761709466 1398761541912 0.13890E+04
1391 16 50 36.10 1398761542889 1398761710462 1398761710473 1398761542919 0.13910E+04
1393 17 50 36.10 1398761543889 1398761711454 1398761711464 1398761543911 0.13930E+04
1395 17 50 36.00 1398761544889 1398761712455 1398761712465 1398761544911 0.13950E+04
1397 18 50 36.10 1398761545889 1398761713455 1398761713465 1398761545911 0.13970E+04
1399 19 50 36.00 1398761546889 1398761714454 1398761714464 1398761546910 0.13990E+04
1401 19 50 36.00 1398761547889 1398761715454 1398761715465 1398761547911 0.14010E+04
1403 20 50 36.10 1398761548888 1398761716453 1398761716464 1398761548910 0.14030E+04
1405 21 50 36.00 1398761549889 1398761717455 1398761717467 1398761549913 0.14050E+04
1407 21 50 36.00 1398761550889 1398761718456 1398761718467 1398761550914 0.14070E+04
1409 22 50 36.00 1398761551888 1398761719455 1398761719466 1398761551912 0.14090E+04
1411 22 50 36.00 1398761552888 1398761720456 1398761720466 1398761552912 0.14110E+04
1413 23 50 36.10 1398761553888 1398761721454 1398761721464 1398761553910 0.14130E+04
1415 24 50 36.10 1398761554888 1398761722454 1398761722466 1398761554912 0.14150E+04
1417 24 50 36.10 1398761555889 1398761723454 1398761723465 1398761555911 0.14170E+04
1419 25 50 36.00 1398761556889 1398761724457 1398761724468 1398761556914 0.14190E+04
1421 25 50 36.10 1398761557889 1398761725454 1398761725466 1398761557912 0.14210E+04
1423 26 50 36.20 1398761558888 1398761726453 1398761726464 1398761558910 0.14230E+04
1425 26 50 36.10 1398761559888 1398761727454 1398761727466 1398761559911 0.14250E+04
1427 27 50 36.10 1398761560908 1398761728475 1398761728486 1398761560932 0.14270E+04
1429 27 50 36.10 1398761561889 1398761729456 1398761729466 1398761561912 0.14290E+04
1431 27 50 36.20 1398761562889 1398761730455 1398761730467 1398761562913 0.14310E+04
1433 28 50 36.20 1398761563889 1398761731455 1398761731466 1398761563912 0.14330E+04
1435 28 50 36.20 1398761564889 1398761732454 1398761732465 1398761564911 0.14350E+04
1437 28 50 36.20 1398761565888 1398761733454 1398761733465 1398761565911 0.14370E+04
1439 29 50 36.40 1398761566889 1398761734454 1398761734466 1398761566912 0.14390E+04
1441 29 50 36.40 1398761567889 1398761735453 1398761735464 1398761567911 0.14410E+04
1443 29 50 36.40 1398761568889 1398761736454 1398761736464 1398761568911 0.14430E+04
1445 29 50 36.40 1398761569889 1398761737457 1398761737467 1398761569913 0.14450E+04
1447 29 50 36.50 1398761570889 1398761738454 1398761738465 1398761570911 0.14470E+04
1449 29 50 36.50 1398761571889 1398761739454 1398761739465 1398761571911 0.14490E+04
1451 29 50 36.60 1398761572889 1398761740455 1398761740467 1398761572913 0.14510E+04
1453 29 50 36.60 1398761573889 1398761741454 1398761741465 1398761573911 0.14530E+04
1455 29 50 36.60 1398761574889 1398761742454 1398761742465 1398761574912 0.14550E+04
1457 29 50 36.60 1398761575888 1398761743454 1398761743466 1398761575912 0.14570E+04
1459 29 50 36.70 1398761576889 1398761744454 1398761744465 1398761576911 0.14590E+04
1461 29 50 36.70 1398761577889 1398761745454 1398761745466 1398761577912 0.14610E+04
1463 29 50 36.80 1398761578889 1398761746455 1398761746466 1398761578912 0.14630E+04
1465 29 50 36.70 1398761579889 1398761747454 1398761747464 1398761579910 0.14650E+04
1467 28 50 36.90 1398761580888 1398761748453 1398761748464 1398761580910 0.14670E+04
1469 28 50 36.80 1398761581889 1398761749454 1398761749465 1398761581912 0.14690E+04
1471 28 50 36.80 1398761582889 1398761750454 1398761750466 1398761582912 0.14710E+04
1473 27 50 36.90 1398761583889 1398761751456 1398761751467 1398761583913 0.14730E+04
1475 27 50 36.80 1398761584888 1398761752454 1398761752464 1398761584910 0.14750E+04
1477 27 50 37.00 1398761585888 1398761753454 1398761753464 1398761585910 0.14770E+04
1479 26 50 37.00 1398761586890 1398761754459 1398761754470 1398761586916 0.14790E+04
1481 26 50 37.00 1398761587889 1398761755456 1398761755467 1398761587913 0.14810E+04
1483 25 50 37.00 1398761588890 1398761756456 1398761756467 1398761588914 0.14830E+04
1485 25 50 37.00 1398761589889 1398761757456 1398761757467 1398761589913 0.14850E+04
1487 24 50 37.00 1398761590889 1398761758455 1398761758465 1398761590911 0.14870E+04
1489 23 50 37.20 1398761591889 1398761759454 1398761759466 1398761591912 0.14890E+04
1491 23 50 37.20 1398761592889 1398761760454 1398761760465 1398761592911 0.14910E+04
1493 22 50 37.30 1398761593888 1398761761454 1398761761464 1398761593910 0.14930E+04
1495 22 50 37.20 1398761594888 1398761762454 1398761762465 1398761594911 0.14950E+04
1497 21 50 37.20 1398761595890 1398761763456 1398761763467 1398761595913 0.14970E+04
1499 20 50 37.30 1398761596889 1398761764454 1398761764465 1398761596911 0.14990E+04
1501 20 50 37.30 1398761597889 1398761765454 1398761765466 1398761597912 0.15010E+04
1503 19 50 37.30 1398761598889 1398761766454 1398761766465 1398761598911 0.15030E+04
1505 18 50 37.30 1398761599889 1398761767454 1398761767465 1398761599912 0.15050E+04
1507 18 50 37.20 1398761600889 1398761768454 1398761768466 1398761600912 0.15070E+04
1509 17 50 37.20 1398761601888 1398761769454 1398761769465 1398761601911 0.15090E+04
1511 17 50 37.20 1398761602889 1398761770456 1398761770467 1398761602913 0.15110E+04
1513 16 50 37.20 1398761603888 1398761771455 1398761771466 1398761603912 0.15130E+04
1515 15 50 37.20 1398761604889 1398761772454 1398761772464 1398761604911 0.15150E+04
1517 15 50 37.30 1398761605889 1398761773457 1398761773468 1398761605914 0.15170E+04
1519 14 50 37.20 1398761606889 1398761774455 1398761774466 1398761606912 0.15190E+04
1521 14 50 37.20 1398761607889 1398761775454 1398761775465 1398761607912 0.15210E+04
1523 13 50 37.20 1398761608889 1398761776454 1398761776464 1398761608911 0.15230E+04
1525 13 50 37.20 1398761609888 1398761777455 1398761777465 1398761609912 0.15250E+04
1527 12 50 37.00 1398761610889 1398761778454 1398761778465 1398761610912 0.15270E+04
1529 12 50 37.00 1398761611889 1398761779454 1398761779465 1398761611911 0.15290E+04
1531 12 50 37.00 1398761612889 1398761780459 1398761780470 1398761612916 0.15310E+04
1533 11 50 37.00 1398761613889 1398761781455 1398761781467 1398761613913 0.15330E+04
1535 11 50 37.00 1398761614889 1398761782455 1398761782466 1398761614913 0.15350E+04
1537 11 50 36.90 1398761615889 1398761783455 1398761783465 1398761615912 0.15370E+04
1539 10 50 36.90 1398761616889 1398761784455 1398761784467 1398761616913 0.15390E+04
1541 10 50 36.80 1398761617889 1398761785455 1398761785466 1398761617913 0.15410E+04
1543 10 50 36.80 1398761618888 1398761786454 1398761786465 1398761618911 0.15430E+04
1545 10 50 36.80 1398761619889 1398761787454 1398761787465 1398761619911 0.15450E+04
1547 10 50 36.80 1398761620888 1398761788455 1398761788466 1398761620913 0.15470E+04
1549 10 50 36.70 1398761621889 1398761789457 1398761789467 1398761621913 0.15490E+04
1551 10 50 36.70 1398761622889 1398761790453 1398761790464 1398761622910 0.15510E+04
1553 10 50 36.70 1398761623888 1398761791454 1398761791465 1398761623911 0.15530E+04
1555 10 50 36.60 1398761624889 1398761792454 1398761792466 1398761624912 0.15550E+04
1557 10 50 36.50 1398761625889 1398761793455 1398761793466 1398761625913 0.15570E+04
1559 10 50 36.60 1398761626889 1398761794455 1398761794466 1398761626912 0.15590E+04
1561 10 50 36.60 1398761627888 1398761795454 1398761795465 1398761627911 0.15610E+04
1563 10 50 36.50 1398761628888 1398761796453 1398761796463 1398761628910 0.15630E+04
1565 10 50 36.40 1398761629888 1398761797461 1398761797471 1398761629918 0.15650E+04
1567 11 50 36.50 1398761630889 1398761798459 1398761798470 1398761630917 0.15670E+04
1569 11 50 36.50 1398761631889 1398761799454 1398761799465 1398761631912 0.15690E+04
1571 11 50 36.40 1398761632888 1398761800454 1398761800464 1398761632911 0.15710E+04
1573 12 50 36.40 1398761633889 1398761801455 1398761801467 1398761633914 0.15730E+04
1575 12 50 36.40 1398761634889 1398761802455 1398761802466 1398761634913 0.15750E+04
1577 12 50 36.20 1398761635889 1398761803454 1398761803466 1398761635912 0.15770E+04
1579 13 50 36.20 1398761636888 1398761804454 1398761804464 1398761636911 0.15790E+04
1581 13 50 36.20 1398761637888 1398761805454 1398761805465 1398761637911 0.15810E+04
1583 14 50 36.10 1398761638888 1398761806454 1398761806464 1398761638911 0.15830E+04
1585 14 50 36.10 1398761639889 1398761807456 1398761807467 1398761639913 0.15850E+04
1587 15 50 36.10 1398761640889 1398761808455 1398761808466 1398761640912 0.15870E+04
1589 16 50 36.10 1398761641889 1398761809454 1398761809465 1398761641911 0.15890E+04
1591 16 50 36.10 1398761642889 1398761810454 1398761810465 1398761642911 0.15910E+04
1593 17 50 36.10 1398761643889 1398761811454 1398761811466 1398761643913 0.15930E+04
1595 17 50 36.00 1398761644888 1398761812453 1398761812464 1398761644910 0.15950E+04
1597 18 50 36.00 1398761645889 1398761813455 1398761813466 1398761645912 0.15970E+04
1599 19 50 36.00 1398761646889 1398761814454 1398761814464 1398761646911 0.15990E+04
1601 19 50 36.00 1398761647889 1398761815455 1398761815466 1398761647912 0.16010E+04
1603 20 50 36.00 1398761648889 1398761816454 1398761816465 1398761648911 0.16030E+04
1605 21 50 36.00 1398761649889 1398761817454 1398761817464 1398761649911 0.16050E+04
1607 21 50 36.00 1398761650889 1398761818457 1398761818468 1398761650915 0.16070E+04
1609 22 50 36.00 1398761651889 1398761819454 1398761819465 1398761651911 0.16090E+04
1611 22 50 36.00 1398761652889 1398761820454 1398761820464 1398761652911 0.16110E+04
1613 23 50 36.10 1398761653889 1398761821454 1398761821465 1398761653912 0.16130E+04
1615 24 50 36.00 1398761654889 1398761822454 1398761822465 1398761654911 0.16150E+04
1617 24 50 36.10 1398761655889 1398761823456 1398761823466 1398761655913 0.16170E+04
1619 25 50 36.00 1398761656889 1398761824454 1398761824465 1398761656911 0.16190E+04
1621 25 50 36.10 1398761657889 1398761825455 1398761825466 1398761657912 0.16210E+04
1623 26 50 36.10 1398761658889 1398761826455 1398761826466 1398761658912 0.16230E+04
1625 26 50 36.20 1398761659889 1398761827454 1398761827464 1398761659910 0.16250E+04
1627 27 50 36.20 1398761660889 1398761828454 1398761828465 1398761660911 0.16270E+04
1629 27 50 36.10 1398761661889 1398761829454 1398761829465 1398761661911 0.16290E+04
1631 27 50 36.10 1398761662889 1398761830455 1398761830466 1398761662912 0.16310E+04
1633 28 50 36.20 1398761663889 1398761831455 1398761831467 1398761663913 0.16330E+04
1635 28 50 36.40 1398761664889 1398761832455 1398761832467 1398761664913 0.16350E+04
1637 28 50 36.40 1398761665888 1398761833456 1398761833466 1398761665912 0.16370E+04
1639 29 50 36.40 1398761666889 1398761834454 1398761834465 1398761666912 0.16390E+04
1641 29 50 36.40 1398761667888 1398761835454 1398761835465 1398761667911 0.16410E+04
1643 29 50 36.40 1398761668889 1398761836454 1398761836465 1398761668911 0.16430E+04
1645 29 50 36.50 1398761669889 1398761837454 1398761837464 1398761669910 0.16450E+04
1647 29 50 36.50 1398761670888 1398761838454 1398761838465 1398761670912 0.16470E+04
1649 29 50 36.60 1398761671889 1398761839459 1398761839470 1398761671917 0.16490E+04
1651 29 50 36.50 1398761672889 1398761840455 1398761840465 1398761672911 0.16510E+04
1653 29 50 36.60 1398761673888 1398761841456 1398761841467 1398761673913 0.16530E+04
1655 29 50 36.60 1398761674889 1398761842455 1398761842466 1398761674913 0.16550E+04
1657 29 50 36.70 1398761675889 1398761843456 1398761843467 1398761675914 0.16570E+04
1659 29 50 36.70 1398761676889 1398761844454 1398761844465 1398761676911 0.16590E+04
1661 29 50 36.70 1398761677889 1398761845456 1398761845466 1398761677912 0.16610E+04
1663 29 50 36.80 1398761678889 1398761846458 1398761846470 1398761678916 0.16630E+04
1665 29 50 36.80 1398761679889 1398761847456 1398761847466 1398761679912 0.16650E+04
1667 28 50 36.90 1398761680889 1398761848454 1398761848465 1398761680911 0.16670E+04
1669 28 50 36.80 1398761681888 1398761849454 1398761849465 1398761681911 0.16690E+04
1671 28 50 36.80 1398761682888 1398761850453 1398761850464 1398761682910 0.16710E+04
1673 27 50 36.80 1398761683890 1398761851456 1398761851467 1398761683914 0.16730E+04
1675 27 50 36.90 1398761684889 1398761852457 1398761852468 1398761684914 0.16750E+04
1677 27 50 37.00 1398761685888 1398761853462 1398761853473 1398761685919 0.16770E+04
1679 26 50 36.90 1398761686889 1398761854454 1398761854464 1398761686911 0.16790E+04
1681 26 50 37.00 1398761687889 1398761855455 1398761855466 1398761687912 0.16810E+04
1683 25 50 37.20 1398761688889 1398761856455 1398761856465 1398761688911 0.16830E+04
1685 25 50 37.00 1398761689889 1398761857454 1398761857465 1398761689911 0.16850E+04
1687 24 50 37.00 1398761690889 1398761858454 1398761858465 1398761690911 0.16870E+04
1689 23 50 37.20 1398761691889 1398761859455 1398761859465 1398761691911 0.16890E+04
1691 23 50 37.20 1398761692889 1398761860455 1398761860466 1398761692913 0.16910E+04
1693 22 50 37.20 1398761693889 1398761861455 1398761861467 1398761693913 0.16930E+04
1695 22 50 37.20 1398761694889 1398761862457 1398761862467 1398761694913 0.16950E+04
1697 21 50 37.20 1398761695890 1398761863456 1398761863466 1398761695913 0.16970E+04
1699 20 50 37.20 1398761696888 1398761864454 1398761864465 1398761696911 0.16990E+04
1701 20 50 37.20 1398761697889 1398761865456 1398761865468 1398761697914 0.17010E+04
1703 19 50 37.20 1398761698888 1398761866453 1398761866465 1398761698911 0.17030E+04
1705 19 50 37.20 1398761699889 1398761867460 1398761867471 1398761699918 0.17050E+04
1707 18 50 37.20 1398761700889 1398761868455 1398761868466 1398761700912 0.17070E+04
1709 17 50 37.20 1398761701889 1398761869454 1398761869465 1398761701912 0.17090E+04
1711 17 50 37.20 1398761702889 1398761870455 1398761870465 1398761702911 0.17110E+04
1713 16 50 37.20 1398761703889 1398761871456 1398761871467 1398761703913 0.17130E+04
1715 15 50 37.20 1398761704889 1398761872454 1398761872466 1398761704912 0.17150E+04
1717 15 50 37.20 1398761705889 1398761873454 1398761873465 1398761705911 0.17170E+04
1719 14 50 37.20 1398761706889 1398761874455 1398761874465 1398761706912 0.17190E+04
1721 14 50 37.00 1398761707889 1398761875454 1398761875465 1398761707911 0.17210E+04
1723 13 50 37.20 1398761708889 1398761876454 1398761876464 1398761708911 0.17230E+04
1725 13 50 37.00 1398761709889 1398761877454 1398761877466 1398761709913 0.17250E+04
1727 12 50 37.00 1398761710889 1398761878455 1398761878466 1398761710912 0.17270E+04
1729 12 50 37.00 1398761711889 1398761879454 1398761879466 1398761711912 0.17290E+04
1731 12 50 37.00 1398761712888 1398761880456 1398761880467 1398761712913 0.17310E+04
1733 11 50 36.90 1398761713889 1398761881454 1398761881466 1398761713912 0.17330E+04
1735 11 50 36.80 1398761714889 1398761882454 1398761882464 1398761714911 0.17350E+04
1737 11 50 36.80 1398761715889 1398761883454 1398761883465 1398761715911 0.17370E+04
1739 10 50 36.80 1398761716888 1398761884454 1398761884465 1398761716911 0.17390E+04
1741 10 50 36.90 1398761717889 1398761885457 1398761885468 1398761717914 0.17410E+04
1743 10 50 36.80 1398761718889 1398761886454 1398761886465 1398761718911 0.17430E+04
1745 10 50 36.80 1398761719889 1398761887454 1398761887465 1398761719911 0.17450E+04
1747 10 50 36.70 1398761720889 1398761888455 1398761888465 1398761720911 0.17470E+04
1749 10 50 36.70 1398761721888 1398761889454 1398761889465 1398761721912 0.17490E+04
1751 10 50 36.70 1398761722889 1398761890456 1398761890467 1398761722913 0.17510E+04
1753 10 50 36.60 1398761723889 1398761891454 1398761891465 1398761723912 0.17530E+04
1755 10 50 36.60 1398761724889 1398761892454 1398761892465 1398761724911 0.17550E+04
1757 10 50 36.60 1398761725889 1398761893454 1398761893465 1398761725911 0.17570E+04
1759 10 50 36.60 1398761726888 1398761894454 1398761894465 1398761726912 0.17590E+04
1761 10 50 36.50 1398761727888 1398761895454 1398761895466 1398761727912 0.17610E+04
1763 10 50 36.50 1398761728889 1398761896455 1398761896466 1398761728912 0.17630E+04
1765 10 50 36.50 1398761729937 1398761897503 1398761897514 1398761729960 0.17650E+04
1767 11 50 36.40 1398761730889 1398761898454 1398761898465 1398761730912 0.17670E+04
1769 11 50 36.40 1398761731889 1398761899455 1398761899466 1398761731912 0.17690E+04
1771 11 50 36.40 1398761732889 1398761900458 1398761900469 1398761732915 0.17710E+04
1773 12 50 36.40 1398761733889 1398761901456 1398761901467 1398761733913 0.17730E+04
1775 12 50 36.20 1398761734888 1398761902454 1398761902464 1398761734910 0.17750E+04
1777 12 50 36.20 1398761735889 1398761903455 1398761903465 1398761735911 0.17770E+04
1779 13 50 36.20 1398761736888 1398761904454 1398761904466 1398761736912 0.17790E+04
1781 13 50 36.20 1398761737889 1398761905454 1398761905465 1398761737911 0.17810E+04
1783 14 50 36.10 1398761738889 1398761906457 1398761906467 1398761738913 0.17830E+04
1785 14 50 36.10 1398761739889 1398761907458 1398761907468 1398761739914 0.17850E+04
1787 15 50 36.10 1398761740889 1398761908454 1398761908464 1398761740911 0.17870E+04
1789 16 50 36.00 1398761741888 1398761909454 1398761909465 1398761741911 0.17890E+04
1791 16 50 36.10 1398761742889 1398761910456 1398761910466 1398761742913 0.17910E+04
1793 17 50 36.00 1398761743888 1398761911454 1398761911465 1398761743911 0.17930E+04
1795 17 50 36.00 1398761744889 1398761912454 1398761912465 1398761744912 0.17950E+04
1797 18 50 36.00 1398761745933 1398761913498 1398761913510 1398761745956 0.17970E+04
1799 19 50 36.00 1398761746915 1398761914481 1398761914492 1398761746938 0.17990E+04
1801 19 50 36.00 1398761747889 1398761915454 1398761915465 1398761747912 0.18010E+04
1803 20 50 36.00 1398761748889 1398761916457 1398761916468 1398761748914 0.18030E+04
1805 20 50 36.00 1398761749889 1398761917454 1398761917464 1398761749910 0.18050E+04
1807 21 50 36.00 1398761750889 1398761918454 1398761918465 1398761750911 0.18070E+04
1809 22 50 36.00 1398761751888 1398761919454 1398761919465 1398761751911 0.18090E+04
1811 22 50 36.00 1398761752888 1398761920460 1398761920471 1398761752917 0.18110E+04
1813 23 50 36.00 1398761753889 1398761921455 1398761921467 1398761753913 0.18130E+04
1815 23 50 36.10 1398761754888 1398761922453 1398761922464 1398761754910 0.18150E+04
1817 24 50 36.40 1398761755890 1398761923458 1398761923469 1398761755915 0.18170E+04
1819 25 50 36.00 1398761756890 1398761924457 1398761924468 1398761756914 0.18190E+04
1821 25 50 36.10 1398761757890 1398761925457 1398761925468 1398761757914 0.18210E+04
1823 26 50 36.20 1398761758889 1398761926454 1398761926465 1398761758911 0.18230E+04
1825 26 50 36.10 1398761759889 1398761927456 1398761927467 1398761759913 0.18250E+04
1827 27 50 36.20 1398761760912 1398761928477 1398761928488 1398761760934 0.18270E+04
1829 27 50 36.10 1398761762039 1398761929604 1398761929615 1398761762062 0.18290E+04
1831 27 50 36.20 1398761763007 1398761930572 1398761930584 1398761763031 0.18310E+04
1833 28 50 36.20 1398761764001 1398761931566 1398761931577 1398761764023 0.18330E+04
1835 28 50 36.20 1398761765011 1398761932576 1398761932587 1398761765033 0.18350E+04
1837 28 50 36.20 1398761766117 1398761933682 1398761933692 1398761766138 0.18370E+04
1839 29 50 36.40 1398761767191 1398761934756 1398761934767 1398761767213 0.18390E+04
1841 29 50 36.40 1398761768163 1398761935730 1398761935741 1398761768188 0.18410E+04
1843 29 50 36.50 1398761769142 1398761936707 1398761936718 1398761769165 0.18430E+04
1845 29 50 36.50 1398761770161 1398761937726 1398761937736 1398761770183 0.18450E+04
1847 29 50 36.50 1398761771256 1398761938821 1398761938832 1398761771278 0.18470E+04
1849 29 50 36.60 1398761772361 1398761939926 1398761939937 1398761772383 0.18490E+04
1851 29 50 36.60 1398761773438 1398761941003 1398761941013 1398761773459 0.18510E+04
1853 29 50 36.60 1398761774442 1398761942007 1398761942019 1398761774465 0.18530E+04
1855 29 50 36.60 1398761775442 1398761943009 1398761943019 1398761775465 0.18550E+04
1857 29 50 36.60 1398761776548 1398761944113 1398761944124 1398761776570 0.18570E+04
1859 29 50 36.80 1398761777620 1398761945186 1398761945197 1398761777643 0.18590E+04
1861 29 50 36.70 1398761778671 1398761946236 1398761946247 1398761778693 0.18610E+04
1863 29 50 36.70 1398761779975 1398761947541 1398761947552 1398761779998 0.18630E+04
1865 29 50 36.80 1398761781133 1398761948699 1398761948710 1398761781156 0.18650E+04
1867 28 50 36.90 1398761782830 1398761950396 1398761950407 1398761782853 0.18670E+04
1869 28 50 36.90 1398761784203 1398761951769 1398761951779 1398761784225 0.18690E+04
1871 28 50 37.00 1398761785621 1398761953186 1398761953197 1398761785643 0.18710E+04
1873 27 50 36.90 1398761786825 1398761954391 1398761954401 1398761786848 0.18730E+04
1875 27 50 37.00 1398761787928 1398761955493 1398761955505 1398761787951 0.18750E+04
1877 27 50 37.00 1398761789028 1398761956594 1398761956604 1398761789052 0.18770E+04
1879 26 50 37.00 1398761790132 1398761957699 1398761957709 1398761790155 0.18790E+04
1881 26 50 37.20 1398761791134 1398761958701 1398761958712 1398761791158 0.18810E+04
1883 25 50 37.00 1398761792219 1398761959818 1398761959829 1398761792276 0.18830E+04
1885 25 50 37.20 1398761793262 1398761960828 1398761960839 1398761793285 0.18850E+04
1887 24 50 37.20 1398761794258 1398761961824 1398761961834 1398761794280 0.18870E+04
1889 23 50 37.00 1398761795166 1398761962733 1398761962744 1398761795190 0.18890E+04
1891 23 50 37.20 1398761796081 1398761963646 1398761963657 1398761796103 0.18910E+04
1893 22 50 37.20 1398761796986 1398761964551 1398761964562 1398761797008 0.18930E+04
1895 22 50 37.30 1398761797939 1398761965506 1398761965516 1398761797963 0.18950E+04
1897 21 50 37.20 1398761798896 1398761966462 1398761966472 1398761798919 0.18970E+04
1899 20 50 37.30 1398761799881 1398761967450 1398761967461 1398761799908 0.18990E+04
1901 20 50 37.30 1398761800915 1398761968481 1398761968492 1398761800938 0.19010E+04
1903 19 50 37.30 1398761802064 1398761969632 1398761969642 1398761802088 0.19030E+04
1905 19 50 37.20 1398761803794 1398761971360 1398761971370 1398761803817 0.19050E+04
1907 18 50 37.20 1398761804954 1398761972521 1398761972531 1398761804977 0.19070E+04
1909 17 50 37.30 1398761806078 1398761973643 1398761973653 1398761806100 0.19090E+04
1911 17 50 37.30 1398761808207 1398761975773 1398761975784 1398761808230 0.19110E+04
1913 16 50 37.20 1398761809328 1398761976895 1398761976905 1398761809353 0.19130E+04
1915 16 50 37.20 1398761810631 1398761978196 1398761978207 1398761810653 0.19150E+04
1917 15 50 37.20 1398761811500 1398761979065 1398761979075 1398761811521 0.19170E+04
1919 14 50 37.20 1398761812535 1398761980102 1398761980113 1398761812559 0.19190E+04
1921 14 50 37.00 1398761813521 1398761981086 1398761981098 1398761813544 0.19210E+04
1923 13 50 37.20 1398761814601 1398761982169 1398761982180 1398761814626 0.19230E+04
1925 13 50 37.00 1398761815695 1398761983261 1398761983273 1398761815718 0.19250E+04
1927 12 50 37.00 1398761816865 1398761984431 1398761984441 1398761816887 0.19270E+04
1929 12 50 37.00 1398761818001 1398761985568 1398761985579 1398761818025 0.19290E+04
1931 12 50 37.00 1398761819056 1398761986621 1398761986632 1398761819079 0.19310E+04
1933 11 50 36.90 1398761819995 1398761987564 1398761987575 1398761820021 0.19330E+04
1935 11 50 36.90 1398761821067 1398761988633 1398761988643 1398761821090 0.19350E+04
1937 11 50 36.80 1398761822108 1398761989673 1398761989684 1398761822130 0.19370E+04
1939 10 50 36.80 1398761823047 1398761990612 1398761990623 1398761823069 0.19390E+04
1941 10 50 36.80 1398761823999 1398761991565 1398761991576 1398761824022 0.19410E+04
1943 10 50 36.70 1398761825207 1398761992773 1398761992784 1398761825230 0.19430E+04
1945 10 50 36.70 1398761826269 1398761993836 1398761993847 1398761826293 0.19450E+04
1947 10 50 36.70 1398761827420 1398761994985 1398761994996 1398761827442 0.19470E+04
1949 10 50 36.70 1398761828440 1398761996008 1398761996018 1398761828464 0.19490E+04
1951 10 50 36.60 1398761829511 1398761997077 1398761997087 1398761829533 0.19510E+04
1953 10 50 36.60 1398761830444 1398761998012 1398761998023 1398761830469 0.19530E+04
1955 10 50 36.50 1398761831452 1398761999018 1398761999029 1398761831475 0.19550E+04
1957 10 50 36.50 1398761832512 1398762000077 1398762000088 1398761832534 0.19570E+04
1959 10 50 36.50 1398761833623 1398762001189 1398762001201 1398761833647 0.19590E+04
1961 10 50 36.50 1398761834674 1398762002239 1398762002250 1398761834696 0.19610E+04
1963 10 50 36.40 1398761835811 1398762003377 1398762003388 1398761835834 0.19630E+04
1965 10 50 36.40 1398761836818 1398762004387 1398762004398 1398761836844 0.19650E+04
1967 11 50 36.40 1398761838047 1398762005617 1398762005628 1398761838075 0.19670E+04
1969 11 50 36.40 1398761839177 1398762006744 1398762006756 1398761839202 0.19690E+04
1971 11 50 36.20 1398761840390 1398762007956 1398762007967 1398761840413 0.19710E+04
1973 12 50 36.20 1398761841604 1398762009192 1398762009203 1398761841649 0.19730E+04
1975 12 50 36.20 1398761842724 1398762010289 1398762010300 1398761842746 0.19750E+04
1977 12 50 36.20 1398761843910 1398762011475 1398762011487 1398761843933 0.19770E+04
1979 13 50 36.10 1398761844944 1398762012511 1398762012523 1398761844969 0.19790E+04
1981 13 50 36.10 1398761846300 1398762013868 1398762013879 1398761846325 0.19810E+04
1983 14 50 36.10 1398761847419 1398762014989 1398762014999 1398761847445 0.19830E+04
1985 14 50 36.10 1398761848443 1398762016009 1398762016020 1398761848466 0.19850E+04
1987 15 50 35.90 1398761849622 1398762017188 1398762017198 1398761849644 0.19870E+04
1989 16 50 36.10 1398761850620 1398762018186 1398762018197 1398761850643 0.19890E+04
1991 16 50 36.00 1398761851637 1398762019204 1398762019215 1398761851661 0.19910E+04
1993 17 50 36.00 1398761852607 1398762020176 1398762020187 1398761852633 0.19930E+04
1995 17 50 36.10 1398761853702 1398762021269 1398762021281 1398761853727 0.19950E+04
1997 18 50 36.00 1398761854903 1398762022468 1398762022479 1398761854925 0.19970E+04
1999 19 50 36.00 1398761856173 1398762023739 1398762023750 1398761856196 0.19990E+04
