0.10000E+01 0.40000E+02 0.50000E+02 0.30100E+02
0.20000E+01 0.80000E+01 0.50000E+02 0.30100E+02
0.30000E+01 0.80000E+01 0.50000E+02 0.30000E+02
0.40000E+01 0.80000E+01 0.50000E+02 0.30100E+02
0.50000E+01 0.80000E+01 0.50000E+02 0.30000E+02
0.60000E+01 0.80000E+01 0.50000E+02 0.30000E+02
0.70000E+01 0.80000E+01 0.50000E+02 0.30000E+02
0.80000E+01 0.80000E+01 0.50000E+02 0.29800E+02
0.90000E+01 0.90000E+01 0.50000E+02 0.29800E+02
0.10000E+02 0.90000E+01 0.50000E+02 0.29800E+02
0.11000E+02 0.90000E+01 0.50000E+02 0.29700E+02
0.12000E+02 0.90000E+01 0.50000E+02 0.29800E+02
0.13000E+02 0.90000E+01 0.50000E+02 0.29700E+02
0.14000E+02 0.90000E+01 0.50000E+02 0.29700E+02
0.15000E+02 0.90000E+01 0.50000E+02 0.29700E+02
0.16000E+02 0.90000E+01 0.50000E+02 0.29700E+02
0.17000E+02 0.90000E+01 0.50000E+02 0.29700E+02
0.18000E+02 0.90000E+01 0.50000E+02 0.29700E+02
0.19000E+02 0.90000E+01 0.50000E+02 0.29700E+02
0.20000E+02 0.90000E+01 0.50000E+02 0.29700E+02
0.21000E+02 0.90000E+01 0.50000E+02 0.29700E+02
