1309952383564 0.0 251.0 34.0 0
1309952403089 20.0 100.0 29.6 20
1309952403600 20.0 100.0 29.5 20
1309952404103 20.0 100.0 29.4 20
1309952404602 20.0 100.0 29.4 20
1309952405099 20.0 100.0 29.3 20
1309952405598 20.0 100.0 29.1 20
1309952406097 20.0 100.0 29.0 20
1309952406596 20.0 100.0 29.0 20
1309952407096 20.0 100.0 28.9 20
1309952407594 20.0 100.0 28.8 20
1309952408091 20.0 100.0 28.8 20
1309952408596 20.0 100.0 28.7 20
1309952409094 20.0 100.0 28.7 20
1309952409591 20.0 100.0 28.7 20
1309952410099 20.0 100.0 28.3 20
1309952410596 20.0 100.0 28.6 20
1309952411094 20.0 100.0 28.4 20
1309952411593 20.0 100.0 28.4 20
1309952412090 20.0 100.0 28.4 20
1309952412596 20.0 100.0 28.4 20
1309952413094 20.0 100.0 28.4 20
1309952413591 20.0 100.0 28.4 20
1309952414096 20.0 100.0 28.6 20
1309952414594 20.0 100.0 28.4 20
1309952415094 20.0 100.0 28.6 20
1309952415591 20.0 100.0 28.6 20
1309952416098 20.0 100.0 28.6 20
1309952416594 20.0 100.0 28.6 20
1309952417092 20.0 100.0 28.6 20
1309952417589 20.0 100.0 28.6 20
1309952418096 20.0 100.0 28.6 20
1309952418593 20.0 100.0 28.7 20
1309952419091 20.0 100.0 28.7 20
1309952419598 20.0 100.0 28.7 20
1309952420095 20.0 100.0 28.7 20
1309952420590 20.0 100.0 28.8 20
1309952421096 20.0 100.0 28.8 20
1309952421593 20.0 100.0 28.8 20
1309952422088 20.0 100.0 28.8 20
1309952422593 20.0 100.0 28.8 20
1309952423090 20.0 100.0 28.9 20
1309952423595 20.0 100.0 28.8 20
1309952424089 20.0 100.0 28.6 20
1309952424593 20.0 100.0 28.8 20
1309952425088 20.0 100.0 28.8 20
1309952425592 20.0 100.0 28.9 20
1309952426097 20.0 100.0 28.9 20
1309952426592 20.0 100.0 29.0 20
1309952427097 20.0 100.0 29.0 20
1309952427592 20.0 100.0 29.1 20
1309952428096 20.0 100.0 29.1 20
1309952428592 20.0 100.0 29.1 20
1309952429097 20.0 100.0 29.3 20
1309952429592 20.0 100.0 29.3 20
1309952430097 20.0 100.0 29.3 20
1309952430590 20.0 100.0 29.4 20
1309952431096 20.0 100.0 29.4 20
1309952431593 20.0 100.0 29.4 20
1309952432088 20.0 100.0 29.4 20
1309952432594 20.0 100.0 29.5 20
1309952433090 20.0 100.0 29.5 20
1309952433595 20.0 100.0 29.5 20
1309952434091 20.0 100.0 29.5 20
1309952434597 20.0 100.0 29.7 20
1309952435092 20.0 100.0 29.6 20
1309952435596 20.0 100.0 29.7 20
1309952436092 20.0 100.0 29.7 20
1309952436597 20.0 100.0 29.7 20
1309952437091 20.0 100.0 29.7 20
1309952437597 20.0 100.0 29.6 20
1309952438092 20.0 100.0 29.7 20
1309952438597 20.0 100.0 29.7 20
1309952439092 20.0 100.0 29.8 20
1309952439595 20.0 100.0 29.8 20
1309952440091 20.0 100.0 29.8 20
1309952440597 20.0 100.0 29.8 20
1309952441092 20.0 100.0 30.0 20
1309952441597 20.0 100.0 30.0 20
1309952442093 20.0 100.0 30.1 20
1309952442597 20.0 100.0 30.1 20
1309952443092 20.0 100.0 30.1 20
1309952443597 20.0 100.0 30.2 20
1309952444092 20.0 100.0 30.2 20
1309952444598 20.0 100.0 30.2 20
1309952445096 20.0 100.0 30.2 20
1309952445589 20.0 100.0 30.2 20
1309952446094 20.0 100.0 30.2 20
1309952446587 20.0 100.0 30.3 20
1309952447093 20.0 100.0 30.3 20
1309952447597 20.0 100.0 30.3 20
1309952448092 20.0 100.0 30.3 20
1309952448598 20.0 100.0 30.3 20
1309952449092 20.0 100.0 30.1 20
1309952449599 20.0 100.0 30.3 20
1309952450092 20.0 100.0 30.4 20
1309952450596 20.0 100.0 30.4 20
1309952451089 20.0 100.0 30.4 20
1309952451595 20.0 100.0 30.4 20
1309952452090 20.0 100.0 30.4 20
1309952452592 20.0 100.0 30.5 20
1309952453096 20.0 100.0 30.5 20
1309952453590 20.0 100.0 30.5 20
1309952454096 20.0 100.0 30.5 20
1309952454589 20.0 100.0 30.5 20
1309952455094 20.0 100.0 30.7 20
1309952455588 20.0 100.0 30.7 20
1309952456092 20.0 100.0 30.5 20
1309952456595 20.0 100.0 30.5 20
1309952457089 20.0 100.0 30.7 20
1309952457594 20.0 100.0 30.7 20
1309952458088 20.0 100.0 30.7 20
1309952458593 20.0 100.0 30.7 20
1309952459097 20.0 100.0 30.7 20
1309952459590 20.0 100.0 30.7 20
1309952460094 20.0 100.0 30.7 20
1309952460588 20.0 100.0 30.7 20
1309952461093 20.0 100.0 30.4 20
1309952461597 20.0 100.0 30.5 20
1309952462091 20.0 100.0 30.7 20
1309952462595 20.0 100.0 30.7 20
1309952463088 20.0 100.0 30.7 20
1309952463593 20.0 100.0 30.7 20
1309952464087 20.0 100.0 30.8 20
1309952464588 20.0 100.0 30.7 20
1309952465093 20.0 100.0 30.9 20
1309952465598 20.0 100.0 30.7 20
1309952466091 20.0 100.0 30.8 20
1309952466594 20.0 100.0 30.8 20
1309952467097 20.0 100.0 30.9 20
1309952467590 20.0 100.0 30.9 20
1309952468093 20.0 100.0 30.9 20
1309952468598 20.0 100.0 30.9 20
1309952469093 20.0 100.0 30.9 20
1309952469595 20.0 100.0 30.9 20
1309952470089 20.0 100.0 30.9 20
1309952470593 20.0 100.0 30.8 20
1309952471096 20.0 100.0 30.9 20
1309952471588 20.0 100.0 30.9 20
1309952472089 20.0 100.0 30.7 20
1309952472594 20.0 100.0 30.8 20
1309952473096 20.0 100.0 30.8 20
1309952473589 20.0 100.0 30.7 20
1309952474093 20.0 100.0 30.9 20
1309952474597 20.0 100.0 30.9 20
1309952475089 20.0 100.0 30.9 20
1309952475593 20.0 100.0 30.9 20
1309952476096 20.0 100.0 30.9 20
1309952476588 20.0 100.0 30.9 20
1309952477091 20.0 100.0 31.0 20
1309952477594 20.0 100.0 31.0 20
1309952478097 20.0 100.0 30.9 20
1309952478590 20.0 100.0 31.0 20
1309952479093 20.0 100.0 31.0 20
1309952479598 20.0 100.0 30.9 20
1309952480092 20.0 100.0 31.0 20
1309952480594 20.0 100.0 31.0 20
1309952481098 20.0 100.0 31.0 20
1309952481590 20.0 100.0 31.0 20
1309952482092 20.0 100.0 31.0 20
1309952482596 20.0 100.0 31.0 20
1309952483088 20.0 100.0 31.0 20
1309952483592 20.0 100.0 31.0 20
1309952484095 20.0 100.0 31.0 20
1309952484598 20.0 100.0 30.9 20
1309952485090 20.0 100.0 30.9 20
1309952485593 20.0 100.0 31.0 20
1309952486096 20.0 100.0 31.0 20
1309952486589 20.0 100.0 31.0 20
1309952487093 20.0 100.0 31.0 20
1309952487597 20.0 100.0 31.0 20
1309952488090 20.0 100.0 31.0 20
1309952488594 20.0 100.0 31.1 20
1309952489097 20.0 100.0 31.0 20
1309952489592 20.0 100.0 31.1 20
1309952490096 20.0 100.0 31.1 20
1309952490589 20.0 100.0 31.1 20
1309952491094 20.0 100.0 31.1 20
1309952491588 20.0 100.0 31.0 20
1309952492092 20.0 100.0 31.1 20
1309952492596 20.0 100.0 31.1 20
1309952493097 20.0 100.0 31.1 20
1309952493590 20.0 100.0 31.1 20
1309952494094 20.0 100.0 31.1 20
1309952494598 20.0 100.0 31.1 20
1309952495091 20.0 100.0 31.1 20
1309952495595 20.0 100.0 31.0 20
1309952496097 20.0 100.0 30.9 20
1309952496591 20.0 100.0 31.0 20
1309952497094 20.0 100.0 31.0 20
1309952497598 20.0 100.0 31.1 20
1309952498090 20.0 100.0 31.0 20
1309952498594 20.0 100.0 31.0 20
1309952499096 20.0 100.0 31.1 20
1309952499589 20.0 100.0 31.1 20
1309952500093 20.0 100.0 31.1 20
1309952500594 20.0 100.0 31.1 20
1309952501096 20.0 100.0 31.1 20
1309952501597 20.0 100.0 31.1 20
1309952502088 20.0 100.0 31.1 20
1309952502592 20.0 100.0 31.1 20
1309952503095 20.0 100.0 31.1 20
1309952503597 20.0 100.0 31.1 20
1309952504088 20.0 100.0 31.1 20
1309952504591 20.0 100.0 31.2 20
1309952505096 20.0 100.0 31.1 20
1309952505589 20.0 100.0 31.1 20
1309952506094 20.0 100.0 31.1 20
1309952506595 20.0 100.0 31.1 20
1309952507096 20.0 100.0 31.1 20
1309952507590 20.0 100.0 30.9 20
1309952508095 20.0 100.0 31.1 20
1309952508598 20.0 100.0 31.1 20
1309952509091 20.0 100.0 31.1 20
1309952509592 20.0 100.0 31.2 20
1309952510095 20.0 100.0 31.1 20
1309952510597 20.0 100.0 31.1 20
1309952511091 20.0 100.0 31.1 20
1309952511595 20.0 100.0 31.1 20
1309952512097 20.0 100.0 31.1 20
1309952512591 20.0 100.0 31.2 20
1309952513100 20.0 100.0 31.1 20
1309952513593 20.0 100.0 31.2 20
1309952514097 20.0 100.0 31.2 20
1309952514589 20.0 100.0 31.2 20
1309952515093 20.0 100.0 31.2 20
1309952515598 20.0 100.0 31.2 20
1309952516092 20.0 100.0 31.2 20
1309952516595 20.0 100.0 31.2 20
1309952517098 20.0 100.0 31.1 20
1309952517592 20.0 100.0 31.1 20
1309952518095 20.0 100.0 31.2 20
1309952518599 20.0 100.0 31.1 20
1309952519091 20.0 100.0 31.1 20
1309952519594 20.0 100.0 31.1 20
1309952520097 20.0 100.0 31.0 20
1309952520591 20.0 100.0 31.1 20
1309952521093 20.0 100.0 31.1 20
1309952521595 20.0 100.0 31.1 20
1309952522098 20.0 100.0 31.1 20
1309952522591 20.0 100.0 31.1 20
1309952523094 20.0 100.0 31.1 20
1309952523598 20.0 100.0 31.1 20
1309952524090 20.0 100.0 31.2 20
1309952524594 20.0 100.0 31.1 20
1309952525095 20.0 100.0 31.2 20
1309952525599 20.0 100.0 31.2 20
1309952526090 20.0 100.0 31.2 20
1309952526595 20.0 100.0 31.2 20
1309952527100 20.0 100.0 31.2 20
1309952527592 20.0 100.0 31.2 20
1309952528094 20.0 100.0 31.2 20
1309952528596 20.0 100.0 31.2 20
1309952529099 20.0 100.0 31.2 20
1309952529591 20.0 100.0 31.2 20
1309952530095 20.0 100.0 31.1 20
1309952530599 20.0 100.0 31.2 20
1309952531093 20.0 100.0 31.1 20
1309952531596 20.0 100.0 31.1 20
1309952532099 20.0 100.0 31.2 20
1309952532590 20.0 100.0 31.2 20
1309952533094 20.0 100.0 31.2 20
1309952533597 20.0 100.0 31.2 20
1309952534089 20.0 100.0 31.2 20
1309952534594 20.0 100.0 31.2 20
1309952535096 20.0 100.0 31.2 20
1309952535600 20.0 100.0 31.4 20
1309952536094 20.0 100.0 31.2 20
1309952536597 20.0 100.0 31.2 20
1309952537089 20.0 100.0 31.4 20
1309952537594 20.0 100.0 31.4 20
1309952538098 20.0 100.0 31.2 20
1309952538592 20.0 100.0 31.2 20
1309952539094 20.0 100.0 31.4 20
1309952539596 20.0 100.0 31.4 20
1309952540098 20.0 100.0 31.4 20
1309952540590 20.0 100.0 31.4 20
1309952541096 20.0 100.0 31.4 20
1309952541598 20.0 100.0 31.2 20
1309952542100 20.0 100.0 31.4 20
1309952542594 20.0 100.0 31.1 20
1309952543095 20.0 100.0 31.2 20
1309952543598 20.0 100.0 31.1 20
1309952544099 20.0 100.0 31.4 20
1309952544592 20.0 100.0 31.2 20
1309952545096 20.0 100.0 31.2 20
1309952545604 20.0 100.0 31.2 20
1309952546098 20.0 100.0 31.2 20
1309952546591 20.0 100.0 31.2 20
1309952547095 20.0 100.0 31.4 20
1309952547597 20.0 100.0 31.2 20
1309952548091 20.0 100.0 31.4 20
1309952548594 20.0 100.0 31.2 20
1309952549098 20.0 100.0 31.2 20
1309952549597 20.0 100.0 31.4 20
1309952550091 20.0 100.0 31.4 20
1309952550595 20.0 100.0 31.4 20
1309952551098 20.0 100.0 31.2 20
1309952551591 20.0 100.0 31.2 20
1309952552095 20.0 100.0 31.4 20
1309952552598 20.0 100.0 31.2 20
1309952553092 20.0 100.0 31.2 20
1309952553595 20.0 100.0 31.4 20
1309952554098 20.0 100.0 31.0 20
1309952554591 20.0 100.0 31.2 20
1309952555094 20.0 100.0 31.2 20
1309952555598 20.0 100.0 31.2 20
1309952556091 20.0 100.0 31.4 20
1309952556595 20.0 100.0 31.2 20
1309952557096 20.0 100.0 31.2 20
1309952557599 20.0 100.0 31.2 20
1309952558092 20.0 100.0 31.2 20
1309952558595 20.0 100.0 31.2 20
1309952559098 20.0 100.0 31.2 20
1309952559593 20.0 100.0 31.2 20
1309952560095 20.0 100.0 31.2 20
1309952560595 20.0 100.0 31.2 20
1309952561090 20.0 100.0 31.2 20
1309952561595 20.0 100.0 31.2 20
1309952562097 20.0 100.0 31.2 20
1309952562599 20.0 100.0 31.2 20
1309952563093 20.0 100.0 31.2 20
1309952563597 20.0 100.0 31.4 20
1309952564101 20.0 100.0 31.2 20
1309952564595 20.0 100.0 31.2 20
1309952565098 20.0 100.0 31.2 20
1309952565596 20.0 100.0 31.1 20
1309952566101 20.0 100.0 31.1 20
1309952566592 20.0 100.0 31.0 20
1309952567093 20.0 100.0 31.1 20
1309952567597 20.0 100.0 31.1 20
1309952568098 20.0 100.0 31.1 20
1309952568591 20.0 100.0 31.2 20
1309952569094 20.0 100.0 31.2 20
1309952569598 20.0 100.0 31.2 20
1309952570100 20.0 100.0 31.1 20
1309952570593 20.0 100.0 31.2 20
1309952571098 20.0 100.0 31.2 20
1309952571601 20.0 100.0 31.2 20
1309952572093 20.0 100.0 31.2 20
1309952572596 20.0 100.0 31.2 20
1309952573099 20.0 100.0 31.2 20
1309952573592 20.0 100.0 31.2 20
1309952574092 20.0 100.0 31.2 20
1309952574594 20.0 100.0 31.2 20
1309952575097 20.0 100.0 31.4 20
1309952575601 20.0 100.0 31.2 20
1309952576095 20.0 100.0 31.2 20
1309952576599 20.0 100.0 31.2 20
1309952577091 20.0 100.0 31.2 20
1309952577595 20.0 100.0 31.2 20
1309952578099 20.0 100.0 31.1 20
1309952578592 20.0 100.0 31.2 20
1309952579095 20.0 100.0 31.4 20
1309952579598 20.0 100.0 31.2 20
1309952580100 20.0 100.0 31.2 20
1309952580593 20.0 100.0 31.2 20
1309952581096 20.0 100.0 31.2 20
1309952581600 20.0 100.0 31.2 20
1309952582092 20.0 100.0 31.2 20
1309952582597 20.0 100.0 31.4 20
1309952583099 20.0 100.0 31.4 20
1309952583592 20.0 100.0 31.4 20
1309952584095 20.0 100.0 31.4 20
1309952584597 20.0 100.0 31.2 20
1309952585100 20.0 100.0 31.4 20
1309952585594 20.0 100.0 31.4 20
1309952586097 20.0 100.0 31.4 20
1309952586601 20.0 100.0 31.4 20
1309952587093 20.0 100.0 31.4 20
1309952587596 20.0 100.0 31.4 20
1309952588099 20.0 100.0 31.4 20
1309952588592 20.0 100.0 31.4 20
1309952589096 20.0 100.0 31.0 20
1309952589599 20.0 100.0 31.2 20
1309952590092 20.0 100.0 31.2 20
1309952590596 20.0 100.0 31.1 20
1309952591098 20.0 100.0 31.2 20
1309952591591 20.0 100.0 31.2 20
1309952592094 20.0 100.0 31.2 20
1309952592597 20.0 100.0 31.2 20
1309952593099 20.0 100.0 31.2 20
1309952593591 20.0 100.0 31.2 20
1309952594095 20.0 100.0 31.4 20
1309952594598 20.0 100.0 31.2 20
1309952595101 20.0 100.0 31.4 20
1309952595591 20.0 100.0 31.4 20
1309952596093 20.0 100.0 31.4 20
1309952596597 20.0 100.0 31.4 20
1309952597101 20.0 100.0 31.2 20
1309952597593 20.0 100.0 31.2 20
1309952598096 20.0 100.0 31.4 20
1309952598600 20.0 100.0 31.4 20
1309952599094 20.0 100.0 31.2 20
1309952599596 20.0 100.0 31.4 20
1309952600099 20.0 100.0 31.2 20
1309952600601 20.0 100.0 31.0 20
1309952601094 20.0 100.0 31.2 20
1309952601597 20.0 100.0 31.1 20
1309952602100 20.0 100.0 31.4 20
1309952602593 19.936 100.0 31.2 19
1309952603097 20.25 100.0 31.4 20
1309952603599 20.564 100.0 31.4 20
1309952604092 20.877 100.0 31.4 20
1309952604597 21.189 100.0 31.2 21
1309952605100 21.501 100.0 31.4 21
1309952605592 21.81 100.0 31.4 21
1309952606097 22.118 100.0 31.4 22
1309952606598 22.424 100.0 31.4 22
1309952607100 22.727 100.0 31.4 22
1309952607593 23.028 100.0 31.4 23
1309952608097 23.326 100.0 31.4 23
1309952608601 23.62 100.0 31.4 23
1309952609093 23.911 100.0 31.4 23
1309952609596 24.198 100.0 31.5 24
1309952610099 24.481 100.0 31.4 24
1309952610592 24.759 100.0 31.4 24
1309952611097 25.033 100.0 31.4 25
1309952611600 25.302 100.0 31.4 25
1309952612094 25.566 100.0 31.2 25
1309952612596 25.824 100.0 31.2 25
1309952613099 26.076 100.0 31.4 26
1309952613591 26.322 100.0 31.4 26
1309952614093 26.562 100.0 31.5 26
1309952614596 26.796 100.0 31.5 26
1309952615099 27.023 100.0 31.5 27
1309952615592 27.243 100.0 31.6 27
1309952616094 27.456 100.0 31.6 27
1309952616597 27.662 100.0 31.6 27
1309952617099 27.859 100.0 31.6 27
1309952617593 28.05 100.0 31.6 28
1309952618096 28.232 100.0 31.7 28
1309952618600 28.406 100.0 31.8 28
1309952619099 28.572 100.0 31.8 28
1309952619592 28.73 100.0 31.8 28
1309952620096 28.878 100.0 31.8 28
1309952620600 29.018 100.0 31.9 29
1309952621101 29.15 100.0 31.9 29
1309952621595 29.272 100.0 31.9 29
1309952622098 29.385 100.0 31.9 29
1309952622600 29.489 100.0 31.9 29
1309952623093 29.583 100.0 32.0 29
1309952623598 29.668 100.0 31.9 29
1309952624100 29.744 100.0 31.9 29
1309952624592 29.809 100.0 32.0 29
1309952625097 29.866 100.0 32.0 29
1309952625600 29.912 100.0 32.2 29
1309952626092 29.949 100.0 32.2 29
1309952626595 29.976 100.0 32.3 29
1309952627096 29.993 100.0 32.3 29
1309952627598 30.0 100.0 32.4 30
1309952628102 29.997 100.0 32.4 29
1309952628594 29.985 100.0 32.5 29
1309952629098 29.962 100.0 32.6 29
1309952629602 29.93 100.0 32.6 29
1309952630100 29.888 100.0 32.7 29
1309952630593 29.836 100.0 32.9 29
1309952631097 29.775 100.0 32.7 29
1309952631600 29.704 100.0 32.9 29
1309952632093 29.623 100.0 32.9 29
1309952632598 29.533 100.0 33.0 29
1309952633100 29.433 100.0 33.0 29
1309952633594 29.325 100.0 33.0 29
1309952634097 29.207 100.0 33.1 29
1309952634600 29.079 100.0 33.0 29
1309952635102 28.943 100.0 33.1 28
1309952635594 28.799 100.0 33.0 28
1309952636097 28.645 100.0 33.0 28
1309952636597 28.483 100.0 33.1 28
1309952637100 28.313 100.0 33.3 28
1309952637592 28.134 100.0 33.3 28
1309952638100 27.947 100.0 33.3 27
1309952638594 27.753 100.0 33.4 27
1309952639098 27.551 100.0 33.4 27
1309952639600 27.341 100.0 33.6 27
1309952640101 27.124 100.0 33.6 27
1309952640602 26.901 100.0 33.6 26
1309952641094 26.67 100.0 33.7 26
1309952641598 26.433 100.0 33.7 26
1309952642101 26.189 100.0 33.8 26
1309952642594 25.94 100.0 33.8 25
1309952643098 25.684 100.0 33.7 25
1309952643602 25.423 100.0 33.8 25
1309952644094 25.156 100.0 33.8 25
1309952644598 24.885 100.0 33.8 24
1309952645102 24.609 100.0 33.9 24
1309952645595 24.328 100.0 33.9 24
1309952646099 24.043 100.0 33.9 24
1309952646602 23.753 100.0 33.9 23
1309952647094 23.461 100.0 33.6 23
1309952647598 23.164 100.0 33.8 23
1309952648099 22.865 100.0 33.7 22
1309952648601 22.563 100.0 33.8 22
1309952649100 22.258 100.0 33.8 22
1309952649592 21.951 100.0 33.8 21
1309952650096 21.642 100.0 33.9 21
1309952650598 21.332 100.0 33.9 21
1309952651102 21.02 100.0 33.9 21
1309952651595 20.707 100.0 33.9 20
1309952652099 20.394 100.0 33.9 20
1309952652602 20.08 100.0 33.9 20
1309952653094 19.766 100.0 33.9 19
1309952653598 19.452 100.0 33.9 19
1309952654102 19.139 100.0 33.9 19
1309952654594 18.826 100.0 33.9 18
1309952655099 18.515 100.0 33.9 18
1309952655601 18.205 100.0 33.9 18
1309952656095 17.897 100.0 33.9 17
1309952656597 17.592 100.0 33.8 17
1309952657098 17.288 100.0 33.8 17
1309952657601 16.987 100.0 33.8 16
1309952658095 16.689 100.0 33.7 16
1309952658598 16.395 100.0 33.7 16
1309952659101 16.104 100.0 33.4 16
1309952659604 15.816 100.0 33.3 15
1309952660097 15.533 100.0 33.3 15
1309952660599 15.255 100.0 33.3 15
1309952661102 14.981 100.0 33.4 14
1309952661594 14.712 100.0 33.3 14
1309952662098 14.448 100.0 33.3 14
1309952662600 14.189 100.0 33.3 14
1309952663094 13.937 100.0 33.2 13
1309952663596 13.69 100.0 33.1 13
1309952664099 13.45 100.0 33.1 13
1309952664602 13.216 100.0 33.2 13
1309952665096 12.988 100.0 33.0 12
1309952665599 12.768 100.0 33.0 12
1309952666102 12.555 100.0 32.9 12
1309952666593 12.349 100.0 32.7 12
1309952667097 12.15 100.0 32.9 12
1309952667598 11.96 100.0 32.7 11
1309952668100 11.777 100.0 32.7 11
1309952668603 11.602 100.0 32.6 11
1309952669097 11.436 100.0 32.6 11
1309952669599 11.278 100.0 32.5 11
1309952670099 11.129 100.0 32.4 11
1309952670602 10.988 100.0 32.4 10
1309952671104 10.857 100.0 32.3 10
1309952671595 10.734 100.0 32.2 10
1309952672099 10.621 100.0 32.2 10
1309952672601 10.516 100.0 32.0 10
1309952673102 10.421 100.0 32.0 10
1309952673603 10.336 100.0 31.9 10
1309952674095 10.26 100.0 31.9 10
1309952674597 10.194 100.0 31.8 10
1309952675100 10.137 100.0 31.8 10
1309952675604 10.09 100.0 31.7 10
1309952676098 10.053 100.0 31.7 10
1309952676601 10.026 100.0 31.6 10
1309952677093 10.008 100.0 31.6 10
1309952677602 10.0 100.0 31.5 10
1309952678094 10.003 100.0 31.5 10
1309952678598 10.015 100.0 31.4 10
1309952679101 10.036 100.0 31.4 10
1309952679601 10.068 100.0 31.2 10
1309952680094 10.11 100.0 31.2 10
1309952680598 10.161 100.0 31.1 10
1309952681101 10.222 100.0 31.1 10
1309952681602 10.292 100.0 31.0 10
1309952682095 10.373 100.0 31.0 10
1309952682599 10.462 100.0 30.9 10
1309952683101 10.561 100.0 30.8 10
1309952683604 10.67 100.0 30.8 10
1309952684096 10.787 100.0 30.7 10
1309952684598 10.914 100.0 30.7 10
1309952685102 11.049 100.0 30.5 11
1309952685596 11.194 100.0 30.5 11
1309952686099 11.347 100.0 30.5 11
1309952686601 11.509 100.0 30.4 11
1309952687103 11.679 100.0 30.4 11
1309952687596 11.857 100.0 30.4 11
1309952688099 12.043 100.0 30.3 12
1309952688603 12.237 100.0 30.3 12
1309952689104 12.439 100.0 30.3 12
1309952689598 12.648 100.0 30.2 12
1309952690102 12.864 100.0 30.2 12
1309952690595 13.088 100.0 30.2 13
1309952691099 13.318 100.0 30.1 13
1309952691603 13.555 100.0 30.1 13
1309952692095 13.798 100.0 30.1 13
1309952692597 14.048 100.0 30.0 14
1309952693099 14.303 100.0 30.0 14
1309952693601 14.564 100.0 30.0 14
1309952694102 14.83 100.0 30.0 14
1309952694596 15.101 100.0 29.8 15
1309952695099 15.377 100.0 29.7 15
1309952695602 15.658 100.0 29.7 15
1309952696095 15.943 100.0 29.7 15
1309952696598 16.232 100.0 29.7 16
1309952697101 16.525 100.0 29.7 16
1309952697594 16.821 100.0 29.7 16
1309952698096 17.12 100.0 29.7 17
1309952698599 17.422 100.0 29.7 17
1309952699103 17.726 100.0 29.6 17
1309952699597 18.033 100.0 29.7 18
1309952700099 18.342 100.0 29.6 18
1309952700601 18.653 100.0 29.7 18
1309952701103 18.964 100.0 29.7 18
1309952701596 19.277 100.0 29.6 19
1309952702099 19.591 100.0 29.7 19
1309952702602 19.904 100.0 29.7 19
1309952703102 20.218 100.0 29.7 20
1309952703594 20.532 100.0 29.7 20
1309952704097 20.845 100.0 29.7 20
1309952704599 21.158 100.0 29.7 21
1309952705102 21.469 100.0 29.6 21
1309952705594 21.779 100.0 29.7 21
1309952706096 22.087 100.0 29.6 22
1309952706600 22.393 100.0 29.7 22
1309952707103 22.697 100.0 29.7 22
1309952707596 22.998 100.0 29.4 22
1309952708100 23.296 100.0 29.6 23
1309952708603 23.59 100.0 29.5 23
1309952709095 23.882 100.0 29.6 23
1309952709599 24.169 100.0 29.7 24
1309952710102 24.452 100.0 29.7 24
1309952710603 24.731 100.0 29.7 24
1309952711104 25.006 100.0 29.7 25
1309952711596 25.275 100.0 29.8 25
1309952712099 25.539 100.0 29.8 25
1309952712602 25.798 100.0 30.0 25
1309952713096 26.051 100.0 29.8 26
1309952713600 26.298 100.0 30.0 26
1309952714103 26.538 100.0 30.1 26
1309952714596 26.773 100.0 30.1 26
1309952715099 27.0 100.0 30.1 27
1309952715602 27.221 100.0 30.1 27
1309952716104 27.435 100.0 30.2 27
1309952716596 27.641 100.0 30.3 27
1309952717100 27.84 100.0 30.3 27
1309952717603 28.031 100.0 30.2 28
1309952718096 28.214 100.0 30.3 28
1309952718599 28.389 100.0 30.3 28
1309952719101 28.556 100.0 30.4 28
1309952719604 28.714 100.0 30.4 28
1309952720097 28.864 100.0 30.3 28
1309952720600 29.005 100.0 30.5 29
1309952721100 29.137 100.0 30.5 29
1309952721603 29.26 100.0 30.7 29
1309952722103 29.374 100.0 30.7 29
1309952722597 29.479 100.0 30.8 29
1309952723097 29.574 100.0 30.8 29
1309952723600 29.66 100.0 30.9 29
1309952724102 29.736 100.0 30.9 29
1309952724603 29.803 100.0 31.0 29
1309952725095 29.86 100.0 31.0 29
1309952725596 29.908 100.0 31.1 29
1309952726099 29.945 100.0 31.2 29
1309952726602 29.973 100.0 31.2 29
1309952727105 29.991 100.0 31.4 29
1309952727599 29.999 100.0 31.4 29
1309952728101 29.998 100.0 31.5 29
1309952728605 29.986 100.0 31.5 29
1309952729099 29.965 100.0 31.6 29
1309952729602 29.934 100.0 31.7 29
1309952730106 29.893 100.0 31.6 29
1309952730598 29.842 100.0 31.8 29
1309952731100 29.781 100.0 31.7 29
1309952731602 29.711 100.0 31.7 29
1309952732095 29.632 100.0 31.8 29
1309952732599 29.543 100.0 31.9 29
1309952733101 29.444 100.0 32.0 29
1309952733605 29.336 100.0 32.2 29
1309952734098 29.219 100.0 32.2 29
1309952734601 29.093 100.0 32.3 29
1309952735102 28.958 100.0 32.4 28
1309952735605 28.814 100.0 32.4 28
1309952736097 28.661 100.0 32.5 28
1309952736599 28.5 100.0 32.6 28
1309952737101 28.33 100.0 32.6 28
1309952737604 28.152 100.0 32.6 28
1309952738106 27.967 100.0 32.7 27
1309952738599 27.773 100.0 32.7 27
1309952739103 27.572 100.0 32.9 27
1309952739596 27.363 100.0 33.0 27
1309952740100 27.147 100.0 33.0 27
1309952740603 26.924 100.0 33.0 26
1309952741095 26.694 100.0 33.1 26
1309952741598 26.457 100.0 33.0 26
1309952742102 26.214 100.0 33.0 26
1309952742604 25.965 100.0 33.0 25
1309952743097 25.71 100.0 33.1 25
1309952743600 25.45 100.0 33.0 25
1309952744102 25.184 100.0 33.1 25
1309952744604 24.913 100.0 33.2 24
1309952745097 24.637 100.0 33.3 24
1309952745598 24.356 100.0 33.3 24
1309952746101 24.072 100.0 33.3 24
1309952746603 23.783 100.0 33.3 23
1309952747104 23.49 100.0 33.4 23
1309952747596 23.194 100.0 33.4 23
1309952748097 22.895 100.0 33.6 22
1309952748601 22.593 100.0 33.4 22
1309952749102 22.289 100.0 33.6 22
1309952749605 21.982 100.0 33.6 21
1309952750096 21.674 100.0 33.6 21
1309952750597 21.363 100.0 33.6 21
1309952751101 21.052 100.0 33.6 21
1309952751602 20.739 100.0 33.6 20
1309952752104 20.425 100.0 33.6 20
1309952752596 20.111 100.0 33.6 20
1309952753100 19.797 100.0 33.6 19
1309952753599 19.484 100.0 33.4 19
1309952754099 19.17 100.0 33.6 19
1309952754601 18.858 100.0 33.3 18
1309952755104 18.547 100.0 33.2 18
1309952755595 18.237 100.0 33.3 18
1309952756099 17.929 100.0 33.4 17
1309952756601 17.622 100.0 33.2 17
1309952757103 17.319 100.0 33.3 17
1309952757595 17.018 100.0 33.3 17
1309952758097 16.719 100.0 33.3 16
1309952758600 16.424 100.0 33.3 16
1309952759102 16.133 100.0 33.2 16
1309952759604 15.845 100.0 33.2 15
1309952760096 15.562 100.0 33.3 15
1309952760601 15.283 100.0 33.2 15
1309952761103 15.008 100.0 33.2 15
1309952761604 14.739 100.0 33.1 14
1309952762096 14.474 100.0 33.1 14
1309952762600 14.215 100.0 33.0 14
1309952763102 13.962 100.0 33.0 13
1309952763605 13.715 100.0 33.0 13
1309952764096 13.474 100.0 32.9 13
1309952764600 13.239 100.0 33.0 13
1309952765103 13.011 100.0 32.9 13
1309952765606 12.79 100.0 32.7 12
1309952766097 12.576 100.0 32.6 12
1309952766600 12.369 100.0 32.7 12
1309952767103 12.17 100.0 32.5 12
1309952767607 11.979 100.0 32.5 11
1309952768101 11.795 100.0 32.5 11
1309952768605 11.62 100.0 32.4 11
1309952769097 11.453 100.0 32.3 11
1309952769601 11.294 100.0 32.3 11
1309952770103 11.144 100.0 32.3 11
1309952770598 11.002 100.0 32.3 11
1309952771101 10.87 100.0 32.2 10
1309952771603 10.746 100.0 32.2 10
1309952772106 10.632 100.0 32.0 10
1309952772598 10.527 100.0 32.0 10
1309952773101 10.431 100.0 31.9 10
1309952773604 10.344 100.0 31.9 10
1309952774098 10.267 100.0 31.9 10
1309952774601 10.2 100.0 31.8 10
1309952775103 10.142 100.0 31.7 10
1309952775606 10.094 100.0 31.7 10
1309952776099 10.056 100.0 31.6 10
1309952776601 10.028 100.0 31.6 10
1309952777104 10.009 100.0 31.5 10
1309952777607 10.001 100.0 31.4 10
1309952778101 10.002 100.0 31.4 10
1309952778604 10.013 100.0 31.2 10
1309952779106 10.034 100.0 31.2 10
1309952779600 10.065 100.0 31.1 10
1309952780103 10.105 100.0 31.1 10
1309952780606 10.155 100.0 31.0 10
1309952781099 10.215 100.0 31.0 10
1309952781602 10.285 100.0 30.9 10
1309952782104 10.364 100.0 30.8 10
1309952782597 10.453 100.0 30.9 10
1309952783101 10.551 100.0 30.8 10
1309952783603 10.658 100.0 30.8 10
1309952784106 10.775 100.0 30.7 10
1309952784599 10.901 100.0 30.7 10
1309952785101 11.035 100.0 30.5 11
1309952785604 11.179 100.0 30.5 11
1309952786105 11.331 100.0 30.5 11
1309952786598 11.492 100.0 30.5 11
1309952787102 11.661 100.0 30.4 11
1309952787604 11.838 100.0 30.3 11
1309952788107 12.024 100.0 30.3 12
1309952788601 12.217 100.0 30.3 12
1309952789105 12.418 100.0 30.3 12
1309952789597 12.626 100.0 30.2 12
1309952790102 12.842 100.0 30.2 12
1309952790605 13.065 100.0 30.1 13
1309952791098 13.295 100.0 30.1 13
1309952791602 13.531 100.0 30.1 13
1309952792105 13.773 100.0 30.0 13
1309952792597 14.022 100.0 30.1 14
1309952793101 14.277 100.0 30.0 14
1309952793604 14.537 100.0 30.0 14
1309952794097 14.803 100.0 30.0 14
1309952794599 15.073 100.0 29.8 15
1309952795101 15.349 100.0 30.0 15
1309952795605 15.629 100.0 29.8 15
1309952796098 15.914 100.0 29.8 15
1309952796602 16.202 100.0 29.8 16
1309952797104 16.495 100.0 29.7 16
1309952797598 16.79 100.0 29.8 16
1309952798102 17.089 100.0 29.7 17
1309952798604 17.391 100.0 29.7 17
1309952799097 17.695 100.0 29.7 17
1309952799598 18.002 100.0 29.7 18
1309952800102 18.311 100.0 29.7 18
1309952800605 18.621 100.0 29.7 18
1309952801097 18.933 100.0 29.7 18
1309952801602 19.245 100.0 29.7 19
1309952802103 19.559 100.0 29.7 19
1309952802606 19.873 100.0 29.5 19
1309952803107 20.187 100.0 29.5 20
1309952803601 20.5 100.0 29.6 20
1309952804102 20.814 100.0 29.5 20
1309952804603 21.126 100.0 29.6 21
1309952805106 21.438 100.0 29.6 21
1309952805597 21.748 100.0 29.6 21
1309952806101 22.056 100.0 29.6 22
1309952806603 22.362 100.0 29.7 22
1309952807107 22.666 100.0 29.7 22
1309952807599 22.967 100.0 29.6 22
1309952808099 23.266 100.0 29.7 23
1309952808603 23.561 100.0 29.8 23
1309952809106 23.852 100.0 29.7 23
1309952809606 24.14 100.0 29.7 24
1309952810098 24.424 100.0 29.7 24
1309952810601 24.703 100.0 29.8 24
1309952811104 24.978 100.0 29.8 24
1309952811607 25.248 100.0 29.8 25
1309952812099 25.512 100.0 29.8 25
1309952812601 25.772 100.0 30.0 25
1309952813104 26.025 100.0 30.0 26
1309952813606 26.273 100.0 30.0 26
1309952814099 26.514 100.0 30.0 26
1309952814603 26.749 100.0 29.7 26
1309952815106 26.978 100.0 30.0 26
1309952815600 27.199 100.0 29.8 27
1309952816103 27.413 100.0 30.1 27
1309952816606 27.62 100.0 30.1 27
1309952817098 27.82 100.0 30.2 27
1309952817602 28.012 100.0 30.3 28
1309952818106 28.196 100.0 30.3 28
1309952818598 28.372 100.0 30.3 28
1309952819102 28.539 100.0 30.3 28
1309952819605 28.698 100.0 30.4 28
1309952820107 28.849 100.0 30.5 28
1309952820599 28.991 100.0 30.4 28
1309952821101 29.124 100.0 30.7 29
1309952821604 29.248 100.0 30.7 29
1309952822107 29.363 100.0 30.8 29
1309952822599 29.468 100.0 30.8 29
1309952823103 29.565 100.0 30.9 29
1309952823606 29.652 100.0 30.9 29
1309952824107 29.729 100.0 31.0 29
1309952824599 29.797 100.0 31.0 29
1309952825103 29.855 100.0 31.0 29
1309952825606 29.903 100.0 31.1 29
1309952826098 29.942 100.0 31.1 29
1309952826599 29.971 100.0 31.2 29
1309952827102 29.99 100.0 31.1 29
1309952827604 29.999 100.0 31.4 29
1309952828106 29.998 100.0 31.5 29
1309952828599 29.988 100.0 31.5 29
1309952829099 29.967 100.0 31.5 29
1309952829603 29.937 100.0 31.6 29
1309952830106 29.897 100.0 31.7 29
1309952830606 29.848 100.0 31.7 29
1309952831100 29.788 100.0 31.8 29
1309952831603 29.719 100.0 31.9 29
1309952832105 29.64 100.0 31.9 29
1309952832597 29.552 100.0 32.0 29
1309952833099 29.454 100.0 32.0 29
1309952833599 29.347 100.0 32.2 29
1309952834104 29.231 100.0 32.3 29
1309952834608 29.106 100.0 32.3 29
1309952835107 28.972 100.0 32.4 28
1309952835599 28.829 100.0 32.4 28
1309952836103 28.677 100.0 32.5 28
1309952836606 28.517 100.0 32.5 28
1309952837097 28.348 100.0 32.5 28
1309952837600 28.171 100.0 32.6 28
1309952838102 27.986 100.0 32.5 27
1309952838605 27.793 100.0 32.6 27
1309952839107 27.592 100.0 32.9 27
1309952839602 27.384 100.0 32.7 27
1309952840104 27.169 100.0 32.9 27
1309952840606 26.947 100.0 32.9 26
1309952841109 26.717 100.0 33.1 26
1309952841601 26.481 100.0 33.1 26
1309952842103 26.239 100.0 33.1 26
1309952842605 25.991 100.0 33.2 25
1309952843106 25.736 100.0 33.3 25
1309952843608 25.476 100.0 33.4 25
1309952844100 25.211 100.0 33.4 25
1309952844603 24.94 100.0 33.4 24
1309952845104 24.665 100.0 33.4 24
1309952845607 24.385 100.0 33.6 24
1309952846100 24.101 100.0 33.6 24
1309952846601 23.812 100.0 33.6 23
1309952847103 23.52 100.0 33.7 23
1309952847605 23.225 100.0 33.7 23
1309952848099 22.926 100.0 33.7 22
1309952848603 22.624 100.0 33.7 22
1309952849104 22.32 100.0 33.6 22
1309952849607 22.013 100.0 33.7 22
1309952850099 21.705 100.0 33.4 21
1309952850603 21.395 100.0 33.6 21
1309952851103 21.083 100.0 33.4 21
1309952851606 20.771 100.0 33.6 20
1309952852098 20.457 100.0 33.6 20
1309952852600 20.143 100.0 33.7 20
1309952853104 19.829 100.0 33.6 19
1309952853609 19.516 100.0 33.6 19
1309952854102 19.202 100.0 33.6 19
1309952854605 18.89 100.0 33.6 18
1309952855106 18.578 100.0 33.6 18
1309952855598 18.268 100.0 33.6 18
1309952856102 17.96 100.0 33.6 17
1309952856605 17.653 100.0 33.4 17
1309952857108 17.349 100.0 33.4 17
1309952857600 17.048 100.0 33.4 17
1309952858103 16.749 100.0 33.4 16
1309952858605 16.454 100.0 33.4 16
1309952859108 16.162 100.0 33.3 16
1309952859600 15.874 100.0 33.3 15
1309952860103 15.59 100.0 33.3 15
1309952860606 15.311 100.0 33.2 15
1309952861106 15.036 100.0 33.2 15
1309952861609 14.766 100.0 33.1 14
1309952862099 14.501 100.0 33.1 14
1309952862603 14.241 100.0 33.0 14
1309952863107 13.987 100.0 33.0 13
1309952863600 13.74 100.0 33.0 13
1309952864103 13.498 100.0 32.9 13
1309952864605 13.263 100.0 32.9 13
1309952865109 13.034 100.0 32.9 13
1309952865601 12.812 100.0 32.7 12
1309952866104 12.597 100.0 32.6 12
1309952866607 12.39 100.0 32.7 12
1309952867100 12.19 100.0 32.7 12
1309952867603 11.998 100.0 32.5 11
1309952868106 11.813 100.0 32.6 11
1309952868608 11.637 100.0 32.5 11
1309952869101 11.469 100.0 32.5 11
1309952869605 11.31 100.0 32.4 11
1309952870105 11.159 100.0 32.4 11
1309952870609 11.016 100.0 32.3 11
1309952871099 10.883 100.0 32.3 10
1309952871601 10.758 100.0 32.2 10
1309952872104 10.643 100.0 32.0 10
1309952872607 10.537 100.0 32.2 10
1309952873098 10.44 100.0 32.0 10
1309952873600 10.353 100.0 31.9 10
1309952874103 10.275 100.0 31.8 10
1309952874603 10.206 100.0 31.8 10
1309952875105 10.148 100.0 31.7 10
1309952875607 10.099 100.0 31.6 10
1309952876100 10.06 100.0 31.6 10
1309952876604 10.03 100.0 31.5 10
1309952877106 10.011 100.0 31.5 10
1309952877605 10.001 100.0 31.5 10
1309952878108 10.001 100.0 31.4 10
1309952878601 10.011 100.0 31.5 10
1309952879104 10.031 100.0 31.2 10
1309952879605 10.061 100.0 31.2 10
1309952880108 10.1 100.0 31.1 10
1309952880609 10.15 100.0 31.0 10
1309952881101 10.209 100.0 31.1 10
1309952881603 10.277 100.0 31.0 10
1309952882106 10.356 100.0 31.0 10
1309952882608 10.443 100.0 30.9 10
1309952883100 10.54 100.0 30.9 10
1309952883603 10.647 100.0 30.8 10
1309952884106 10.763 100.0 30.8 10
1309952884609 10.887 100.0 30.7 10
1309952885101 11.021 100.0 30.7 11
1309952885601 11.164 100.0 30.5 11
1309952886103 11.315 100.0 30.5 11
1309952886606 11.475 100.0 30.4 11
1309952887109 11.643 100.0 30.4 11
1309952887603 11.82 100.0 30.3 11
1309952888105 12.005 100.0 30.3 12
1309952888607 12.197 100.0 30.4 12
1309952889109 12.397 100.0 30.3 12
1309952889601 12.605 100.0 30.3 12
1309952890104 12.82 100.0 30.2 12
1309952890605 13.042 100.0 30.2 13
1309952891107 13.271 100.0 30.2 13
1309952891599 13.507 100.0 30.1 13
1309952892101 13.748 100.0 30.1 13
1309952892604 13.997 100.0 30.1 13
1309952893108 14.251 100.0 30.0 14
1309952893600 14.51 100.0 30.0 14
1309952894103 14.775 100.0 30.0 14
1309952894606 15.046 100.0 30.0 15
1309952895107 15.321 100.0 30.0 15
1309952895600 15.601 100.0 29.8 15
1309952896102 15.885 100.0 29.8 15
1309952896606 16.173 100.0 29.7 16
1309952897109 16.465 100.0 29.7 16
1309952897602 16.76 100.0 29.7 16
1309952898105 17.059 100.0 29.6 17
1309952898607 17.36 100.0 29.6 17
1309952899099 17.665 100.0 29.7 17
1309952899603 17.971 100.0 29.7 17
1309952900106 18.279 100.0 29.6 18
1309952900608 18.589 100.0 29.7 18
1309952901099 18.901 100.0 29.6 18
1309952901602 19.214 100.0 29.6 19
1309952902105 19.527 100.0 29.7 19
1309952902608 19.841 100.0 29.6 19
1309952903101 20.155 100.0 29.5 20
1309952903602 20.469 100.0 29.6 20
1309952904105 20.782 100.0 29.6 20
1309952904607 21.095 100.0 29.6 21
1309952905109 21.406 100.0 29.6 21
1309952905602 21.716 100.0 29.6 21
1309952906104 22.025 100.0 29.7 22
1309952906607 22.331 100.0 29.7 22
1309952907109 22.635 100.0 29.6 22
1309952907602 22.937 100.0 29.6 22
1309952908104 23.235 100.0 29.7 23
1309952908607 23.531 100.0 29.7 23
1309952909110 23.823 100.0 29.7 23
1309952909604 24.111 100.0 29.7 24
1309952910106 24.395 100.0 29.5 24
1309952910611 24.675 100.0 29.6 24
1309952911102 24.95 100.0 29.6 24
1309952911605 25.221 100.0 29.6 25
1309952912106 25.486 100.0 29.7 25
1309952912608 25.746 100.0 29.8 25
1309952913100 26.0 100.0 29.8 26
1309952913602 26.248 100.0 30.0 26
1309952914104 26.49 100.0 30.0 26
1309952914605 26.726 100.0 30.0 26
1309952915109 26.955 100.0 30.0 26
1309952915601 27.177 100.0 30.1 27
1309952916105 27.392 100.0 30.1 27
1309952916605 27.6 100.0 30.2 27
1309952917108 27.8 100.0 30.2 27
1309952917600 27.993 100.0 30.2 27
1309952918103 28.177 100.0 30.3 28
1309952918605 28.354 100.0 30.4 28
1309952919109 28.523 100.0 30.4 28
1309952919601 28.683 100.0 30.4 28
1309952920102 28.834 100.0 30.5 28
1309952920605 28.977 100.0 30.5 28
1309952921105 29.111 100.0 30.8 29
1309952921607 29.236 100.0 30.4 29
1309952922109 29.351 100.0 30.5 29
1309952922601 29.458 100.0 30.5 29
1309952923103 29.555 100.0 30.5 29
1309952923606 29.643 100.0 30.9 29
1309952924109 29.722 100.0 31.0 29
1309952924609 29.79 100.0 31.0 29
1309952925101 29.849 100.0 31.1 29
1309952925604 29.899 100.0 31.1 29
1309952926106 29.939 100.0 31.2 29
1309952926608 29.968 100.0 31.2 29
1309952927110 29.988 100.0 31.4 29
1309952927602 29.999 100.0 31.5 29
1309952928105 29.999 100.0 31.5 29
1309952928607 29.989 100.0 31.5 29
1309952929110 29.97 100.0 31.6 29
1309952929602 29.941 100.0 31.6 29
1309952930105 29.902 100.0 31.7 29
1309952930608 29.853 100.0 31.8 29
1309952931110 29.795 100.0 31.8 29
1309952931602 29.726 100.0 31.8 29
1309952932106 29.649 100.0 31.9 29
1309952932609 29.561 100.0 32.0 29
1309952933101 29.465 100.0 32.0 29
1309952933605 29.359 100.0 32.3 29
1309952934108 29.243 100.0 32.0 29
1309952934611 29.119 100.0 32.0 29
1309952935104 28.986 100.0 32.2 28
1309952935606 28.844 100.0 32.3 28
1309952936108 28.693 100.0 32.4 28
1309952936609 28.533 100.0 32.4 28
1309952937102 28.365 100.0 32.5 28
1309952937606 28.189 100.0 32.5 28
1309952938108 28.005 100.0 32.5 28
1309952938611 27.813 100.0 32.6 27
1309952939104 27.613 100.0 32.6 27
1309952939606 27.406 100.0 32.7 27
1309952940106 27.191 100.0 32.9 27
1309952940608 26.969 100.0 33.0 26
1309952941111 26.741 100.0 33.0 26
1309952941604 26.506 100.0 33.0 26
1309952942105 26.264 100.0 33.0 26
1309952942607 26.016 100.0 33.1 26
1309952943107 25.762 100.0 33.1 25
1309952943607 25.503 100.0 33.2 25
1309952944107 25.238 100.0 33.2 25
1309952944608 24.968 100.0 33.2 24
1309952945110 24.693 100.0 33.2 24
1309952945603 24.414 100.0 33.0 24
1309952946106 24.13 100.0 33.2 24
1309952946608 23.842 100.0 33.2 23
1309952947109 23.55 100.0 33.2 23
1309952947601 23.255 100.0 33.2 23
1309952948103 22.956 100.0 33.3 22
1309952948607 22.655 100.0 33.3 22
1309952949109 22.351 100.0 33.3 22
1309952949601 22.045 100.0 33.3 22
1309952950103 21.736 100.0 33.3 21
1309952950608 21.426 100.0 33.4 21
1309952951110 21.115 100.0 33.3 21
1309952951603 20.802 100.0 33.4 20
1309952952105 20.489 100.0 33.4 20
1309952952608 20.175 100.0 33.4 20
1309952953110 19.861 100.0 33.4 19
1309952953601 19.547 100.0 33.4 19
1309952954104 19.234 100.0 33.4 19
1309952954604 18.921 100.0 33.4 18
1309952955107 18.61 100.0 33.4 18
1309952955611 18.299 100.0 33.4 18
1309952956103 17.991 100.0 33.3 17
1309952956606 17.684 100.0 33.3 17
1309952957106 17.38 100.0 33.3 17
1309952957609 17.078 100.0 33.2 17
1309952958103 16.78 100.0 33.1 16
1309952958603 16.484 100.0 33.2 16
1309952959106 16.192 100.0 33.2 16
1309952959610 15.903 100.0 33.2 15
1309952960103 15.619 100.0 33.1 15
1309952960607 15.339 100.0 33.1 15
1309952961109 15.064 100.0 33.1 15
1309952961601 14.793 100.0 33.0 14
1309952962104 14.527 100.0 33.1 14
1309952962607 14.267 100.0 33.1 14
1309952963108 14.013 100.0 33.0 14
1309952963609 13.764 100.0 33.0 13
1309952964101 13.522 100.0 33.0 13
1309952964604 13.286 100.0 32.7 13
1309952965106 13.057 100.0 32.7 13
1309952965608 12.834 100.0 32.9 12
1309952966111 12.619 100.0 32.7 12
1309952966604 12.411 100.0 32.6 12
1309952967107 12.21 100.0 32.6 12
1309952967609 12.017 100.0 32.6 12
1309952968110 11.832 100.0 32.5 11
1309952968602 11.655 100.0 32.5 11
1309952969105 11.486 100.0 32.3 11
1309952969607 11.325 100.0 32.3 11
1309952970109 11.173 100.0 32.2 11
1309952970611 11.03 100.0 32.0 11
1309952971101 10.896 100.0 32.0 10
1309952971606 10.77 100.0 32.0 10
1309952972107 10.654 100.0 31.9 10
1309952972607 10.547 100.0 31.9 10
1309952973108 10.449 100.0 31.8 10
1309952973610 10.361 100.0 31.8 10
1309952974102 10.282 100.0 31.8 10
1309952974606 10.213 100.0 31.7 10
1309952975109 10.153 100.0 31.7 10
1309952975610 10.103 100.0 31.7 10
1309952976102 10.063 100.0 31.6 10
1309952976606 10.033 100.0 31.5 10
1309952977108 10.012 100.0 31.5 10
1309952977612 10.002 100.0 31.4 10
1309952978104 10.001 100.0 31.4 10
1309952978605 10.01 100.0 31.2 10
1309952979109 10.029 100.0 31.2 10
1309952979611 10.057 100.0 31.1 10
1309952980103 10.096 100.0 31.1 10
1309952980603 10.144 100.0 31.0 10
1309952981107 10.202 100.0 31.0 10
1309952981610 10.27 100.0 31.0 10
1309952982111 10.347 100.0 30.8 10
1309952982604 10.434 100.0 30.9 10
1309952983106 10.53 100.0 30.8 10
1309952983608 10.636 100.0 30.8 10
1309952984111 10.75 100.0 30.8 10
1309952984602 10.874 100.0 30.7 10
1309952985103 11.007 100.0 30.7 11
1309952985607 11.149 100.0 30.7 11
1309952986106 11.299 100.0 30.5 11
1309952986607 11.459 100.0 30.5 11
1309952987109 11.626 100.0 30.3 11
1309952987612 11.802 100.0 30.4 11
1309952988104 11.986 100.0 30.4 11
1309952988607 12.177 100.0 30.3 12
1309952989110 12.377 100.0 30.3 12
1309952989602 12.584 100.0 30.3 12
1309952990107 12.798 100.0 30.2 12
1309952990607 13.019 100.0 30.1 13
1309952991110 13.247 100.0 30.2 13
1309952991602 13.482 100.0 30.1 13
1309952992105 13.724 100.0 30.0 13
1309952992608 13.971 100.0 30.1 13
1309952993110 14.225 100.0 30.0 14
1309952993601 14.484 100.0 30.0 14
1309952994111 14.748 100.0 29.8 14
1309952994605 15.018 100.0 29.8 15
1309952995107 15.293 100.0 29.8 15
1309952995610 15.572 100.0 29.7 15
1309952996103 15.856 100.0 29.7 15
1309952996607 16.144 100.0 29.7 16
1309952997108 16.435 100.0 29.7 16
1309952997610 16.73 100.0 29.7 16
1309952998110 17.028 100.0 29.8 17
1309952998604 17.33 100.0 29.7 17
1309952999107 17.634 100.0 29.7 17
1309952999612 17.94 100.0 29.7 17
1309953000105 18.248 100.0 29.7 18
1309953000607 18.558 100.0 29.7 18
1309953001110 18.869 100.0 29.7 18
1309953001612 19.182 100.0 29.7 19
1309953002103 19.495 100.0 29.7 19
1309953002606 19.809 100.0 29.6 19
1309953003112 20.123 100.0 29.7 20
1309953003603 20.437 100.0 29.7 20
1309953004106 20.75 100.0 29.7 20
1309953004609 21.063 100.0 29.7 21
1309953005111 21.375 100.0 29.7 21
1309953005603 21.685 100.0 29.5 21
1309953006104 21.993 100.0 29.5 21
1309953006607 22.3 100.0 29.7 22
1309953007110 22.604 100.0 29.7 22
1309953007612 22.906 100.0 29.7 22
1309953008104 23.205 100.0 29.7 23
1309953008605 23.501 100.0 29.7 23
1309953009108 23.793 100.0 29.6 23
1309953009608 24.082 100.0 29.7 24
1309953010110 24.367 100.0 29.7 24
1309953010611 24.647 100.0 29.8 24
1309953011103 24.923 100.0 29.8 24
1309953011605 25.193 100.0 29.8 25
1309953012107 25.459 100.0 29.8 25
1309953012608 25.72 100.0 30.0 25
1309953013109 25.974 100.0 30.0 25
1309953013610 26.223 100.0 30.0 26
1309953014112 26.466 100.0 30.1 26
1309953014603 26.702 100.0 30.0 26
1309953015104 26.932 100.0 30.2 26
1309953015607 27.155 100.0 30.1 27
1309953016108 27.37 100.0 30.1 27
1309953016609 27.579 100.0 30.2 27
1309953017111 27.78 100.0 30.0 27
1309953017604 27.973 100.0 30.0 27
1309953018107 28.159 100.0 30.1 28
1309953018609 28.337 100.0 30.3 28
1309953019111 28.506 100.0 30.3 28
1309953019603 28.667 100.0 30.3 28
1309953020106 28.819 100.0 30.4 28
1309953020608 28.963 100.0 30.4 28
1309953021110 29.098 100.0 30.5 29
1309953021613 29.223 100.0 30.5 29
1309953022104 29.34 100.0 30.7 29
1309953022607 29.448 100.0 30.8 29
1309953023109 29.546 100.0 30.8 29
1309953023611 29.635 100.0 30.8 29
1309953024103 29.714 100.0 31.0 29
1309953024605 29.784 100.0 31.0 29
1309953025107 29.844 100.0 31.1 29
1309953025609 29.894 100.0 31.1 29
1309953026109 29.935 100.0 31.2 29
1309953026609 29.966 100.0 31.4 29
1309953027110 29.987 100.0 31.4 29
1309953027612 29.998 100.0 31.4 29
1309953028104 29.999 100.0 31.6 29
1309953028608 29.991 100.0 31.2 29
1309953029111 29.972 100.0 31.4 29
1309953029613 29.944 100.0 31.5 29
1309953030105 29.906 100.0 31.7 29
1309953030607 29.858 100.0 31.7 29
1309953031110 29.801 100.0 31.8 29
1309953031612 29.734 100.0 31.8 29
1309953032104 29.657 100.0 31.9 29
1309953032607 29.571 100.0 32.0 29
1309953033110 29.475 100.0 32.2 29
1309953033611 29.37 100.0 32.2 29
1309953034102 29.256 100.0 32.3 29
1309953034604 29.132 100.0 32.3 29
1309953035108 29.0 100.0 32.4 29
1309953035610 28.858 100.0 32.4 28
1309953036111 28.708 100.0 32.5 28
1309953036604 28.55 100.0 32.6 28
1309953037103 28.383 100.0 32.6 28
1309953037606 28.207 100.0 32.6 28
1309953038108 28.024 100.0 32.7 28
1309953038611 27.833 100.0 32.9 27
1309953039103 27.634 100.0 32.9 27
1309953039605 27.427 100.0 33.0 27
1309953040109 27.213 100.0 32.9 27
1309953040612 26.992 100.0 33.1 26
1309953041113 26.764 100.0 32.9 26
1309953041612 26.53 100.0 32.9 26
1309953042105 26.289 100.0 33.0 26
1309953042609 26.042 100.0 33.1 26
1309953043109 25.788 100.0 33.2 25
1309953043612 25.53 100.0 33.2 25
1309953044104 25.265 100.0 33.3 25
1309953044608 24.996 100.0 33.3 24
1309953045111 24.721 100.0 33.4 24
1309953045613 24.442 100.0 33.4 24
1309953046107 24.159 100.0 33.4 24
1309953046608 23.871 100.0 33.6 23
1309953047112 23.58 100.0 33.6 23
1309953047603 23.285 100.0 33.6 23
1309953048104 22.987 100.0 33.6 22
1309953048609 22.686 100.0 33.6 22
1309953049112 22.382 100.0 33.6 22
1309953049603 22.076 100.0 33.6 22
1309953050105 21.768 100.0 33.7 21
1309953050608 21.458 100.0 33.7 21
1309953051111 21.147 100.0 33.7 21
1309953051612 20.834 100.0 33.7 20
1309953052113 20.521 100.0 33.7 20
1309953052614 20.207 100.0 33.4 20
1309953053107 19.893 100.0 33.4 19
1309953053610 19.579 100.0 33.4 19
1309953054112 19.266 100.0 33.6 19
1309953054605 18.953 100.0 33.6 18
1309953055107 18.641 100.0 33.6 18
1309953055609 18.331 100.0 33.6 18
1309953056111 18.022 100.0 33.6 18
1309953056610 17.715 100.0 33.6 17
1309953057111 17.411 100.0 33.6 17
1309953057614 17.109 100.0 33.6 17
1309953058104 16.81 100.0 33.6 16
1309953058608 16.514 100.0 33.4 16
1309953059109 16.221 100.0 33.4 16
1309953059611 15.932 100.0 33.4 15
1309953060115 15.648 100.0 33.4 15
1309953060605 15.367 100.0 33.3 15
1309953061108 15.091 100.0 33.4 15
1309953061613 14.82 100.0 33.3 14
1309953062105 14.554 100.0 33.3 14
1309953062607 14.294 100.0 33.2 14
1309953063108 14.039 100.0 33.2 14
1309953063611 13.789 100.0 33.1 13
1309953064108 13.546 100.0 33.0 13
1309953064609 13.31 100.0 33.0 13
1309953065112 13.08 100.0 32.9 13
1309953065614 12.856 100.0 32.9 12
1309953066105 12.64 100.0 32.7 12
1309953066608 12.431 100.0 32.7 12
1309953067111 12.23 100.0 32.7 12
1309953067614 12.036 100.0 32.6 12
1309953068107 11.85 100.0 32.5 11
1309953068608 11.672 100.0 32.5 11
1309953069111 11.503 100.0 32.5 11
1309953069613 11.341 100.0 32.4 11
1309953070104 11.188 100.0 32.4 11
1309953070604 11.044 100.0 32.3 11
1309953071106 10.909 100.0 32.4 10
1309953071608 10.783 100.0 32.2 10
1309953072109 10.666 100.0 32.2 10
1309953072611 10.558 100.0 32.2 10
1309953073113 10.459 100.0 31.9 10
1309953073606 10.37 100.0 31.9 10
1309953074109 10.29 100.0 31.9 10
1309953074612 10.219 100.0 31.9 10
1309953075113 10.159 100.0 31.8 10
1309953075604 10.108 100.0 31.8 10
1309953076105 10.067 100.0 31.6 10
1309953076608 10.036 100.0 31.6 10
1309953077111 10.014 100.0 31.5 10
1309953077613 10.002 100.0 31.4 10
1309953078104 10.0 100.0 31.4 10
1309953078607 10.009 100.0 31.4 10
1309953079110 10.026 100.0 31.4 10
1309953079613 10.054 100.0 31.2 10
1309953080105 10.092 100.0 31.1 10
1309953080607 10.139 100.0 31.1 10
1309953081109 10.196 100.0 31.0 10
1309953081612 10.263 100.0 31.0 10
1309953082104 10.339 100.0 30.9 10
1309953082607 10.425 100.0 30.9 10
1309953083113 10.52 100.0 30.9 10
1309953083606 10.625 100.0 30.8 10
1309953084109 10.738 100.0 30.8 10
1309953084613 10.861 100.0 30.7 10
1309953085106 10.993 100.0 30.7 10
1309953085605 11.134 100.0 30.5 11
1309953086109 11.284 100.0 30.5 11
1309953086611 11.442 100.0 30.5 11
1309953087114 11.609 100.0 30.4 11
1309953087605 11.784 100.0 30.3 11
1309953088109 11.967 100.0 30.3 11
1309953088611 12.157 100.0 30.3 12
1309953089112 12.356 100.0 30.2 12
1309953089616 12.562 100.0 30.2 12
1309953090109 12.776 100.0 30.2 12
1309953090610 12.996 100.0 30.1 12
1309953091112 13.224 100.0 30.2 13
1309953091613 13.458 100.0 30.1 13
1309953092115 13.699 100.0 30.1 13
1309953092607 13.946 100.0 30.1 13
1309953093109 14.199 100.0 30.0 14
1309953093613 14.457 100.0 30.1 14
1309953094105 14.721 100.0 29.8 14
1309953094607 14.99 100.0 30.0 14
1309953095110 15.265 100.0 29.8 15
1309953095612 15.544 100.0 29.7 15
1309953096114 15.827 100.0 29.8 15
1309953096607 16.114 100.0 29.7 16
1309953097109 16.405 100.0 29.7 16
1309953097611 16.7 100.0 29.7 16
1309953098113 16.998 100.0 29.7 16
1309953098605 17.299 100.0 29.7 17
1309953099108 17.603 100.0 29.7 17
1309953099611 17.909 100.0 29.7 17
1309953100113 18.217 100.0 29.7 18
1309953100605 18.526 100.0 29.5 18
1309953101116 18.838 100.0 29.5 18
1309953101609 19.15 100.0 29.6 19
1309953102112 19.463 100.0 29.6 19
1309953102614 19.777 100.0 29.5 19
1309953103106 20.091 100.0 29.6 20
1309953103610 20.405 100.0 29.6 20
1309953104111 20.718 100.0 29.5 20
1309953104612 21.031 100.0 29.5 21
1309953105115 21.343 100.0 29.6 21
1309953105607 21.653 100.0 29.5 21
1309953106109 21.962 100.0 29.6 21
1309953106612 22.269 100.0 29.6 22
1309953107114 22.574 100.0 29.6 22
1309953107615 22.876 100.0 29.7 22
1309953108107 23.175 100.0 29.7 23
1309953108610 23.471 100.0 29.7 23
1309953109110 23.764 100.0 29.7 23
1309953109614 24.053 100.0 29.7 24
1309953110106 24.338 100.0 29.7 24
1309953110610 24.619 100.0 29.7 24
1309953111113 24.895 100.0 29.8 24
1309953111615 25.166 100.0 29.8 25
1309953112107 25.432 100.0 29.7 25
1309953112610 25.693 100.0 29.6 25
1309953113112 25.949 100.0 29.7 25
1309953113615 26.198 100.0 29.8 26
1309953114107 26.441 100.0 29.7 26
1309953114610 26.678 100.0 30.0 26
1309953115113 26.909 100.0 30.0 26
1309953115615 27.132 100.0 30.0 27
1309953116107 27.349 100.0 30.0 27
1309953116608 27.558 100.0 30.1 27
1309953117111 27.76 100.0 30.1 27
1309953117613 27.954 100.0 30.2 27
1309953118104 28.141 100.0 30.3 28
1309953118607 28.319 100.0 30.3 28
1309953119111 28.489 100.0 30.3 28
1309953119612 28.651 100.0 30.4 28
1309953120113 28.804 100.0 30.4 28
1309953120616 28.949 100.0 30.5 28
1309953121108 29.084 100.0 30.5 29
1309953121611 29.211 100.0 30.7 29
1309953122112 29.329 100.0 30.7 29
1309953122614 29.437 100.0 30.8 29
1309953123106 29.536 100.0 30.8 29
1309953123609 29.626 100.0 30.8 29
1309953124112 29.706 100.0 30.7 29
1309953124616 29.777 100.0 30.7 29
1309953125108 29.838 100.0 30.8 29
1309953125609 29.89 100.0 30.9 29
1309953126112 29.931 100.0 31.0 29
1309953126614 29.963 100.0 31.1 29
1309953127106 29.985 100.0 31.2 29
1309953127612 29.997 100.0 31.2 29
1309953128114 30.0 100.0 31.4 30
1309953128614 29.992 100.0 31.5 29
1309953129115 29.975 100.0 31.5 29
1309953129608 29.948 100.0 31.7 29
1309953130110 29.91 100.0 31.6 29
1309953130613 29.864 100.0 31.7 29
1309953131115 29.807 100.0 31.8 29
1309953131608 29.741 100.0 31.9 29
1309953132110 29.665 100.0 32.0 29
1309953132612 29.58 100.0 32.0 29
1309953133114 29.485 100.0 32.2 29
1309953133614 29.381 100.0 32.2 29
1309953134106 29.268 100.0 32.3 29
1309953134608 29.145 100.0 32.3 29
1309953135111 29.014 100.0 32.4 29
1309953135611 28.873 100.0 32.4 28
1309953136113 28.724 100.0 32.2 28
1309953136615 28.566 100.0 32.3 28
1309953137108 28.4 100.0 32.4 28
1309953137610 28.226 100.0 32.5 28
1309953138113 28.043 100.0 32.5 28
1309953138614 27.852 100.0 32.7 27
1309953139106 27.654 100.0 32.9 27
1309953139610 27.448 100.0 32.7 27
1309953140113 27.235 100.0 32.9 27
1309953140606 27.015 100.0 33.0 27
1309953141108 26.788 100.0 33.1 26
1309953141612 26.554 100.0 33.0 26
1309953142112 26.313 100.0 33.2 26
1309953142614 26.067 100.0 33.1 26
1309953143107 25.814 100.0 33.1 25
1309953143610 25.556 100.0 33.2 25
1309953144110 25.292 100.0 33.2 25
1309953144612 25.023 100.0 33.2 25
1309953145113 24.749 100.0 33.3 24
1309953145616 24.471 100.0 33.4 24
1309953146109 24.188 100.0 33.4 24
1309953146610 23.901 100.0 33.3 23
1309953147111 23.61 100.0 33.3 23
1309953147613 23.315 100.0 33.4 23
1309953148114 23.017 100.0 33.3 23
1309953148615 22.716 100.0 33.3 22
1309953149108 22.413 100.0 33.2 22
1309953149611 22.107 100.0 33.3 22
1309953150114 21.799 100.0 33.4 21
1309953150617 21.489 100.0 33.4 21
1309953151108 21.178 100.0 33.4 21
1309953151610 20.866 100.0 33.4 20
1309953152112 20.553 100.0 33.4 20
1309953152614 20.239 100.0 33.4 20
1309953153108 19.925 100.0 33.4 19
1309953153611 19.611 100.0 33.4 19
1309953154113 19.297 100.0 33.4 19
1309953154617 18.985 100.0 33.6 18
1309953155108 18.673 100.0 33.4 18
1309953155609 18.362 100.0 33.6 18
1309953156109 18.053 100.0 33.4 18
1309953156611 17.746 100.0 33.4 17
1309953157113 17.442 100.0 33.4 17
1309953157615 17.139 100.0 33.4 17
1309953158115 16.84 100.0 33.3 16
1309953158606 16.544 100.0 33.3 16
1309953159108 16.251 100.0 33.3 16
1309953159611 15.962 100.0 33.3 15
1309953160114 15.676 100.0 33.1 15
1309953160615 15.395 100.0 33.2 15
1309953161107 15.119 100.0 33.1 15
1309953161610 14.847 100.0 33.1 14
1309953162111 14.581 100.0 33.1 14
1309953162613 14.32 100.0 33.0 14
1309953163114 14.064 100.0 33.0 14
1309953163617 13.814 100.0 33.0 13
1309953164109 13.571 100.0 33.0 13
1309953164610 13.333 100.0 32.9 13
1309953165112 13.103 100.0 32.9 13
1309953165615 12.879 100.0 33.0 12
1309953166107 12.662 100.0 32.7 12
1309953166609 12.452 100.0 32.7 12
1309953167111 12.25 100.0 32.7 12
1309953167613 12.055 100.0 32.6 12
1309953168116 11.869 100.0 32.6 11
1309953168607 11.69 100.0 32.5 11
1309953169110 11.519 100.0 32.5 11
1309953169612 11.357 100.0 32.4 11
1309953170114 11.204 100.0 32.3 11
1309953170615 11.059 100.0 32.3 11
1309953171107 10.922 100.0 32.3 10
1309953171611 10.795 100.0 32.2 10
1309953172114 10.677 100.0 32.2 10
1309953172616 10.568 100.0 32.0 10
1309953173108 10.468 100.0 31.8 10
1309953173610 10.378 100.0 31.9 10
1309953174114 10.297 100.0 31.8 10
1309953174616 10.226 100.0 31.8 10
1309953175107 10.165 100.0 31.7 10
1309953175609 10.113 100.0 31.7 10
1309953176111 10.071 100.0 31.6 10
1309953176614 10.038 100.0 31.6 10
1309953177116 10.016 100.0 31.5 10
1309953177609 10.003 100.0 31.5 10
1309953178111 10.0 100.0 31.5 10
1309953178613 10.007 100.0 31.5 10
1309953179116 10.024 100.0 31.4 10
1309953179616 10.051 100.0 31.2 10
1309953180115 10.087 100.0 31.1 10
1309953180615 10.134 100.0 31.1 10
1309953181106 10.19 100.0 31.1 10
1309953181617 10.255 100.0 31.1 10
1309953182108 10.331 100.0 31.0 10
1309953182608 10.416 100.0 30.9 10
1309953183109 10.51 100.0 30.9 10
1309953183613 10.614 100.0 30.9 10
1309953184115 10.726 100.0 30.7 10
1309953184607 10.848 100.0 30.5 10
1309953185109 10.98 100.0 30.7 10
1309953185610 11.12 100.0 30.5 11
1309953186113 11.268 100.0 30.4 11
1309953186615 11.426 100.0 30.4 11
1309953187116 11.591 100.0 30.4 11
1309953187608 11.765 100.0 30.3 11
1309953188111 11.948 100.0 30.3 11
1309953188612 12.138 100.0 30.3 12
1309953189115 12.336 100.0 30.3 12
1309953189617 12.541 100.0 30.2 12
1309953190110 12.754 100.0 30.2 12
1309953190612 12.974 100.0 30.1 12
1309953191114 13.201 100.0 30.2 13
1309953191617 13.434 100.0 30.1 13
1309953192110 13.674 100.0 30.1 13
1309953192613 13.92 100.0 30.0 13
1309953193114 14.173 100.0 30.0 14
1309953193616 14.431 100.0 29.8 14
1309953194117 14.694 100.0 30.0 14
1309953194609 14.963 100.0 29.8 14
1309953195112 15.237 100.0 29.8 15
1309953195614 15.515 100.0 29.7 15
1309953196115 15.798 100.0 29.5 15
1309953196607 16.085 100.0 29.7 16
1309953197110 16.376 100.0 29.6 16
1309953197612 16.67 100.0 29.6 16
1309953198113 16.968 100.0 29.7 16
1309953198615 17.268 100.0 29.6 17
1309953199107 17.572 100.0 29.6 17
1309953199618 17.877 100.0 29.6 17
1309953200110 18.185 100.0 29.7 18
1309953200610 18.495 100.0 29.6 18
1309953201113 18.806 100.0 29.7 18
1309953201613 19.118 100.0 29.6 19
1309953202114 19.431 100.0 29.6 19
1309953202615 19.745 100.0 29.5 19
1309953203118 20.059 100.0 29.6 20
1309953203607 20.373 100.0 29.6 20
1309953204110 20.687 100.0 29.6 20
1309953204614 21.0 100.0 29.6 21
1309953205118 21.311 100.0 29.6 21
1309953205610 21.622 100.0 29.7 21
1309953206110 21.931 100.0 29.6 21
1309953206613 22.238 100.0 29.6 22
1309953207112 22.543 100.0 29.6 22
1309953207615 22.845 100.0 29.7 22
1309953208115 23.145 100.0 29.6 23
1309953208617 23.441 100.0 29.5 23
1309953209118 23.734 100.0 29.5 23
1309953209611 24.024 100.0 29.5 24
1309953210113 24.309 100.0 29.6 24
1309953210616 24.59 100.0 29.7 24
1309953211108 24.867 100.0 29.7 24
1309953211611 25.139 100.0 29.7 25
1309953212113 25.406 100.0 29.7 25
1309953212616 25.667 100.0 29.8 25
1309953213117 25.923 100.0 29.8 25
1309953213609 26.173 100.0 30.0 26
1309953214110 26.417 100.0 30.0 26
1309953214612 26.655 100.0 30.0 26
1309953215113 26.886 100.0 30.1 26
1309953215614 27.11 100.0 30.1 27
1309953216113 27.327 100.0 30.1 27
1309953216615 27.537 100.0 30.2 27
1309953217107 27.74 100.0 30.2 27
1309953217610 27.935 100.0 30.2 27
1309953218112 28.122 100.0 30.3 28
1309953218613 28.301 100.0 30.3 28
1309953219116 28.472 100.0 30.4 28
1309953219608 28.635 100.0 30.4 28
1309953220111 28.789 100.0 30.4 28
1309953220614 28.934 100.0 30.3 28
1309953221115 29.071 100.0 30.3 29
1309953221616 29.199 100.0 30.4 29
1309953222117 29.317 100.0 30.7 29
1309953222608 29.427 100.0 30.5 29
1309953223108 29.527 100.0 30.7 29
1309953223611 29.617 100.0 30.8 29
1309953224114 29.699 100.0 30.9 29
1309953224616 29.77 100.0 30.9 29
1309953225117 29.833 100.0 31.0 29
1309953225610 29.885 100.0 31.1 29
1309953226112 29.928 100.0 31.1 29
1309953226615 29.96 100.0 31.2 29
1309953227116 29.983 100.0 31.4 29
1309953227618 29.997 100.0 31.4 29
1309953228111 30.0 100.0 31.5 30
1309953228612 29.993 100.0 31.5 29
1309953229116 29.977 100.0 31.6 29
1309953229620 29.951 100.0 31.6 29
1309953230116 29.915 100.0 31.6 29
1309953230607 29.869 100.0 31.8 29
1309953231118 29.813 100.0 31.8 29
1309953231610 29.748 100.0 31.8 29
1309953232112 29.673 100.0 31.9 29
1309953232610 29.589 100.0 31.8 29
1309953233113 29.495 100.0 31.9 29
1309953233615 29.392 100.0 32.0 29
1309953234115 29.28 100.0 32.2 29
1309953234616 29.158 100.0 32.2 29
1309953235116 29.027 100.0 32.3 29
1309953235608 28.888 100.0 32.4 28
1309953236111 28.74 100.0 32.4 28
1309953236610 28.583 100.0 32.5 28
1309953237111 28.417 100.0 32.5 28
1309953237614 28.244 100.0 32.7 28
1309953238114 28.062 100.0 32.7 28
1309953238615 27.872 100.0 32.7 27
1309953239118 27.675 100.0 32.9 27
1309953239616 27.47 100.0 33.0 27
1309953240119 27.257 100.0 32.9 27
1309953240618 27.038 100.0 33.0 27
1309953241111 26.811 100.0 33.1 26
1309953241614 26.578 100.0 33.1 26
1309953242117 26.338 100.0 33.2 26
1309953242607 26.092 100.0 33.2 26
1309953243109 25.84 100.0 33.2 25
1309953243611 25.583 100.0 33.3 25
1309953244113 25.319 100.0 33.4 25
1309953244616 25.051 100.0 33.2 25
1309953245117 24.777 100.0 33.3 24
1309953245611 24.499 100.0 33.4 24
1309953246114 24.217 100.0 33.6 24
1309953246617 23.93 100.0 33.6 23
1309953247108 23.639 100.0 33.6 23
1309953247609 23.345 100.0 33.6 23
1309953248112 23.047 100.0 33.7 23
1309953248613 22.747 100.0 33.7 22
1309953249115 22.444 100.0 33.7 22
1309953249616 22.138 100.0 33.8 22
1309953250117 21.83 100.0 33.8 21
1309953250610 21.521 100.0 33.8 21
1309953251110 21.21 100.0 33.8 21
1309953251610 20.898 100.0 33.8 20
1309953252114 20.584 100.0 33.8 20
1309953252614 20.271 100.0 33.8 20
1309953253116 19.957 100.0 33.8 19
1309953253618 19.643 100.0 33.8 19
1309953254118 19.329 100.0 33.8 19
1309953254610 19.016 100.0 33.8 19
1309953255109 18.704 100.0 33.8 18
1309953255612 18.394 100.0 33.8 18
1309953256114 18.085 100.0 33.7 18
1309953256616 17.777 100.0 33.4 17
1309953257120 17.472 100.0 33.7 17
1309953257612 17.17 100.0 33.4 17
1309953258113 16.87 100.0 33.7 16
1309953258615 16.574 100.0 33.6 16
1309953259117 16.28 100.0 33.6 16
1309953259610 15.991 100.0 33.4 15
1309953260112 15.705 100.0 33.4 15
1309953260614 15.424 100.0 33.4 15
1309953261116 15.147 100.0 33.4 15
1309953261618 14.875 100.0 33.4 14
1309953262111 14.608 100.0 33.3 14
1309953262615 14.346 100.0 33.3 14
1309953263116 14.09 100.0 33.2 14
1309953263618 13.839 100.0 33.3 13
1309953264111 13.595 100.0 33.2 13
1309953264613 13.357 100.0 33.1 13
1309953265115 13.126 100.0 33.1 13
1309953265617 12.901 100.0 33.1 12
1309953266119 12.684 100.0 33.0 12
1309953266610 12.473 100.0 33.0 12
1309953267112 12.27 100.0 33.0 12
1309953267616 12.075 100.0 32.9 12
1309953268109 11.887 100.0 32.7 11
1309953268612 11.708 100.0 32.5 11
1309953269115 11.536 100.0 32.5 11
1309953269620 11.373 100.0 32.5 11
1309953270114 11.219 100.0 32.5 11
1309953270607 11.073 100.0 32.5 11
1309953271109 10.936 100.0 32.4 10
1309953271611 10.808 100.0 32.4 10
1309953272114 10.689 100.0 32.4 10
1309953272616 10.579 100.0 32.3 10
1309953273119 10.478 100.0 32.3 10
1309953273610 10.387 100.0 32.2 10
1309953274112 10.305 100.0 32.0 10
1309953274615 10.233 100.0 32.2 10
1309953275118 10.17 100.0 32.0 10
1309953275609 10.118 100.0 31.9 10
1309953276111 10.074 100.0 31.9 10
1309953276615 10.041 100.0 31.8 10
1309953277118 10.018 100.0 31.7 10
1309953277610 10.004 100.0 31.7 10
1309953278112 10.0 100.0 31.6 10
1309953278614 10.006 100.0 31.7 10
1309953279116 10.022 100.0 31.6 10
1309953279618 10.048 100.0 31.5 10
1309953280117 10.083 100.0 31.5 10
1309953280619 10.129 100.0 31.1 10
1309953281111 10.184 100.0 31.2 10
1309953281613 10.248 100.0 31.1 10
1309953282116 10.323 100.0 31.2 10
1309953282616 10.407 100.0 31.1 10
1309953283118 10.5 100.0 31.0 10
1309953283611 10.603 100.0 31.0 10
1309953284109 10.715 100.0 30.9 10
1309953284621 10.836 100.0 31.0 10
1309953285114 10.966 100.0 30.9 10
1309953285618 11.105 100.0 30.8 11
1309953286109 11.253 100.0 30.8 11
1309953286611 11.409 100.0 30.8 11
1309953287115 11.574 100.0 30.8 11
1309953287620 11.747 100.0 30.7 11
1309953288112 11.929 100.0 30.7 11
1309953288615 12.118 100.0 30.7 12
1309953289118 12.315 100.0 30.5 12
1309953289620 12.52 100.0 30.5 12
1309953290111 12.732 100.0 30.4 12
1309953290613 12.951 100.0 30.4 12
1309953291115 13.177 100.0 30.3 13
1309953291617 13.41 100.0 30.2 13
1309953292119 13.65 100.0 30.1 13
1309953292612 13.895 100.0 30.2 13
1309953293115 14.147 100.0 30.1 14
1309953293617 14.404 100.0 30.2 14
1309953294119 14.667 100.0 30.2 14
1309953294610 14.935 100.0 30.2 14
1309953295112 15.209 100.0 30.1 15
1309953295614 15.487 100.0 30.1 15
1309953296116 15.769 100.0 30.0 15
1309953296618 16.056 100.0 30.0 16
1309953297120 16.346 100.0 30.1 16
1309953297611 16.64 100.0 30.1 16
1309953298114 16.937 100.0 30.0 16
1309953298614 17.238 100.0 30.1 17
1309953299117 17.541 100.0 30.0 17
1309953299618 17.846 100.0 30.0 17
1309953300109 18.154 100.0 30.0 18
1309953300611 18.463 100.0 30.0 18
1309953301115 18.774 100.0 30.0 18
1309953301616 19.087 100.0 30.0 19
1309953302119 19.4 100.0 30.0 19
1309953302612 19.713 100.0 30.0 19
1309953303115 20.027 100.0 29.6 20
1309953303617 20.341 100.0 29.7 20
1309953304119 20.655 100.0 29.6 20
1309953304611 20.968 100.0 29.7 20
1309953305116 21.28 100.0 29.8 21
1309953305618 21.591 100.0 29.7 21
1309953306117 21.9 100.0 29.8 21
1309953306619 22.207 100.0 29.8 22
1309953307111 22.512 100.0 29.8 22
1309953307614 22.815 100.0 29.7 22
1309953308116 23.115 100.0 29.8 23
1309953308619 23.411 100.0 30.0 23
1309953309120 23.705 100.0 30.0 23
1309953309611 23.995 100.0 30.1 23
1309953310113 24.28 100.0 30.1 24
1309953310616 24.562 100.0 30.1 24
1309953311115 24.839 100.0 30.1 24
1309953311616 25.112 100.0 30.2 25
1309953312118 25.379 100.0 30.2 25
1309953312620 25.641 100.0 30.2 25
1309953313113 25.897 100.0 30.2 25
1309953313613 26.148 100.0 30.2 26
1309953314115 26.393 100.0 30.3 26
1309953314618 26.631 100.0 30.3 26
1309953315119 26.863 100.0 30.4 26
1309953315611 27.088 100.0 30.2 27
1309953316114 27.306 100.0 30.3 27
1309953316615 27.516 100.0 30.3 27
1309953317119 27.72 100.0 30.3 27
1309953317620 27.915 100.0 30.5 27
1309953318113 28.103 100.0 30.5 28
1309953318613 28.283 100.0 30.7 28
1309953319115 28.455 100.0 30.7 28
1309953319616 28.619 100.0 30.8 28
1309953320119 28.774 100.0 30.8 28
1309953320621 28.92 100.0 30.8 28
1309953321113 29.057 100.0 31.0 29
1309953321616 29.186 100.0 30.9 29
1309953322119 29.306 100.0 31.0 29
1309953322620 29.416 100.0 31.1 29
1309953323120 29.517 100.0 31.1 29
1309953323613 29.609 100.0 31.2 29
1309953324114 29.691 100.0 31.2 29
1309953324615 29.764 100.0 31.4 29
1309953325116 29.827 100.0 31.4 29
1309953325618 29.88 100.0 31.4 29
1309953326120 29.924 100.0 31.5 29
1309953326612 29.957 100.0 31.6 29
1309953327116 29.981 100.0 31.4 29
1309953327618 29.996 100.0 31.4 29
1309953328111 30.0 100.0 31.5 30
1309953328614 29.994 100.0 31.6 29
1309953329112 29.979 100.0 31.7 29
1309953329615 29.954 100.0 31.8 29
1309953330116 29.919 100.0 31.9 29
1309953330617 29.874 100.0 31.9 29
1309953331120 29.819 100.0 32.0 29
1309953331621 29.755 100.0 32.0 29
1309953332113 29.681 100.0 32.2 29
1309953332616 29.598 100.0 32.3 29
1309953333119 29.505 100.0 32.4 29
1309953333621 29.403 100.0 32.4 29
1309953334114 29.291 100.0 32.4 29
1309953334615 29.171 100.0 32.5 29
1309953335117 29.041 100.0 32.6 29
1309953335620 28.902 100.0 32.7 28
1309953336112 28.755 100.0 32.7 28
1309953336614 28.599 100.0 32.7 28
1309953337115 28.434 100.0 32.7 28
1309953337618 28.262 100.0 32.9 28
1309953338120 28.081 100.0 33.0 28
1309953338612 27.892 100.0 32.7 27
1309953339112 27.695 100.0 33.1 27
1309953339614 27.491 100.0 32.9 27
1309953340115 27.279 100.0 33.0 27
1309953340617 27.06 100.0 33.1 27
1309953341124 26.834 100.0 33.1 26
1309953341617 26.602 100.0 33.2 26
1309953342119 26.363 100.0 33.3 26
1309953342621 26.117 100.0 33.3 26
1309953343113 25.866 100.0 33.4 25
1309953343615 25.609 100.0 33.6 25
1309953344118 25.346 100.0 33.6 25
1309953344620 25.078 100.0 33.6 25
1309953345112 24.805 100.0 33.7 24
1309953345616 24.528 100.0 33.7 24
1309953346117 24.245 100.0 33.8 24
1309953346620 23.959 100.0 33.8 23
1309953347113 23.669 100.0 33.9 23
1309953347616 23.375 100.0 33.8 23
1309953348118 23.078 100.0 33.9 23
1309953348619 22.778 100.0 33.9 22
1309953349120 22.475 100.0 33.9 22
1309953349621 22.169 100.0 33.9 22
1309953350112 21.862 100.0 33.9 21
1309953350614 21.552 100.0 33.8 21
1309953351116 21.241 100.0 33.8 21
1309953351617 20.929 100.0 33.7 20
1309953352118 20.616 100.0 33.8 20
1309953352617 20.303 100.0 33.8 20
1309953353117 19.989 100.0 33.7 19
1309953353619 19.675 100.0 33.9 19
1309953354121 19.361 100.0 33.8 19
1309953354613 19.048 100.0 33.8 19
1309953355115 18.736 100.0 33.8 18
1309953355614 18.425 100.0 33.8 18
1309953356116 18.116 100.0 33.8 18
1309953356616 17.809 100.0 33.8 17
1309953357123 17.503 100.0 33.8 17
1309953357617 17.201 100.0 33.8 17
1309953358118 16.901 100.0 33.8 16
1309953358619 16.604 100.0 33.7 16
1309953359119 16.31 100.0 33.7 16
1309953359619 16.02 100.0 33.7 16
1309953360120 15.734 100.0 33.6 15
1309953360622 15.452 100.0 33.6 15
1309953361114 15.175 100.0 33.6 15
1309953361617 14.902 100.0 33.6 14
1309953362118 14.635 100.0 33.4 14
1309953362619 14.372 100.0 33.4 14
1309953363121 14.116 100.0 33.4 14
1309953363613 13.865 100.0 33.1 13
1309953364116 13.62 100.0 33.3 13
1309953364619 13.381 100.0 33.1 13
1309953365122 13.149 100.0 33.2 13
1309953365615 12.924 100.0 33.2 12
1309953366118 12.705 100.0 33.1 12
1309953366619 12.494 100.0 33.0 12
1309953367121 12.29 100.0 33.0 12
1309953367621 12.094 100.0 32.9 12
1309953368112 11.906 100.0 33.0 11
1309953368615 11.726 100.0 32.9 11
1309953369118 11.553 100.0 32.9 11
1309953369622 11.389 100.0 32.7 11
1309953370122 11.234 100.0 32.6 11
1309953370612 11.087 100.0 32.6 11
1309953371115 10.949 100.0 32.6 10
1309953371618 10.82 100.0 32.5 10
1309953372121 10.7 100.0 32.5 10
1309953372613 10.589 100.0 32.4 10
1309953373115 10.488 100.0 32.3 10
1309953373618 10.396 100.0 32.3 10
1309953374120 10.313 100.0 32.3 10
1309953374612 10.24 100.0 32.2 10
1309953375114 10.176 100.0 32.2 10
1309953375616 10.122 100.0 31.9 10
1309953376117 10.078 100.0 31.8 10
1309953376620 10.044 100.0 31.9 10
1309953377122 10.019 100.0 31.8 10
1309953377615 10.005 100.0 31.7 10
1309953378118 10.0 100.0 31.7 10
1309953378619 10.005 100.0 31.6 10
1309953379120 10.02 100.0 31.7 10
1309953379623 10.045 100.0 31.6 10
1309953380113 10.079 100.0 31.6 10
1309953380616 10.124 100.0 31.5 10
1309953381119 10.178 100.0 31.5 10
1309953381621 10.241 100.0 31.4 10
1309953382114 10.315 100.0 31.4 10
1309953382615 10.398 100.0 31.2 10
1309953383117 10.49 100.0 31.1 10
1309953383619 10.592 100.0 31.1 10
1309953384121 10.703 100.0 31.1 10
1309953384614 10.823 100.0 31.0 10
1309953385117 10.952 100.0 31.0 10
1309953385618 11.09 100.0 30.9 11
1309953386122 11.237 100.0 30.9 11
1309953386613 11.393 100.0 30.9 11
1309953387117 11.557 100.0 30.7 11
1309953387618 11.729 100.0 30.7 11
1309953388121 11.91 100.0 30.7 11
1309953388623 12.099 100.0 30.5 12
1309953389114 12.295 100.0 30.5 12
1309953389614 12.499 100.0 30.5 12
1309953390116 12.71 100.0 30.4 12
1309953390618 12.929 100.0 30.4 12
1309953391120 13.154 100.0 30.4 13
1309953391623 13.386 100.0 30.3 13
1309953392115 13.625 100.0 30.3 13
1309953392618 13.87 100.0 30.3 13
1309953393117 14.121 100.0 30.3 14
1309953393620 14.378 100.0 30.3 14
1309953394110 14.64 100.0 30.2 14
1309953394623 14.908 100.0 30.2 14
1309953395115 15.181 100.0 30.2 15
1309953395616 15.458 100.0 30.1 15
1309953396118 15.74 100.0 30.1 15
1309953396620 16.026 100.0 30.1 16
1309953397122 16.316 100.0 30.1 16
1309953397615 16.61 100.0 30.0 16
1309953398117 16.907 100.0 30.0 16
1309953398620 17.207 100.0 29.8 17
1309953399123 17.51 100.0 29.7 17
1309953399614 17.815 100.0 29.8 17
1309953400116 18.123 100.0 29.8 18
1309953400618 18.432 100.0 29.8 18
1309953401119 18.743 100.0 30.0 18
1309953401621 19.055 100.0 29.8 19
1309953402123 19.368 100.0 29.8 19
