0.10000E+01 0.10000E+03 0.50000E+02 0.30000E+02
0.20000E+01 0.76000E+02 0.50000E+02 0.29800E+02
0.30000E+01 0.81000E+02 0.50000E+02 0.29800E+02
0.40000E+01 0.83000E+02 0.50000E+02 0.30000E+02
0.50000E+01 0.82000E+02 0.50000E+02 0.30000E+02
0.60000E+01 0.84000E+02 0.50000E+02 0.30000E+02
0.70000E+01 0.86000E+02 0.50000E+02 0.30100E+02
0.80000E+01 0.86000E+02 0.50000E+02 0.30200E+02
0.90000E+01 0.87000E+02 0.50000E+02 0.30300E+02
0.10000E+02 0.87000E+02 0.50000E+02 0.30500E+02
0.11000E+02 0.86000E+02 0.50000E+02 0.30800E+02
