 0.000E+00  0.350E+02  0.100E+03  0.241E+02
 0.100E+01  0.350E+02  0.000E+00  0.241E+02
 0.200E+01  0.350E+02  0.300E+01  0.240E+02
 0.300E+01  0.350E+02  0.900E+01  0.241E+02
 0.400E+01  0.350E+02  0.110E+02  0.240E+02
 0.500E+01  0.350E+02  0.160E+02  0.240E+02
 0.600E+01  0.350E+02  0.200E+02  0.241E+02
 0.700E+01  0.350E+02  0.230E+02  0.240E+02
 0.800E+01  0.350E+02  0.280E+02  0.241E+02
 0.900E+01  0.350E+02  0.310E+02  0.241E+02
 0.100E+02  0.350E+02  0.350E+02  0.241E+02
 0.110E+02  0.350E+02  0.390E+02  0.243E+02
 0.120E+02  0.350E+02  0.400E+02  0.243E+02
 0.130E+02  0.350E+02  0.440E+02  0.244E+02
 0.140E+02  0.350E+02  0.460E+02  0.244E+02
 0.150E+02  0.350E+02  0.500E+02  0.245E+02
 0.160E+02  0.350E+02  0.530E+02  0.246E+02
 0.170E+02  0.350E+02  0.550E+02  0.247E+02
 0.180E+02  0.350E+02  0.570E+02  0.248E+02
 0.190E+02  0.350E+02  0.600E+02  0.251E+02
 0.200E+02  0.350E+02  0.600E+02  0.253E+02
 0.210E+02  0.350E+02  0.610E+02  0.254E+02
 0.220E+02  0.350E+02  0.630E+02  0.257E+02
 0.230E+02  0.350E+02  0.620E+02  0.258E+02
 0.240E+02  0.350E+02  0.640E+02  0.260E+02
 0.250E+02  0.350E+02  0.650E+02  0.261E+02
 0.260E+02  0.350E+02  0.670E+02  0.265E+02
 0.270E+02  0.350E+02  0.650E+02  0.267E+02
 0.280E+02  0.350E+02  0.650E+02  0.269E+02
 0.290E+02  0.350E+02  0.660E+02  0.272E+02
 0.300E+02  0.350E+02  0.650E+02  0.275E+02
 0.310E+02  0.350E+02  0.640E+02  0.277E+02
 0.320E+02  0.350E+02  0.640E+02  0.280E+02
 0.330E+02  0.350E+02  0.630E+02  0.282E+02
 0.340E+02  0.350E+02  0.630E+02  0.286E+02
 0.350E+02  0.350E+02  0.600E+02  0.288E+02
 0.360E+02  0.350E+02  0.590E+02  0.290E+02
 0.370E+02  0.350E+02  0.590E+02  0.293E+02
 0.380E+02  0.350E+02  0.570E+02  0.295E+02
 0.390E+02  0.350E+02  0.570E+02  0.297E+02
 0.400E+02  0.350E+02  0.560E+02  0.300E+02
 0.410E+02  0.350E+02  0.540E+02  0.302E+02
 0.420E+02  0.350E+02  0.530E+02  0.303E+02
 0.430E+02  0.350E+02  0.540E+02  0.305E+02
 0.440E+02  0.350E+02  0.530E+02  0.307E+02
 0.450E+02  0.350E+02  0.520E+02  0.308E+02
 0.460E+02  0.350E+02  0.520E+02  0.308E+02
 0.470E+02  0.350E+02  0.540E+02  0.310E+02
 0.480E+02  0.350E+02  0.530E+02  0.311E+02
 0.490E+02  0.350E+02  0.530E+02  0.310E+02
 0.500E+02  0.350E+02  0.560E+02  0.314E+02
 0.510E+02  0.350E+02  0.520E+02  0.314E+02
 0.520E+02  0.350E+02  0.530E+02  0.315E+02
 0.530E+02  0.350E+02  0.530E+02  0.315E+02
 0.540E+02  0.350E+02  0.540E+02  0.316E+02
 0.550E+02  0.350E+02  0.540E+02  0.317E+02
 0.560E+02  0.350E+02  0.540E+02  0.316E+02
 0.570E+02  0.350E+02  0.570E+02  0.317E+02
 0.580E+02  0.350E+02  0.570E+02  0.318E+02
 0.590E+02  0.350E+02  0.560E+02  0.318E+02
 0.600E+02  0.350E+02  0.580E+02  0.319E+02
 0.610E+02  0.350E+02  0.570E+02  0.319E+02
 0.620E+02  0.350E+02  0.590E+02  0.319E+02
 0.630E+02  0.350E+02  0.600E+02  0.322E+02
 0.640E+02  0.350E+02  0.570E+02  0.320E+02
 0.650E+02  0.350E+02  0.610E+02  0.322E+02
 0.660E+02  0.350E+02  0.590E+02  0.323E+02
 0.670E+02  0.350E+02  0.590E+02  0.324E+02
