0 0 100 39.50 1398771271481 1398771251516 1398771251526 1398771271753 0.10000E+01
1 50 50 39.30 1398771277924 1398771257955 1398771257966 1398771278193 0.10000E+01
2 50 50 39.40 1398771278937 1398771258845 1398771258855 1398771279081 0.20000E+01
3 50 50 39.40 1398771279929 1398771259851 1398771259862 1398771280088 0.30000E+01
4 50 50 39.40 1398771280937 1398771260846 1398771260857 1398771281084 0.40000E+01
5 50 50 39.40 1398771281933 1398771261734 1398771261744 1398771281969 0.50000E+01
6 50 50 39.50 1398771282939 1398771262737 1398771262747 1398771282973 0.60000E+01
7 50 50 39.50 1398771283921 1398771263745 1398771263755 1398771283983 0.70000E+01
8 50 50 39.50 1398771284931 1398771264730 1398771264741 1398771284967 0.80000E+01
9 50 50 39.60 1398771285937 1398771265734 1398771265745 1398771285971 0.90000E+01
10 50 50 39.60 1398771286939 1398771266733 1398771266744 1398771286975 0.10000E+02
11 50 50 39.80 1398771287921 1398771267833 1398771267844 1398771288069 0.11000E+02
12 50 50 39.80 1398771288935 1398771268842 1398771268852 1398771289078 0.12000E+02
13 50 50 39.80 1398771289926 1398771269847 1398771269858 1398771290083 0.13000E+02
14 50 50 40.00 1398771290931 1398771270730 1398771270740 1398771290968 0.14000E+02
15 50 50 40.10 1398771291937 1398771271731 1398771271742 1398771291968 0.15000E+02
16 50 50 40.30 1398771292936 1398771272728 1398771272739 1398771292964 0.16000E+02
17 50 50 40.30 1398771293931 1398771273728 1398771273738 1398771293963 0.17000E+02
18 50 50 40.80 1398771294932 1398771274726 1398771274737 1398771294962 0.18000E+02
19 50 50 40.90 1398771295931 1398771275726 1398771275736 1398771295961 0.19000E+02
20 50 50 41.00 1398771296932 1398771276729 1398771276740 1398771296966 0.20000E+02
21 50 50 41.00 1398771297935 1398771277731 1398771277741 1398771297968 0.21000E+02
22 50 50 41.50 1398771298938 1398771278730 1398771278741 1398771298967 0.22000E+02
23 50 50 41.40 1398771299934 1398771279732 1398771279743 1398771299968 0.23000E+02
24 50 50 41.90 1398771300936 1398771280748 1398771280758 1398771300985 0.24000E+02
25 50 50 41.90 1398771301931 1398771281743 1398771281754 1398771301979 0.25000E+02
26 50 50 42.30 1398771302928 1398771282721 1398771282732 1398771302957 0.26000E+02
27 50 50 42.50 1398771303925 1398771283719 1398771283730 1398771303956 0.27000E+02
28 50 50 42.50 1398771304926 1398771284725 1398771284736 1398771304962 0.28000E+02
29 50 50 42.90 1398771305932 1398771285734 1398771285744 1398771305970 0.29000E+02
30 50 50 43.20 1398771306937 1398771286742 1398771286753 1398771306979 0.30000E+02
31 50 50 43.20 1398771307926 1398771287835 1398771287846 1398771308073 0.31000E+02
32 50 50 43.70 1398771308939 1398771288819 1398771288830 1398771309056 0.32000E+02
33 50 50 43.90 1398771309923 1398771289804 1398771289815 1398771310040 0.33000E+02
34 50 50 44.40 1398771310926 1398771290792 1398771290802 1398771311027 0.34000E+02
35 50 50 44.10 1398771311934 1398771291789 1398771291800 1398771312029 0.35000E+02
36 50 50 44.70 1398771312935 1398771292728 1398771292739 1398771312964 0.36000E+02
37 50 50 45.00 1398771313932 1398771293725 1398771293737 1398771313961 0.37000E+02
38 50 50 45.30 1398771314930 1398771294823 1398771294834 1398771315060 0.38000E+02
39 50 50 45.30 1398771315928 1398771295727 1398771295738 1398771315963 0.39000E+02
40 50 50 45.80 1398771316930 1398771296725 1398771296735 1398771316960 0.40000E+02
41 50 50 46.00 1398771317930 1398771297724 1398771297735 1398771317960 0.41000E+02
42 50 50 46.40 1398771318928 1398771298729 1398771298739 1398771318965 0.42000E+02
43 50 50 46.70 1398771319934 1398771299730 1398771299741 1398771319966 0.43000E+02
44 50 50 46.60 1398771320935 1398771300734 1398771300745 1398771320971 0.44000E+02
45 50 50 47.20 1398771321921 1398771301716 1398771301728 1398771321954 0.45000E+02
46 50 50 47.30 1398771322923 1398771302717 1398771302728 1398771322953 0.46000E+02
47 50 50 47.50 1398771323922 1398771303729 1398771303739 1398771323965 0.47000E+02
48 50 50 47.90 1398771324933 1398771304728 1398771304739 1398771324965 0.48000E+02
49 50 50 48.10 1398771325933 1398771305725 1398771305736 1398771325961 0.49000E+02
50 50 50 48.40 1398771326929 1398771306730 1398771306741 1398771326967 0.50000E+02
51 50 50 48.30 1398771327935 1398771307727 1398771307737 1398771327962 0.51000E+02
52 50 50 49.00 1398771328931 1398771308725 1398771308736 1398771328961 0.52000E+02
53 50 50 49.30 1398771329929 1398771309722 1398771309734 1398771329959 0.53000E+02
54 50 50 49.60 1398771330929 1398771310727 1398771310737 1398771330962 0.54000E+02
55 50 50 49.80 1398771331930 1398771311729 1398771311740 1398771331965 0.55000E+02
56 50 50 50.00 1398771332933 1398771312727 1398771312738 1398771332962 0.56000E+02
57 50 50 50.20 1398771333931 1398771313738 1398771313748 1398771333977 0.57000E+02
58 50 50 50.50 1398771334926 1398771314721 1398771314732 1398771334957 0.58000E+02
59 50 50 50.80 1398771335925 1398771315720 1398771315731 1398771335957 0.59000E+02
60 50 50 51.10 1398771336925 1398771316719 1398771316730 1398771336955 0.60000E+02
61 50 50 51.40 1398771337922 1398771317717 1398771317727 1398771337952 0.61000E+02
62 50 50 51.60 1398771338919 1398771318725 1398771318736 1398771338961 0.62000E+02
63 50 50 51.70 1398771339930 1398771319731 1398771319741 1398771339967 0.63000E+02
64 50 50 52.10 1398771340934 1398771320729 1398771320739 1398771340964 0.64000E+02
65 50 50 52.30 1398771341932 1398771321725 1398771321736 1398771341964 0.65000E+02
66 50 50 52.40 1398771342934 1398771322726 1398771322737 1398771342962 0.66000E+02
67 50 50 52.60 1398771343930 1398771323727 1398771323739 1398771343964 0.67000E+02
68 50 50 53.00 1398771344933 1398771324728 1398771324739 1398771344964 0.68000E+02
69 50 50 53.00 1398771345933 1398771325726 1398771325736 1398771345961 0.69000E+02
70 50 50 53.20 1398771346931 1398771326725 1398771326736 1398771346961 0.70000E+02
71 50 50 53.60 1398771347931 1398771327726 1398771327737 1398771347962 0.71000E+02
72 50 50 53.80 1398771348931 1398771328726 1398771328736 1398771348961 0.72000E+02
73 50 50 53.90 1398771349930 1398771329723 1398771329734 1398771349958 0.73000E+02
74 50 50 54.00 1398771350927 1398771330721 1398771330731 1398771350956 0.74000E+02
75 50 50 54.40 1398771351925 1398771331721 1398771331732 1398771351957 0.75000E+02
76 50 50 54.60 1398771352926 1398771332734 1398771332745 1398771352969 0.76000E+02
77 50 50 54.60 1398771353938 1398771333742 1398771333753 1398771353980 0.77000E+02
78 50 50 54.80 1398771354928 1398771334722 1398771334732 1398771354957 0.78000E+02
79 50 50 55.20 1398771355926 1398771335726 1398771335738 1398771355963 0.79000E+02
80 50 50 55.40 1398771356932 1398771336727 1398771336739 1398771356963 0.80000E+02
81 50 50 55.40 1398771357932 1398771337745 1398771337757 1398771357982 0.81000E+02
82 50 50 55.80 1398771358931 1398771338723 1398771338734 1398771358962 0.82000E+02
83 50 50 55.90 1398771359931 1398771339726 1398771339737 1398771359961 0.83000E+02
84 50 50 56.00 1398771360931 1398771340725 1398771340735 1398771360959 0.84000E+02
85 50 50 56.20 1398771361928 1398771341725 1398771341735 1398771361960 0.85000E+02
86 50 50 56.50 1398771362929 1398771342724 1398771342734 1398771362959 0.86000E+02
87 50 50 56.50 1398771363928 1398771343722 1398771343732 1398771363957 0.87000E+02
88 50 50 56.70 1398771364926 1398771344720 1398771344731 1398771364955 0.88000E+02
89 50 50 57.10 1398771365924 1398771345719 1398771345730 1398771365955 0.89000E+02
90 50 50 57.10 1398771366925 1398771346720 1398771346731 1398771366955 0.90000E+02
91 50 50 57.20 1398771367924 1398771347718 1398771347729 1398771367955 0.91000E+02
92 50 50 57.40 1398771368924 1398771348720 1398771348731 1398771368956 0.92000E+02
93 50 50 57.40 1398771369925 1398771349721 1398771349732 1398771369957 0.93000E+02
94 50 50 57.60 1398771370926 1398771350720 1398771350731 1398771370955 0.94000E+02
95 50 50 57.90 1398771371924 1398771351722 1398771351733 1398771371958 0.95000E+02
96 50 50 58.00 1398771372926 1398771352720 1398771352731 1398771372956 0.96000E+02
97 50 50 58.20 1398771373926 1398771353720 1398771353731 1398771373955 0.97000E+02
98 50 50 58.20 1398771374923 1398771354721 1398771354733 1398771374958 0.98000E+02
99 50 50 58.30 1398771375927 1398771355721 1398771355732 1398771375958 0.99000E+02
100 50 50 58.60 1398771376927 1398771356723 1398771356733 1398771376958 0.10000E+03
101 50 50 58.40 1398771377926 1398771357720 1398771357730 1398771377955 0.10100E+03
102 50 50 58.40 1398771378924 1398771358720 1398771358731 1398771378956 0.10200E+03
103 50 50 58.90 1398771379925 1398771359719 1398771359730 1398771379956 0.10300E+03
104 50 50 59.00 1398771380925 1398771360718 1398771360730 1398771380954 0.10400E+03
105 50 50 59.30 1398771381923 1398771361719 1398771361731 1398771381956 0.10500E+03
106 50 50 59.30 1398771382925 1398771362723 1398771362734 1398771382958 0.10600E+03
107 50 50 59.30 1398771383927 1398771363721 1398771363732 1398771383957 0.10700E+03
108 50 50 59.50 1398771384926 1398771364720 1398771364731 1398771384956 0.10800E+03
109 50 50 59.60 1398771385924 1398771365721 1398771365732 1398771385956 0.10900E+03
110 50 50 59.60 1398771386926 1398771366724 1398771366735 1398771386959 0.11000E+03
111 50 50 59.70 1398771387927 1398771367733 1398771367744 1398771387968 0.11100E+03
112 50 50 59.80 1398771388937 1398771368733 1398771368744 1398771388968 0.11200E+03
113 50 50 60.10 1398771389937 1398771369730 1398771369741 1398771389964 0.11300E+03
114 50 50 60.20 1398771390933 1398771370729 1398771370741 1398771390965 0.11400E+03
115 50 50 60.50 1398771391934 1398771371729 1398771371740 1398771391964 0.11500E+03
116 50 50 60.40 1398771392932 1398771372725 1398771372736 1398771392960 0.11600E+03
117 50 50 60.50 1398771393928 1398771373724 1398771373735 1398771393959 0.11700E+03
118 50 50 60.70 1398771394927 1398771374725 1398771374736 1398771394960 0.11800E+03
119 50 50 60.70 1398771395928 1398771375724 1398771375735 1398771395959 0.11900E+03
120 50 50 60.90 1398771396928 1398771376721 1398771376731 1398771396956 0.12000E+03
121 50 50 61.00 1398771397924 1398771377718 1398771377730 1398771397954 0.12100E+03
122 50 50 61.10 1398771398923 1398771378721 1398771378732 1398771398956 0.12200E+03
123 50 50 61.20 1398771399924 1398771379718 1398771379730 1398771399954 0.12300E+03
124 50 50 61.40 1398771400921 1398771380715 1398771380726 1398771400951 0.12400E+03
125 50 50 61.50 1398771401940 1398771381733 1398771381743 1398771401975 0.12500E+03
126 50 50 61.60 1398771402923 1398771382720 1398771382731 1398771402954 0.12600E+03
127 50 50 61.60 1398771403923 1398771383717 1398771383728 1398771403952 0.12700E+03
128 50 50 61.70 1398771404920 1398771384713 1398771384724 1398771404948 0.12800E+03
129 50 50 61.80 1398771405937 1398771385732 1398771385743 1398771405968 0.12900E+03
130 50 50 62.10 1398771406937 1398771386731 1398771386741 1398771406965 0.13000E+03
131 50 50 61.90 1398771407934 1398771387730 1398771387740 1398771407964 0.13100E+03
132 50 50 62.20 1398771408933 1398771388727 1398771388737 1398771408961 0.13200E+03
133 50 50 62.20 1398771409930 1398771389725 1398771389736 1398771409960 0.13300E+03
134 50 50 62.30 1398771410928 1398771390729 1398771390740 1398771410963 0.13400E+03
135 50 50 62.30 1398771411932 1398771391726 1398771391737 1398771411961 0.13500E+03
136 50 50 62.40 1398771412930 1398771392724 1398771392735 1398771412959 0.13600E+03
137 50 50 62.50 1398771413927 1398771393720 1398771393731 1398771413954 0.13700E+03
138 50 50 62.60 1398771414922 1398771394717 1398771394728 1398771414952 0.13800E+03
139 50 50 62.60 1398771415921 1398771395720 1398771395731 1398771415955 0.13900E+03
140 50 50 62.80 1398771416924 1398771396734 1398771396745 1398771416969 0.14000E+03
141 50 50 62.90 1398771417937 1398771397742 1398771397752 1398771417976 0.14100E+03
142 50 50 62.90 1398771418925 1398771398719 1398771398730 1398771418955 0.14200E+03
143 50 50 63.10 1398771419924 1398771399720 1398771399730 1398771419954 0.14300E+03
144 50 50 63.10 1398771420923 1398771400737 1398771400747 1398771420970 0.14400E+03
145 50 50 63.20 1398771421938 1398771401851 1398771401861 1398771422085 0.14500E+03
146 50 50 63.30 1398771422933 1398771402729 1398771402741 1398771422965 0.14600E+03
147 50 50 63.30 1398771423933 1398771403726 1398771403736 1398771423960 0.14700E+03
148 50 50 63.40 1398771424929 1398771404722 1398771404734 1398771424957 0.14800E+03
149 50 50 63.60 1398771425926 1398771405722 1398771405732 1398771425956 0.14900E+03
150 50 50 63.30 1398771426925 1398771406720 1398771406732 1398771426956 0.15000E+03
151 50 50 63.80 1398771427925 1398771407833 1398771407844 1398771428068 0.15100E+03
152 50 50 63.80 1398771428936 1398771408818 1398771408830 1398771429053 0.15200E+03
153 50 50 63.90 1398771429921 1398771409801 1398771409812 1398771430036 0.15300E+03
154 50 50 63.90 1398771430924 1398771410785 1398771410796 1398771431022 0.15400E+03
155 50 50 63.90 1398771431930 1398771411779 1398771411789 1398771432013 0.15500E+03
156 50 50 64.10 1398771432921 1398771412718 1398771412728 1398771432952 0.15600E+03
157 50 50 64.10 1398771433921 1398771413718 1398771413729 1398771433954 0.15700E+03
158 50 50 64.30 1398771434922 1398771414720 1398771414731 1398771434954 0.15800E+03
159 50 50 64.10 1398771435923 1398771415720 1398771415731 1398771435955 0.15900E+03
160 50 50 64.40 1398771436924 1398771416718 1398771416730 1398771436953 0.16000E+03
161 50 50 64.50 1398771437922 1398771417720 1398771417731 1398771437954 0.16100E+03
162 50 50 64.50 1398771438923 1398771418725 1398771418736 1398771438959 0.16200E+03
163 50 50 64.50 1398771439928 1398771419839 1398771419850 1398771440073 0.16300E+03
164 50 50 64.60 1398771440921 1398771420718 1398771420728 1398771440952 0.16400E+03
165 50 50 64.80 1398771441940 1398771421735 1398771421746 1398771441969 0.16500E+03
166 50 50 64.60 1398771442938 1398771422738 1398771422750 1398771442974 0.16600E+03
167 50 50 65.00 1398771443921 1398771423717 1398771423727 1398771443954 0.16700E+03
168 50 50 65.00 1398771444923 1398771424721 1398771424731 1398771444955 0.16800E+03
169 50 50 65.00 1398771445924 1398771425721 1398771425731 1398771445955 0.16900E+03
170 50 50 65.00 1398771446924 1398771426720 1398771426730 1398771446954 0.17000E+03
171 50 50 65.10 1398771447922 1398771427717 1398771427728 1398771447951 0.17100E+03
172 50 50 65.10 1398771448940 1398771428734 1398771428746 1398771448973 0.17200E+03
173 50 50 65.10 1398771449921 1398771429722 1398771429733 1398771449957 0.17300E+03
174 50 50 65.50 1398771450925 1398771430720 1398771430731 1398771450954 0.17400E+03
175 50 50 65.50 1398771451923 1398771431718 1398771431729 1398771451953 0.17500E+03
176 50 50 65.40 1398771452921 1398771432717 1398771432727 1398771452950 0.17600E+03
177 50 50 65.50 1398771453939 1398771433740 1398771433750 1398771453973 0.17700E+03
178 50 50 65.70 1398771454921 1398771434716 1398771434727 1398771454951 0.17800E+03
179 50 50 65.50 1398771455939 1398771435732 1398771435742 1398771455966 0.17900E+03
180 50 50 65.80 1398771456934 1398771436726 1398771436737 1398771456961 0.18000E+03
181 50 50 65.80 1398771457929 1398771437723 1398771437734 1398771457958 0.18100E+03
182 50 50 65.90 1398771458926 1398771438725 1398771438736 1398771458959 0.18200E+03
183 50 50 66.00 1398771459928 1398771439727 1398771439738 1398771459964 0.18300E+03
184 50 50 66.00 1398771460932 1398771440730 1398771440742 1398771460965 0.18400E+03
185 50 50 66.00 1398771461934 1398771441728 1398771441740 1398771461964 0.18500E+03
186 50 50 65.80 1398771462933 1398771442726 1398771442737 1398771462961 0.18600E+03
187 50 50 66.10 1398771463930 1398771443734 1398771443744 1398771463968 0.18700E+03
188 50 50 66.20 1398771464936 1398771444742 1398771444753 1398771464976 0.18800E+03
189 50 50 66.10 1398771465924 1398771445718 1398771445729 1398771465953 0.18900E+03
190 50 50 66.40 1398771466922 1398771446717 1398771446727 1398771466951 0.19000E+03
191 50 50 66.50 1398771467940 1398771447745 1398771447755 1398771467979 0.19100E+03
192 50 50 66.60 1398771468927 1398771448734 1398771448746 1398771468968 0.19200E+03
193 50 50 66.40 1398771469936 1398771449734 1398771449744 1398771469968 0.19300E+03
194 50 50 66.60 1398771470937 1398771450730 1398771450742 1398771470965 0.19400E+03
195 50 50 66.70 1398771471934 1398771451729 1398771451740 1398771471964 0.19500E+03
196 50 50 66.80 1398771472933 1398771452726 1398771452737 1398771472960 0.19600E+03
197 50 50 66.60 1398771473929 1398771453727 1398771453738 1398771473961 0.19700E+03
198 50 50 66.80 1398771474929 1398771454723 1398771454735 1398771474958 0.19800E+03
199 50 50 66.80 1398771475927 1398771455730 1398771455741 1398771475965 0.19900E+03
200 50 50 66.90 1398771476934 1398771456749 1398771456760 1398771476983 0.20000E+03
201 50 50 67.10 1398771477932 1398771457727 1398771457738 1398771477961 0.20100E+03
202 50 50 67.10 1398771478928 1398771458723 1398771458734 1398771478959 0.20200E+03
203 50 50 67.30 1398771479926 1398771459730 1398771459741 1398771479965 0.20300E+03
204 50 50 67.30 1398771480934 1398771460729 1398771460740 1398771480963 0.20400E+03
205 50 50 67.30 1398771481931 1398771461729 1398771461739 1398771481965 0.20500E+03
206 50 50 67.40 1398771482933 1398771462728 1398771462738 1398771482961 0.20600E+03
207 50 50 67.50 1398771483930 1398771463724 1398771463735 1398771483958 0.20700E+03
208 50 50 67.40 1398771484928 1398771464728 1398771464739 1398771484962 0.20800E+03
209 50 50 67.30 1398771485931 1398771465734 1398771465745 1398771485969 0.20900E+03
210 50 50 67.50 1398771486938 1398771466735 1398771466745 1398771486969 0.21000E+03
211 50 50 67.60 1398771487937 1398771467732 1398771467743 1398771487966 0.21100E+03
212 50 50 67.80 1398771488935 1398771468733 1398771468744 1398771488967 0.21200E+03
213 50 50 67.80 1398771489935 1398771469728 1398771469739 1398771489962 0.21300E+03
214 50 50 67.80 1398771490931 1398771470728 1398771470739 1398771490964 0.21400E+03
215 50 50 67.90 1398771491932 1398771471730 1398771471741 1398771491964 0.21500E+03
216 50 50 67.90 1398771492932 1398771472731 1398771472742 1398771492965 0.21600E+03
217 50 50 68.00 1398771493934 1398771473729 1398771473740 1398771493963 0.21700E+03
218 50 50 68.10 1398771494931 1398771474726 1398771474737 1398771494961 0.21800E+03
219 50 50 68.00 1398771495929 1398771475724 1398771475735 1398771495958 0.21900E+03
220 50 50 68.00 1398771496927 1398771476723 1398771476734 1398771496956 0.22000E+03
221 50 50 67.60 1398771497925 1398771477720 1398771477730 1398771497954 0.22100E+03
222 50 50 68.10 1398771498922 1398771478721 1398771478732 1398771498955 0.22200E+03
223 50 50 68.20 1398771499923 1398771479717 1398771479727 1398771499952 0.22300E+03
224 50 50 68.30 1398771500940 1398771480741 1398771480751 1398771500974 0.22400E+03
225 50 50 68.50 1398771501922 1398771481717 1398771481728 1398771501950 0.22500E+03
226 50 50 68.50 1398771502939 1398771482734 1398771482745 1398771502968 0.22600E+03
227 50 50 68.50 1398771503937 1398771483730 1398771483742 1398771503964 0.22700E+03
228 50 50 68.50 1398771504932 1398771484728 1398771484740 1398771504962 0.22800E+03
229 50 50 68.30 1398771505930 1398771485729 1398771485740 1398771505963 0.22900E+03
230 50 50 68.70 1398771506932 1398771486732 1398771486742 1398771506967 0.23000E+03
231 50 50 68.60 1398771507935 1398771487731 1398771487742 1398771507965 0.23100E+03
232 50 50 68.60 1398771508932 1398771488727 1398771488738 1398771508961 0.23200E+03
233 50 50 68.70 1398771509929 1398771489737 1398771489747 1398771509970 0.23300E+03
234 50 50 68.80 1398771510939 1398771490735 1398771490747 1398771510969 0.23400E+03
235 50 50 68.90 1398771511938 1398771491744 1398771491755 1398771511977 0.23500E+03
236 50 50 68.80 1398771512925 1398771492724 1398771492734 1398771512957 0.23600E+03
237 50 50 69.00 1398771513925 1398771493720 1398771493731 1398771513954 0.23700E+03
238 50 50 68.90 1398771514922 1398771494721 1398771494732 1398771514954 0.23800E+03
239 50 50 69.00 1398771515923 1398771495717 1398771495728 1398771515950 0.23900E+03
240 50 50 69.10 1398771516938 1398771496731 1398771496742 1398771516965 0.24000E+03
241 50 50 69.00 1398771517933 1398771497729 1398771497740 1398771517962 0.24100E+03
242 50 50 69.10 1398771518931 1398771498726 1398771498738 1398771518960 0.24200E+03
243 50 50 69.30 1398771519929 1398771499728 1398771499739 1398771519961 0.24300E+03
244 50 50 69.40 1398771520930 1398771500729 1398771500739 1398771520962 0.24400E+03
245 50 50 69.40 1398771521930 1398771501725 1398771501735 1398771521958 0.24500E+03
246 50 50 69.40 1398771522925 1398771502724 1398771502735 1398771522958 0.24600E+03
247 50 50 69.50 1398771523927 1398771503723 1398771503733 1398771523956 0.24700E+03
248 50 50 69.50 1398771524925 1398771504726 1398771504738 1398771524961 0.24800E+03
249 50 50 69.50 1398771525930 1398771505725 1398771505735 1398771525966 0.24900E+03
250 50 50 69.50 1398771526934 1398771506728 1398771506739 1398771526962 0.25000E+03
251 50 50 69.50 1398771527930 1398771507725 1398771507736 1398771527959 0.25100E+03
252 50 50 69.70 1398771528927 1398771508738 1398771508750 1398771528973 0.25200E+03
253 50 50 69.70 1398771529940 1398771509735 1398771509746 1398771529973 0.25300E+03
254 50 50 69.70 1398771530921 1398771510717 1398771510729 1398771530952 0.25400E+03
255 50 50 69.60 1398771531940 1398771511738 1398771511749 1398771531973 0.25500E+03
256 50 50 69.70 1398771532921 1398771512716 1398771512727 1398771532950 0.25600E+03
257 50 50 70.00 1398771533938 1398771513732 1398771513743 1398771533966 0.25700E+03
258 50 50 69.60 1398771534934 1398771514729 1398771514739 1398771534962 0.25800E+03
259 50 50 70.00 1398771535930 1398771515731 1398771515742 1398771535964 0.25900E+03
260 50 50 70.10 1398771536933 1398771516742 1398771516753 1398771536975 0.26000E+03
261 50 50 70.00 1398771537923 1398771517719 1398771517731 1398771537958 0.26100E+03
262 50 50 69.80 1398771538926 1398771518721 1398771518732 1398771538955 0.26200E+03
263 50 50 70.10 1398771539923 1398771519724 1398771519734 1398771539957 0.26300E+03
264 50 50 70.20 1398771540925 1398771520723 1398771520733 1398771540957 0.26400E+03
265 50 50 70.20 1398771541925 1398771521719 1398771521730 1398771541952 0.26500E+03
266 50 50 70.10 1398771542921 1398771522723 1398771522734 1398771542957 0.26600E+03
267 50 50 70.30 1398771543925 1398771523727 1398771523738 1398771543961 0.26700E+03
268 50 50 70.40 1398771544929 1398771524746 1398771524757 1398771544979 0.26800E+03
269 50 50 70.50 1398771545928 1398771525724 1398771525735 1398771545958 0.26900E+03
270 50 50 70.30 1398771546926 1398771526722 1398771526732 1398771546954 0.27000E+03
271 50 50 70.50 1398771547923 1398771527837 1398771527848 1398771548071 0.27100E+03
272 50 50 70.50 1398771548938 1398771528826 1398771528837 1398771549063 0.27200E+03
273 50 50 70.50 1398771549930 1398771529807 1398771529819 1398771550042 0.27300E+03
274 50 50 70.50 1398771550930 1398771530794 1398771530806 1398771551028 0.27400E+03
275 50 50 70.70 1398771551935 1398771531785 1398771531796 1398771552018 0.27500E+03
276 50 50 70.70 1398771552928 1398771532728 1398771532739 1398771552963 0.27600E+03
277 50 50 70.80 1398771553931 1398771533733 1398771533744 1398771553967 0.27700E+03
278 50 50 70.50 1398771554936 1398771534733 1398771534743 1398771554970 0.27800E+03
279 50 50 70.80 1398771555938 1398771535732 1398771535744 1398771555965 0.27900E+03
280 50 50 70.90 1398771556934 1398771536732 1398771536742 1398771556966 0.28000E+03
281 50 50 70.90 1398771557934 1398771537753 1398771537764 1398771557986 0.28100E+03
282 50 50 70.80 1398771558933 1398771538729 1398771538740 1398771558963 0.28200E+03
283 50 50 71.00 1398771559932 1398771539734 1398771539745 1398771559968 0.28300E+03
284 50 50 70.80 1398771560937 1398771540734 1398771540745 1398771560973 0.28400E+03
285 50 50 71.00 1398771561921 1398771541733 1398771541744 1398771561968 0.28500E+03
286 50 50 70.80 1398771562936 1398771542735 1398771542746 1398771562968 0.28600E+03
287 50 50 71.10 1398771563937 1398771543735 1398771543746 1398771563969 0.28700E+03
288 50 50 70.70 1398771564937 1398771544731 1398771544743 1398771564965 0.28800E+03
289 50 50 70.90 1398771565932 1398771545727 1398771545738 1398771565961 0.28900E+03
290 50 50 71.20 1398771566929 1398771546732 1398771546743 1398771566967 0.29000E+03
291 50 50 71.20 1398771567935 1398771547736 1398771547747 1398771567970 0.29100E+03
292 50 50 71.20 1398771568938 1398771548739 1398771548750 1398771568972 0.29200E+03
293 50 50 71.20 1398771569940 1398771549735 1398771549746 1398771569968 0.29300E+03
294 50 50 71.40 1398771570936 1398771550733 1398771550743 1398771570971 0.29400E+03
295 50 50 71.50 1398771571939 1398771551734 1398771551746 1398771571969 0.29500E+03
296 50 50 71.60 1398771572937 1398771552733 1398771552744 1398771572966 0.29600E+03
297 50 50 71.60 1398771573934 1398771553736 1398771553746 1398771573969 0.29700E+03
298 50 50 71.60 1398771574937 1398771554737 1398771554749 1398771574971 0.29800E+03
299 50 50 71.50 1398771575939 1398771555746 1398771555757 1398771575979 0.29900E+03
300 50 50 71.60 1398771576926 1398771556723 1398771556734 1398771576956 0.30000E+03
301 60 50 71.60 1398771577925 1398771557723 1398771557734 1398771577957 0.30100E+03
302 60 50 71.70 1398771578926 1398771558723 1398771558733 1398771578955 0.30200E+03
303 60 50 71.60 1398771579923 1398771559735 1398771559746 1398771579968 0.30300E+03
304 60 50 71.70 1398771580936 1398771560766 1398771560777 1398771581003 0.30400E+03
305 60 50 71.80 1398771581932 1398771561727 1398771561738 1398771581960 0.30500E+03
306 60 50 71.90 1398771582929 1398771562724 1398771562735 1398771582958 0.30600E+03
307 60 50 72.10 1398771583926 1398771563726 1398771563738 1398771583960 0.30700E+03
308 60 50 72.20 1398771584928 1398771564724 1398771564734 1398771584958 0.30800E+03
309 60 50 72.30 1398771585927 1398771565727 1398771565738 1398771585961 0.30900E+03
310 60 50 72.20 1398771586929 1398771566802 1398771566813 1398771587036 0.31000E+03
311 60 50 72.20 1398771587923 1398771567780 1398771567790 1398771588012 0.31100E+03
312 60 50 72.40 1398771588940 1398771568779 1398771568791 1398771589013 0.31200E+03
313 60 50 72.60 1398771589941 1398771569782 1398771569793 1398771590015 0.31300E+03
314 60 50 72.90 1398771590923 1398771570735 1398771570745 1398771590967 0.31400E+03
315 60 50 72.90 1398771591935 1398771571738 1398771571750 1398771591972 0.31500E+03
316 60 50 73.10 1398771592940 1398771572746 1398771572757 1398771592979 0.31600E+03
317 60 50 73.10 1398771593926 1398771573730 1398771573740 1398771593962 0.31700E+03
318 60 50 73.30 1398771594930 1398771574728 1398771574740 1398771594962 0.31800E+03
319 60 50 73.20 1398771595930 1398771575731 1398771575741 1398771595963 0.31900E+03
320 60 50 73.60 1398771596931 1398771576757 1398771576768 1398771596999 0.32000E+03
321 60 50 73.80 1398771597927 1398771577725 1398771577736 1398771597958 0.32100E+03
322 60 50 73.80 1398771598927 1398771578724 1398771578735 1398771598957 0.32200E+03
323 60 50 73.90 1398771599926 1398771579728 1398771579740 1398771599962 0.32300E+03
324 60 50 74.00 1398771600930 1398771580732 1398771580743 1398771600966 0.32400E+03
325 60 50 74.10 1398771601934 1398771581732 1398771581742 1398771601976 0.32500E+03
326 60 50 74.10 1398771602924 1398771582719 1398771582730 1398771602952 0.32600E+03
327 60 50 74.50 1398771603940 1398771583734 1398771583745 1398771603968 0.32700E+03
328 60 50 74.70 1398771604936 1398771584751 1398771584762 1398771604987 0.32800E+03
329 60 50 74.70 1398771605935 1398771585738 1398771585749 1398771605971 0.32900E+03
330 60 50 74.80 1398771606939 1398771586733 1398771586744 1398771606967 0.33000E+03
331 40 50 75.00 1398771607935 1398771587735 1398771587746 1398771607968 0.33100E+03
332 40 50 75.00 1398771608936 1398771588741 1398771588753 1398771608974 0.33200E+03
333 40 50 75.10 1398771609922 1398771589719 1398771589731 1398771609953 0.33300E+03
334 40 50 75.10 1398771610940 1398771590735 1398771590746 1398771610967 0.33400E+03
335 40 50 75.30 1398771611936 1398771591732 1398771591742 1398771611964 0.33500E+03
336 40 50 75.40 1398771612932 1398771592737 1398771592748 1398771612969 0.33600E+03
337 40 50 75.10 1398771613937 1398771593737 1398771593748 1398771613970 0.33700E+03
338 40 50 75.40 1398771614937 1398771594732 1398771594743 1398771614964 0.33800E+03
339 40 50 75.40 1398771615932 1398771595729 1398771595740 1398771615962 0.33900E+03
340 40 50 75.20 1398771616931 1398771596727 1398771596738 1398771616960 0.34000E+03
341 40 50 75.20 1398771617929 1398771597726 1398771597737 1398771617960 0.34100E+03
342 40 50 75.30 1398771618928 1398771598734 1398771598745 1398771618967 0.34200E+03
343 40 50 75.10 1398771619935 1398771599754 1398771599764 1398771619986 0.34300E+03
344 40 50 74.80 1398771620934 1398771600754 1398771600766 1398771620987 0.34400E+03
345 40 50 75.00 1398771621935 1398771601731 1398771601742 1398771621963 0.34500E+03
346 40 50 74.80 1398771622932 1398771602730 1398771602741 1398771622964 0.34600E+03
347 40 50 74.70 1398771623931 1398771603734 1398771603744 1398771623967 0.34700E+03
348 40 50 74.50 1398771624935 1398771604731 1398771604741 1398771624963 0.34800E+03
349 40 50 74.60 1398771625931 1398771605727 1398771605738 1398771625962 0.34900E+03
350 60 50 74.50 1398771626931 1398771606733 1398771606743 1398771626965 0.35000E+03
351 60 50 74.10 1398771627933 1398771607728 1398771607739 1398771627961 0.35100E+03
352 60 50 74.30 1398771628929 1398771608725 1398771608736 1398771628957 0.35200E+03
353 60 50 74.10 1398771629925 1398771609722 1398771609732 1398771629953 0.35300E+03
354 60 50 74.10 1398771630921 1398771610721 1398771610732 1398771630953 0.35400E+03
355 60 50 74.00 1398771631922 1398771611719 1398771611730 1398771631952 0.35500E+03
356 60 50 73.90 1398771632940 1398771612735 1398771612745 1398771632966 0.35600E+03
357 60 50 73.80 1398771633934 1398771613736 1398771613747 1398771633969 0.35700E+03
358 60 50 73.90 1398771634937 1398771614783 1398771614794 1398771635021 0.35800E+03
359 60 50 74.00 1398771635929 1398771615726 1398771615737 1398771635960 0.35900E+03
360 60 50 74.30 1398771636929 1398771616725 1398771616736 1398771636957 0.36000E+03
361 60 50 74.40 1398771637925 1398771617723 1398771617734 1398771637955 0.36100E+03
362 60 50 74.30 1398771638923 1398771618727 1398771618738 1398771638962 0.36200E+03
363 60 50 74.40 1398771639931 1398771619729 1398771619740 1398771639967 0.36300E+03
364 60 50 74.50 1398771640936 1398771620733 1398771620744 1398771640965 0.36400E+03
365 60 50 74.60 1398771641932 1398771621729 1398771621740 1398771641961 0.36500E+03
366 60 50 74.70 1398771642929 1398771622728 1398771622739 1398771642960 0.36600E+03
367 60 50 74.80 1398771643928 1398771623731 1398771623742 1398771643963 0.36700E+03
368 60 50 74.70 1398771644931 1398771624730 1398771624741 1398771644962 0.36800E+03
369 60 50 75.00 1398771645929 1398771625725 1398771625736 1398771646005 0.36900E+03
370 60 50 75.00 1398771646932 1398771626780 1398771626791 1398771647029 0.37000E+03
371 60 50 75.20 1398771647937 1398771627734 1398771627745 1398771647966 0.37100E+03
372 60 50 75.30 1398771648935 1398771628732 1398771628743 1398771648964 0.37200E+03
373 60 50 75.10 1398771649931 1398771629729 1398771629740 1398771649962 0.37300E+03
374 60 50 75.40 1398771650930 1398771630727 1398771630737 1398771650959 0.37400E+03
375 60 50 75.90 1398771651926 1398771631733 1398771631744 1398771651966 0.37500E+03
376 60 50 76.00 1398771652935 1398771632763 1398771632774 1398771653014 0.37600E+03
377 60 50 75.90 1398771653921 1398771633728 1398771633739 1398771653961 0.37700E+03
378 60 50 76.00 1398771654929 1398771634728 1398771634739 1398771654960 0.37800E+03
379 60 50 76.10 1398771655928 1398771635728 1398771635739 1398771655960 0.37900E+03
380 60 50 76.20 1398771656928 1398771636737 1398771636748 1398771656969 0.38000E+03
381 60 50 76.40 1398771657937 1398771637734 1398771637746 1398771657972 0.38100E+03
382 60 50 76.50 1398771658940 1398771638739 1398771638750 1398771658972 0.38200E+03
383 60 50 76.70 1398771659939 1398771639741 1398771639751 1398771659975 0.38300E+03
384 60 50 76.80 1398771660923 1398771640729 1398771640740 1398771660961 0.38400E+03
385 60 50 76.90 1398771661930 1398771641726 1398771641738 1398771661959 0.38500E+03
386 60 50 76.90 1398771662927 1398771642726 1398771642737 1398771662958 0.38600E+03
387 60 50 77.20 1398771663926 1398771643731 1398771643742 1398771663962 0.38700E+03
388 60 50 77.30 1398771664930 1398771644731 1398771644742 1398771664964 0.38800E+03
389 60 50 76.70 1398771665932 1398771645736 1398771645747 1398771665967 0.38900E+03
390 60 50 77.30 1398771666936 1398771646740 1398771646751 1398771666974 0.39000E+03
391 40 50 77.60 1398771667922 1398771647839 1398771647850 1398771668071 0.39100E+03
392 40 50 77.80 1398771668938 1398771648829 1398771648840 1398771669062 0.39200E+03
393 40 50 77.80 1398771669929 1398771649809 1398771649820 1398771670044 0.39300E+03
394 40 50 77.90 1398771670931 1398771650798 1398771650808 1398771671029 0.39400E+03
395 40 50 77.80 1398771671936 1398771651777 1398771651788 1398771672009 0.39500E+03
396 40 50 77.90 1398771672937 1398771652737 1398771652748 1398771672970 0.39600E+03
397 40 50 77.80 1398771673938 1398771653750 1398771653760 1398771673990 0.39700E+03
398 40 50 78.00 1398771674937 1398771654749 1398771654760 1398771674983 0.39800E+03
399 40 50 77.60 1398771675930 1398771655742 1398771655753 1398771675976 0.39900E+03
400 40 50 77.50 1398771676924 1398771656746 1398771656757 1398771676978 0.40000E+03
401 40 50 77.60 1398771677926 1398771657741 1398771657752 1398771677976 0.40100E+03
402 60 50 77.50 1398771678924 1398771658739 1398771658749 1398771678971 0.40200E+03
403 60 50 77.40 1398771679939 1398771659742 1398771659753 1398771679988 0.40300E+03
404 60 50 77.30 1398771680938 1398771660752 1398771660763 1398771680992 0.40400E+03
405 60 50 77.10 1398771681940 1398771661800 1398771661812 1398771682036 0.40500E+03
406 60 50 77.30 1398771682923 1398771662823 1398771662834 1398771683104 0.40600E+03
407 60 50 77.20 1398771683931 1398771663729 1398771663739 1398771683960 0.40700E+03
408 60 50 77.20 1398771684928 1398771664767 1398771664777 1398771684997 0.40800E+03
409 60 50 77.10 1398771685925 1398771665734 1398771665744 1398771685969 0.40900E+03
410 60 50 77.20 1398771686936 1398771666759 1398771666770 1398771686991 0.41000E+03
411 60 50 76.90 1398771687939 1398771667744 1398771667754 1398771687976 0.41100E+03
412 60 50 77.30 1398771688923 1398771668800 1398771668812 1398771689032 0.41200E+03
413 60 50 77.20 1398771689939 1398771669767 1398771669778 1398771689998 0.41300E+03
414 60 50 77.30 1398771690926 1398771670735 1398771670746 1398771690967 0.41400E+03
415 60 50 77.40 1398771691935 1398771671733 1398771671744 1398771691969 0.41500E+03
416 60 50 77.40 1398771692937 1398771672736 1398771672748 1398771692969 0.41600E+03
417 60 50 77.40 1398771693936 1398771673737 1398771673748 1398771693969 0.41700E+03
418 60 50 77.50 1398771694937 1398771674764 1398771674775 1398771694995 0.41800E+03
419 60 50 77.50 1398771695923 1398771675722 1398771675732 1398771695955 0.41900E+03
420 60 50 77.10 1398771696923 1398771676726 1398771676738 1398771696958 0.42000E+03
421 60 50 77.80 1398771697926 1398771677730 1398771677740 1398771697962 0.42100E+03
422 60 50 77.90 1398771698930 1398771678734 1398771678745 1398771698971 0.42200E+03
423 60 50 77.90 1398771699939 1398771679750 1398771679762 1398771699990 0.42300E+03
424 60 50 78.10 1398771700938 1398771680750 1398771680762 1398771700982 0.42400E+03
425 60 50 78.00 1398771701929 1398771681729 1398771681740 1398771701961 0.42500E+03
426 40 50 78.20 1398771702928 1398771682727 1398771682738 1398771702959 0.42600E+03
427 40 50 77.90 1398771703926 1398771683753 1398771683764 1398771703984 0.42700E+03
428 40 50 78.30 1398771704931 1398771684754 1398771684765 1398771704985 0.42800E+03
429 40 50 78.50 1398771705933 1398771685763 1398771685774 1398771705997 0.42900E+03
430 40 50 78.50 1398771706926 1398771686726 1398771686737 1398771706958 0.43000E+03
431 40 50 78.50 1398771707925 1398771687740 1398771687750 1398771707971 0.43100E+03
432 40 50 78.50 1398771708939 1398771688746 1398771688756 1398771708977 0.43200E+03
433 40 50 78.50 1398771709924 1398771689785 1398771689796 1398771710021 0.43300E+03
434 40 50 78.50 1398771710928 1398771690737 1398771690748 1398771710968 0.43400E+03
435 40 50 78.30 1398771711935 1398771691735 1398771691746 1398771711966 0.43500E+03
436 40 50 78.20 1398771712933 1398771692758 1398771692770 1398771712990 0.43600E+03
437 40 50 78.20 1398771713937 1398771693740 1398771693751 1398771713972 0.43700E+03
438 40 50 78.20 1398771714941 1398771694737 1398771694748 1398771714968 0.43800E+03
439 40 50 77.90 1398771715937 1398771695770 1398771695781 1398771716003 0.43900E+03
440 40 50 77.80 1398771716931 1398771696728 1398771696739 1398771716960 0.44000E+03
441 40 50 77.90 1398771717928 1398771697775 1398771697785 1398771718005 0.44100E+03
442 40 50 77.50 1398771718933 1398771698743 1398771698754 1398771718976 0.44200E+03
443 40 50 77.50 1398771719924 1398771699751 1398771699762 1398771719983 0.44300E+03
444 40 50 77.40 1398771720932 1398771700742 1398771700754 1398771720975 0.44400E+03
445 40 50 77.30 1398771721922 1398771701720 1398771701730 1398771721951 0.44500E+03
446 40 50 77.10 1398771722938 1398771702738 1398771702749 1398771722969 0.44600E+03
447 40 50 77.10 1398771723937 1398771703737 1398771703747 1398771723968 0.44700E+03
448 40 50 76.90 1398771724936 1398771704743 1398771704754 1398771724974 0.44800E+03
449 40 50 76.70 1398771725922 1398771705739 1398771705750 1398771725971 0.44900E+03
450 40 50 76.70 1398771726939 1398771706735 1398771706746 1398771726975 0.45000E+03
451 40 50 76.50 1398771727922 1398771707733 1398771707744 1398771727965 0.45100E+03
452 40 50 76.50 1398771728933 1398771708755 1398771708766 1398771728986 0.45200E+03
453 40 50 76.20 1398771729933 1398771709730 1398771709740 1398771729963 0.45300E+03
454 40 50 76.20 1398771730931 1398771710727 1398771710738 1398771730958 0.45400E+03
455 40 50 76.00 1398771731926 1398771711733 1398771711744 1398771731965 0.45500E+03
456 40 50 75.90 1398771732933 1398771712740 1398771712751 1398771732971 0.45600E+03
457 40 50 75.90 1398771733939 1398771713743 1398771713754 1398771733975 0.45700E+03
458 40 50 75.70 1398771734922 1398771714730 1398771714741 1398771734962 0.45800E+03
459 40 50 75.40 1398771735930 1398771715729 1398771715739 1398771735959 0.45900E+03
460 40 50 75.40 1398771736927 1398771716731 1398771716742 1398771736962 0.46000E+03
461 40 50 75.40 1398771737929 1398771717728 1398771717739 1398771737960 0.46100E+03
462 40 50 75.10 1398771738928 1398771718734 1398771718746 1398771738971 0.46200E+03
463 60 50 75.20 1398771739939 1398771719746 1398771719757 1398771739976 0.46300E+03
464 60 50 75.10 1398771740924 1398771720784 1398771720795 1398771741019 0.46400E+03
465 60 50 75.00 1398771741926 1398771721728 1398771721739 1398771741960 0.46500E+03
466 60 50 74.80 1398771742927 1398771722728 1398771722739 1398771742959 0.46600E+03
467 60 50 75.00 1398771743926 1398771723731 1398771723743 1398771743963 0.46700E+03
468 60 50 74.80 1398771744931 1398771724730 1398771724741 1398771744962 0.46800E+03
469 60 50 75.00 1398771745929 1398771725734 1398771725746 1398771745966 0.46900E+03
470 60 50 75.00 1398771746934 1398771726738 1398771726749 1398771746970 0.47000E+03
471 60 50 75.10 1398771747937 1398771727742 1398771727753 1398771747973 0.47100E+03
472 60 50 75.00 1398771748922 1398771728723 1398771728734 1398771748954 0.47200E+03
473 60 50 75.10 1398771749922 1398771729734 1398771729744 1398771749965 0.47300E+03
474 60 50 74.80 1398771750933 1398771730737 1398771730748 1398771750969 0.47400E+03
475 60 50 75.30 1398771751937 1398771731734 1398771731744 1398771751964 0.47500E+03
476 60 50 75.50 1398771752931 1398771732734 1398771732744 1398771752965 0.47600E+03
477 60 50 75.70 1398771753933 1398771733735 1398771733746 1398771753967 0.47700E+03
478 60 50 75.80 1398771754935 1398771734737 1398771734748 1398771754968 0.47800E+03
479 60 50 75.80 1398771755935 1398771735738 1398771735748 1398771755971 0.47900E+03
480 60 50 75.90 1398771756938 1398771736735 1398771736746 1398771756966 0.48000E+03
481 60 50 76.10 1398771757933 1398771737730 1398771737742 1398771757962 0.48100E+03
482 60 50 76.20 1398771758930 1398771738736 1398771738748 1398771758968 0.48200E+03
483 60 50 76.50 1398771759936 1398771739737 1398771739748 1398771759969 0.48300E+03
484 60 50 76.60 1398771760937 1398771740738 1398771740749 1398771760970 0.48400E+03
485 60 50 76.60 1398771761938 1398771741738 1398771741750 1398771761970 0.48500E+03
486 60 50 76.80 1398771762938 1398771742740 1398771742751 1398771762971 0.48600E+03
487 60 50 76.90 1398771763939 1398771743746 1398771743756 1398771763976 0.48700E+03
488 60 50 77.10 1398771764924 1398771744727 1398771744738 1398771764958 0.48800E+03
489 60 50 77.10 1398771765925 1398771745723 1398771745734 1398771765954 0.48900E+03
490 60 50 77.50 1398771766921 1398771746727 1398771746738 1398771766959 0.49000E+03
491 60 50 77.40 1398771767927 1398771747727 1398771747738 1398771767957 0.49100E+03
492 60 50 77.60 1398771768925 1398771748724 1398771748735 1398771768954 0.49200E+03
493 60 50 77.60 1398771769922 1398771749720 1398771749731 1398771769951 0.49300E+03
494 60 50 77.90 1398771770938 1398771750738 1398771750749 1398771770970 0.49400E+03
495 60 50 78.00 1398771771937 1398771751736 1398771751747 1398771771967 0.49500E+03
496 60 50 78.10 1398771772935 1398771752735 1398771752747 1398771772966 0.49600E+03
497 60 50 78.10 1398771773933 1398771753731 1398771753741 1398771773961 0.49700E+03
498 60 50 78.50 1398771774928 1398771754727 1398771754738 1398771774958 0.49800E+03
499 40 50 78.70 1398771775925 1398771755733 1398771755743 1398771775963 0.49900E+03
500 40 50 78.70 1398771776932 1398771756740 1398771756752 1398771776971 0.50000E+03
501 40 50 78.70 1398771777939 1398771757752 1398771757762 1398771777985 0.50100E+03
502 40 50 78.90 1398771778932 1398771758733 1398771758744 1398771778963 0.50200E+03
503 40 50 78.80 1398771779931 1398771759730 1398771759740 1398771779959 0.50300E+03
504 40 50 78.90 1398771780928 1398771760727 1398771760739 1398771780958 0.50400E+03
505 40 50 79.00 1398771781926 1398771761738 1398771761749 1398771781968 0.50500E+03
506 40 50 78.80 1398771782937 1398771762735 1398771762746 1398771782966 0.50600E+03
507 40 50 78.80 1398771783934 1398771763730 1398771763741 1398771783960 0.50700E+03
508 40 50 78.80 1398771784929 1398771764738 1398771764749 1398771784969 0.50800E+03
509 40 50 78.80 1398771785937 1398771765738 1398771765748 1398771785970 0.50900E+03
510 40 50 78.70 1398771786938 1398771766751 1398771766761 1398771786980 0.51000E+03
511 40 50 78.70 1398771787928 1398771767837 1398771767847 1398771788067 0.51100E+03
512 40 50 78.70 1398771788934 1398771768822 1398771768833 1398771789053 0.51200E+03
513 40 50 78.50 1398771789940 1398771769826 1398771769837 1398771790057 0.51300E+03
514 40 50 78.30 1398771790924 1398771770793 1398771770804 1398771791023 0.51400E+03
515 40 50 78.20 1398771791930 1398771771779 1398771771790 1398771792016 0.51500E+03
516 40 50 78.10 1398771792923 1398771772726 1398771772737 1398771792957 0.51600E+03
517 40 50 78.00 1398771793924 1398771773734 1398771773745 1398771793965 0.51700E+03
518 40 50 78.00 1398771794933 1398771774732 1398771774743 1398771794963 0.51800E+03
519 40 50 77.80 1398771795930 1398771775734 1398771775745 1398771795964 0.51900E+03
520 40 50 77.80 1398771796931 1398771776746 1398771776757 1398771796976 0.52000E+03
521 40 50 77.60 1398771797924 1398771777733 1398771777744 1398771797963 0.52100E+03
522 40 50 77.50 1398771798931 1398771778730 1398771778740 1398771798959 0.52200E+03
523 40 50 77.40 1398771799927 1398771779738 1398771779750 1398771799971 0.52300E+03
524 40 50 77.20 1398771800938 1398771780755 1398771780766 1398771800985 0.52400E+03
525 40 50 77.10 1398771801933 1398771781736 1398771781747 1398771801966 0.52500E+03
526 40 50 77.10 1398771802934 1398771782749 1398771782759 1398771802978 0.52600E+03
527 40 50 76.80 1398771803926 1398771783726 1398771783736 1398771803955 0.52700E+03
528 40 50 76.80 1398771804924 1398771784725 1398771784736 1398771804955 0.52800E+03
529 40 50 76.60 1398771805923 1398771785722 1398771785732 1398771805951 0.52900E+03
530 40 50 76.50 1398771806939 1398771786745 1398771786755 1398771806974 0.53000E+03
531 40 50 76.50 1398771807922 1398771787722 1398771787733 1398771807952 0.53100E+03
532 40 50 76.40 1398771808941 1398771788741 1398771788752 1398771808971 0.53200E+03
533 40 50 76.10 1398771809939 1398771789737 1398771789748 1398771809967 0.53300E+03
534 40 50 76.20 1398771810935 1398771790733 1398771790744 1398771810964 0.53400E+03
535 40 50 75.80 1398771811931 1398771791732 1398771791743 1398771811962 0.53500E+03
536 40 50 76.00 1398771812930 1398771792735 1398771792746 1398771812966 0.53600E+03
537 40 50 75.90 1398771813934 1398771793732 1398771793743 1398771813963 0.53700E+03
538 40 50 75.80 1398771814930 1398771794729 1398771794740 1398771814959 0.53800E+03
539 40 50 75.70 1398771815926 1398771795731 1398771795742 1398771815962 0.53900E+03
540 40 50 75.70 1398771816931 1398771796739 1398771796750 1398771816970 0.54000E+03
541 40 50 75.50 1398771817938 1398771797752 1398771797764 1398771817984 0.54100E+03
542 40 50 75.30 1398771818932 1398771798743 1398771798754 1398771818974 0.54200E+03
543 60 50 75.40 1398771819921 1398771799722 1398771799733 1398771819952 0.54300E+03
544 60 50 75.30 1398771820940 1398771800750 1398771800762 1398771820981 0.54400E+03
545 60 50 75.20 1398771821929 1398771801735 1398771801745 1398771821966 0.54500E+03
546 60 50 75.20 1398771822933 1398771802740 1398771802751 1398771822970 0.54600E+03
547 60 50 75.20 1398771823938 1398771803737 1398771803748 1398771823966 0.54700E+03
548 60 50 75.20 1398771824934 1398771804734 1398771804745 1398771824964 0.54800E+03
549 60 50 75.20 1398771825932 1398771805746 1398771805757 1398771825977 0.54900E+03
550 60 50 75.30 1398771826925 1398771806728 1398771806739 1398771826958 0.55000E+03
551 60 50 75.20 1398771827926 1398771807739 1398771807750 1398771827969 0.55100E+03
552 60 50 75.30 1398771828936 1398771808744 1398771808755 1398771828975 0.55200E+03
553 60 50 75.40 1398771829923 1398771809724 1398771809735 1398771829953 0.55300E+03
554 60 50 75.70 1398771830921 1398771810729 1398771810741 1398771830959 0.55400E+03
555 60 50 75.80 1398771831928 1398771811727 1398771811738 1398771831956 0.55500E+03
556 60 50 75.90 1398771832924 1398771812724 1398771812734 1398771832953 0.55600E+03
557 60 50 75.90 1398771833941 1398771813740 1398771813750 1398771833969 0.55700E+03
558 60 50 75.80 1398771834936 1398771814741 1398771814751 1398771834971 0.55800E+03
559 60 50 76.00 1398771835939 1398771815747 1398771815758 1398771835977 0.55900E+03
560 60 50 76.40 1398771836925 1398771816738 1398771816748 1398771836970 0.56000E+03
561 60 50 76.60 1398771837937 1398771817737 1398771817748 1398771837966 0.56100E+03
562 60 50 76.60 1398771838934 1398771818737 1398771818748 1398771838971 0.56200E+03
563 60 50 76.80 1398771839939 1398771819737 1398771819748 1398771839966 0.56300E+03
564 60 50 76.90 1398771840935 1398771820734 1398771820745 1398771840964 0.56400E+03
565 60 50 77.20 1398771841931 1398771821731 1398771821742 1398771841960 0.56500E+03
566 60 50 77.10 1398771842928 1398771822729 1398771822740 1398771842959 0.56600E+03
567 60 50 77.40 1398771843927 1398771823732 1398771823743 1398771843962 0.56700E+03
568 60 50 77.50 1398771844930 1398771824730 1398771824741 1398771844960 0.56800E+03
569 60 50 77.80 1398771845928 1398771825746 1398771825756 1398771845981 0.56900E+03
570 60 50 77.90 1398771846929 1398771826731 1398771826742 1398771846963 0.57000E+03
571 60 50 77.90 1398771847931 1398771827733 1398771827744 1398771847962 0.57100E+03
572 60 50 78.10 1398771848930 1398771828731 1398771828742 1398771848960 0.57200E+03
573 60 50 78.30 1398771849928 1398771829728 1398771829739 1398771849958 0.57300E+03
574 60 50 78.10 1398771850925 1398771830732 1398771830744 1398771850963 0.57400E+03
575 60 50 78.70 1398771851931 1398771831732 1398771831743 1398771851961 0.57500E+03
576 60 50 78.80 1398771852930 1398771832736 1398771832748 1398771852967 0.57600E+03
577 60 50 78.80 1398771853935 1398771833738 1398771833749 1398771853967 0.57700E+03
578 60 50 78.90 1398771854934 1398771834743 1398771834754 1398771854975 0.57800E+03
579 60 50 79.00 1398771855923 1398771835740 1398771835751 1398771855970 0.57900E+03
580 60 50 79.20 1398771856938 1398771836744 1398771836755 1398771856973 0.58000E+03
581 40 50 79.40 1398771857921 1398771837721 1398771837731 1398771857950 0.58100E+03
582 40 50 79.40 1398771858938 1398771838737 1398771838747 1398771858966 0.58200E+03
583 40 50 79.60 1398771859933 1398771839735 1398771839746 1398771859966 0.58300E+03
584 40 50 79.40 1398771860933 1398771840736 1398771840747 1398771860965 0.58400E+03
585 40 50 79.50 1398771861933 1398771841732 1398771841742 1398771861961 0.58500E+03
586 40 50 79.60 1398771862929 1398771842782 1398771842793 1398771863014 0.58600E+03
587 40 50 79.70 1398771863921 1398771843722 1398771843733 1398771863951 0.58700E+03
588 40 50 79.80 1398771864939 1398771844746 1398771844757 1398771864976 0.58800E+03
589 40 50 79.50 1398771865924 1398771845731 1398771845742 1398771865960 0.58900E+03
590 40 50 79.70 1398771866928 1398771846747 1398771846759 1398771866978 0.59000E+03
591 40 50 79.50 1398771867927 1398771847726 1398771847738 1398771867958 0.59100E+03
592 40 50 79.30 1398771868927 1398771848732 1398771848743 1398771868962 0.59200E+03
593 40 50 79.40 1398771869930 1398771849736 1398771849747 1398771869965 0.59300E+03
594 40 50 79.40 1398771870933 1398771850737 1398771850748 1398771870987 0.59400E+03
595 40 50 79.00 1398771871935 1398771851736 1398771851747 1398771871965 0.59500E+03
596 40 50 79.00 1398771872932 1398771852806 1398771852817 1398771873036 0.59600E+03
597 40 50 79.00 1398771873924 1398771853896 1398771853907 1398771874126 0.59700E+03
598 40 50 78.90 1398771874933 1398771854734 1398771854744 1398771874963 0.59800E+03
599 40 50 78.80 1398771875932 1398771855730 1398771855741 1398771875961 0.59900E+03
600 40 50 78.30 1398771876929 1398771856735 1398771856746 1398771876964 0.60000E+03
601 40 50 78.30 1398771877932 1398771857744 1398771857754 1398771877973 0.60100E+03
602 40 50 78.30 1398771878940 1398771858742 1398771858752 1398771878971 0.60200E+03
603 40 50 78.20 1398771879938 1398771859754 1398771859765 1398771879983 0.60300E+03
604 40 50 78.10 1398771880930 1398771860733 1398771860744 1398771880962 0.60400E+03
605 40 50 78.10 1398771881929 1398771861731 1398771861742 1398771881963 0.60500E+03
606 40 50 78.00 1398771882931 1398771862729 1398771862739 1398771882958 0.60600E+03
607 40 50 77.80 1398771883925 1398771863725 1398771863735 1398771883953 0.60700E+03
608 40 50 77.80 1398771884941 1398771864741 1398771864752 1398771884970 0.60800E+03
609 40 50 77.50 1398771885937 1398771865741 1398771865752 1398771885975 0.60900E+03
610 40 50 77.50 1398771886922 1398771866727 1398771866738 1398771886955 0.61000E+03
611 40 50 77.40 1398771887923 1398771867722 1398771867733 1398771887951 0.61100E+03
612 40 50 77.30 1398771888939 1398771868737 1398771868748 1398771888967 0.61200E+03
613 40 50 77.20 1398771889934 1398771869738 1398771869748 1398771889966 0.61300E+03
614 40 50 76.90 1398771890933 1398771870732 1398771870742 1398771890960 0.61400E+03
615 40 50 76.80 1398771891928 1398771871729 1398771871740 1398771891958 0.61500E+03
616 40 50 76.80 1398771892926 1398771872725 1398771872736 1398771892954 0.61600E+03
617 40 50 76.70 1398771893941 1398771873763 1398771873774 1398771893992 0.61700E+03
618 40 50 76.70 1398771894939 1398771874739 1398771874750 1398771894968 0.61800E+03
619 40 50 76.50 1398771895936 1398771875741 1398771875752 1398771895969 0.61900E+03
620 40 50 76.50 1398771896937 1398771876750 1398771876761 1398771896979 0.62000E+03
621 40 50 76.50 1398771897927 1398771877732 1398771877743 1398771897961 0.62100E+03
622 40 50 76.10 1398771898928 1398771878732 1398771878742 1398771898963 0.62200E+03
623 40 50 76.20 1398771899930 1398771879737 1398771879748 1398771899966 0.62300E+03
624 40 50 76.10 1398771900933 1398771880732 1398771880743 1398771900961 0.62400E+03
625 40 50 76.00 1398771901928 1398771881727 1398771881738 1398771901955 0.62500E+03
626 40 50 76.00 1398771902923 1398771882728 1398771882739 1398771902956 0.62600E+03
627 60 50 75.90 1398771903923 1398771883721 1398771883732 1398771903950 0.62700E+03
628 60 50 75.70 1398771904938 1398771884754 1398771884766 1398771904985 0.62800E+03
629 60 50 75.70 1398771905933 1398771885731 1398771885743 1398771905960 0.62900E+03
630 60 50 75.40 1398771906930 1398771886738 1398771886748 1398771906967 0.63000E+03
631 60 50 75.70 1398771907934 1398771887848 1398771887860 1398771908077 0.63100E+03
632 60 50 75.80 1398771908924 1398771888826 1398771888837 1398771909059 0.63200E+03
633 60 50 75.70 1398771909926 1398771889811 1398771889822 1398771910040 0.63300E+03
634 60 50 75.70 1398771910928 1398771890799 1398771890810 1398771911028 0.63400E+03
635 60 50 75.70 1398771911935 1398771891786 1398771891797 1398771912015 0.63500E+03
636 60 50 75.70 1398771912922 1398771892723 1398771892734 1398771912951 0.63600E+03
637 60 50 75.90 1398771913939 1398771893783 1398771893794 1398771914012 0.63700E+03
638 60 50 76.10 1398771914939 1398771894743 1398771894753 1398771914972 0.63800E+03
639 60 50 76.10 1398771915940 1398771895743 1398771895753 1398771915971 0.63900E+03
640 40 50 76.40 1398771916939 1398771896749 1398771896760 1398771916978 0.64000E+03
641 40 50 76.40 1398771917926 1398771897734 1398771897745 1398771917967 0.64100E+03
642 40 50 76.50 1398771918935 1398771898743 1398771898754 1398771918971 0.64200E+03
643 40 50 76.20 1398771919939 1398771899738 1398771899749 1398771919968 0.64300E+03
644 40 50 76.70 1398771920936 1398771900734 1398771900746 1398771920964 0.64400E+03
645 40 50 76.60 1398771921931 1398771901741 1398771901752 1398771921969 0.64500E+03
646 40 50 76.90 1398771922937 1398771902736 1398771902746 1398771922964 0.64600E+03
647 40 50 76.90 1398771923931 1398771903735 1398771903747 1398771923964 0.64700E+03
648 40 50 76.80 1398771924932 1398771904732 1398771904743 1398771924960 0.64800E+03
649 40 50 76.80 1398771925928 1398771905728 1398771905739 1398771926005 0.64900E+03
650 40 50 76.70 1398771926932 1398771906732 1398771906742 1398771926959 0.65000E+03
651 40 50 76.90 1398771927926 1398771907727 1398771907738 1398771927955 0.65100E+03
652 40 50 76.80 1398771928923 1398771908730 1398771908740 1398771928958 0.65200E+03
653 40 50 76.80 1398771929926 1398771909727 1398771909737 1398771929955 0.65300E+03
654 40 50 76.80 1398771930922 1398771910729 1398771910740 1398771930958 0.65400E+03
655 40 50 76.60 1398771931925 1398771911725 1398771911736 1398771931954 0.65500E+03
656 40 50 76.60 1398771932922 1398771912723 1398771912734 1398771932955 0.65600E+03
657 40 50 76.60 1398771933923 1398771913723 1398771913734 1398771933951 0.65700E+03
658 40 50 76.40 1398771934939 1398771914738 1398771914749 1398771934967 0.65800E+03
659 40 50 76.50 1398771935934 1398771915732 1398771915743 1398771935961 0.65900E+03
660 40 50 76.40 1398771936930 1398771916731 1398771916742 1398771936959 0.66000E+03
661 40 50 76.40 1398771937927 1398771917733 1398771917744 1398771937961 0.66100E+03
662 40 50 76.40 1398771938929 1398771918729 1398771918740 1398771938960 0.66200E+03
663 40 50 76.20 1398771939927 1398771919727 1398771919738 1398771939955 0.66300E+03
664 40 50 76.10 1398771940923 1398771920724 1398771920734 1398771940952 0.66400E+03
665 40 50 76.10 1398771941940 1398771921739 1398771921750 1398771941967 0.66500E+03
666 40 50 76.10 1398771942935 1398771922736 1398771922747 1398771942965 0.66600E+03
667 40 50 75.90 1398771943932 1398771923741 1398771923751 1398771943969 0.66700E+03
668 40 50 76.00 1398771944936 1398771924746 1398771924758 1398771944979 0.66800E+03
669 40 50 75.80 1398771945927 1398771925736 1398771925747 1398771945965 0.66900E+03
670 40 50 75.70 1398771946933 1398771926772 1398771926783 1398771947001 0.67000E+03
671 40 50 75.70 1398771947928 1398771927738 1398771927750 1398771947970 0.67100E+03
672 40 50 75.30 1398771948938 1398771928774 1398771928784 1398771949001 0.67200E+03
673 60 50 75.70 1398771949929 1398771929733 1398771929743 1398771949961 0.67300E+03
674 60 50 75.50 1398771950928 1398771930736 1398771930747 1398771950964 0.67400E+03
675 60 50 75.50 1398771951932 1398771931733 1398771931744 1398771951961 0.67500E+03
676 60 50 75.50 1398771952928 1398771932730 1398771932742 1398771952959 0.67600E+03
677 60 50 75.40 1398771953926 1398771933728 1398771933738 1398771953956 0.67700E+03
678 60 50 75.30 1398771954923 1398771934727 1398771934737 1398771954955 0.67800E+03
679 60 50 75.40 1398771955922 1398771935730 1398771935742 1398771955960 0.67900E+03
680 60 50 75.50 1398771956928 1398771936729 1398771936739 1398771956956 0.68000E+03
681 60 50 75.50 1398771957924 1398771937723 1398771937735 1398771957952 0.68100E+03
682 60 50 75.70 1398771958940 1398771938741 1398771938752 1398771958969 0.68200E+03
683 60 50 75.80 1398771959937 1398771939753 1398771939763 1398771959981 0.68300E+03
684 60 50 75.90 1398771960928 1398771940733 1398771940743 1398771960960 0.68400E+03
685 60 50 76.10 1398771961928 1398771941727 1398771941738 1398771961955 0.68500E+03
686 60 50 76.00 1398771962922 1398771942727 1398771942738 1398771962957 0.68600E+03
687 60 50 76.20 1398771963925 1398771943725 1398771943736 1398771963953 0.68700E+03
688 60 50 76.20 1398771964941 1398771944746 1398771944756 1398771964974 0.68800E+03
689 60 50 76.70 1398771965922 1398771945722 1398771945733 1398771965950 0.68900E+03
690 60 50 76.60 1398771966938 1398771946740 1398771946751 1398771966968 0.69000E+03
691 60 50 76.90 1398771967936 1398771947736 1398771947747 1398771967964 0.69100E+03
692 60 50 77.10 1398771968931 1398771948731 1398771948742 1398771968963 0.69200E+03
693 60 50 77.20 1398771969931 1398771949731 1398771949742 1398771969959 0.69300E+03
694 60 50 77.30 1398771970926 1398771950727 1398771950738 1398771970955 0.69400E+03
695 60 50 77.40 1398771971922 1398771951724 1398771951734 1398771971951 0.69500E+03
696 60 50 77.30 1398771972938 1398771952737 1398771952748 1398771972965 0.69600E+03
697 60 50 77.50 1398771973933 1398771953743 1398771953754 1398771973971 0.69700E+03
698 60 50 77.80 1398771974939 1398771954740 1398771954751 1398771974968 0.69800E+03
699 60 50 78.10 1398771975935 1398771955735 1398771955746 1398771975963 0.69900E+03
700 60 50 78.20 1398771976931 1398771956743 1398771956754 1398771976973 0.70000E+03
701 60 50 78.50 1398771977941 1398771957741 1398771957751 1398771977968 0.70100E+03
702 60 50 78.50 1398771978936 1398771958740 1398771958751 1398771978968 0.70200E+03
703 60 50 78.50 1398771979935 1398771959735 1398771959746 1398771979963 0.70300E+03
704 60 50 78.80 1398771980930 1398771960738 1398771960749 1398771980966 0.70400E+03
705 60 50 79.00 1398771981933 1398771961734 1398771961745 1398771981962 0.70500E+03
706 60 50 78.90 1398771982930 1398771962751 1398771962761 1398771982979 0.70600E+03
707 60 50 79.20 1398771983926 1398771963757 1398771963768 1398771983985 0.70700E+03
708 60 50 79.30 1398771984932 1398771964736 1398771964746 1398771984963 0.70800E+03
709 60 50 79.50 1398771985930 1398771965734 1398771965744 1398771985961 0.70900E+03
710 40 50 79.50 1398771986930 1398771966746 1398771966757 1398771986974 0.71000E+03
711 40 50 79.70 1398771987921 1398771967721 1398771967733 1398771987950 0.71100E+03
712 40 50 79.70 1398771988938 1398771968748 1398771968758 1398771988975 0.71200E+03
713 40 50 79.80 1398771989922 1398771969725 1398771969735 1398771989954 0.71300E+03
714 40 50 80.00 1398771990922 1398771970723 1398771970734 1398771990950 0.71400E+03
715 40 50 79.80 1398771991938 1398771971739 1398771971750 1398771991966 0.71500E+03
716 40 50 80.00 1398771992933 1398771972732 1398771972743 1398771992960 0.71600E+03
717 40 50 79.80 1398771993928 1398771973728 1398771973740 1398771993956 0.71700E+03
718 40 50 79.80 1398771994923 1398771974802 1398771974812 1398771995030 0.71800E+03
719 40 50 80.00 1398771995936 1398771975836 1398771975847 1398771996064 0.71900E+03
720 40 50 79.70 1398771996930 1398771976763 1398771976774 1398771996991 0.72000E+03
721 40 50 79.50 1398771997937 1398771977742 1398771977753 1398771997970 0.72100E+03
722 40 50 79.60 1398771998937 1398771978739 1398771978751 1398771998968 0.72200E+03
723 40 50 79.40 1398771999935 1398771979737 1398771979748 1398771999965 0.72300E+03
724 40 50 79.50 1398772000932 1398771980733 1398771980744 1398772000960 0.72400E+03
725 40 50 79.40 1398772001928 1398771981742 1398771981754 1398772001971 0.72500E+03
726 40 50 79.20 1398772002939 1398771982741 1398771982751 1398772002968 0.72600E+03
727 40 50 79.20 1398772003936 1398771983741 1398771983752 1398772003969 0.72700E+03
728 40 50 79.20 1398772004937 1398771984741 1398771984752 1398772004968 0.72800E+03
729 40 50 78.80 1398772005935 1398771985744 1398771985754 1398772005970 0.72900E+03
730 40 50 78.80 1398772006938 1398771986795 1398771986806 1398772007022 0.73000E+03
731 40 50 78.60 1398772007929 1398771987756 1398771987767 1398772007984 0.73100E+03
732 40 50 78.70 1398772008929 1398771988729 1398771988740 1398772008957 0.73200E+03
733 40 50 78.30 1398772009922 1398771989722 1398771989732 1398772009949 0.73300E+03
734 40 50 78.30 1398772010936 1398771990739 1398771990751 1398772010967 0.73400E+03
735 40 50 78.10 1398772011933 1398771991733 1398771991743 1398772011962 0.73500E+03
736 40 50 78.10 1398772012929 1398771992730 1398771992741 1398772012957 0.73600E+03
737 40 50 77.90 1398772013924 1398771993723 1398771993734 1398772013950 0.73700E+03
738 40 50 77.90 1398772014935 1398771994739 1398771994749 1398772014966 0.73800E+03
739 40 50 77.60 1398772015932 1398771995733 1398771995743 1398772015962 0.73900E+03
740 40 50 77.80 1398772016931 1398771996746 1398771996756 1398772016973 0.74000E+03
741 40 50 77.40 1398772017919 1398771997720 1398771997731 1398772017947 0.74100E+03
742 40 50 77.50 1398772018935 1398771998737 1398771998748 1398772018964 0.74200E+03
743 40 50 77.40 1398772019932 1398771999733 1398771999744 1398772019961 0.74300E+03
744 40 50 77.20 1398772020929 1398772000732 1398772000743 1398772020960 0.74400E+03
745 40 50 77.20 1398772021927 1398772001730 1398772001741 1398772021957 0.74500E+03
746 40 50 77.20 1398772022925 1398772002726 1398772002738 1398772022957 0.74600E+03
747 40 50 76.90 1398772023924 1398772003732 1398772003742 1398772023961 0.74700E+03
748 40 50 76.90 1398772024929 1398772004731 1398772004742 1398772024958 0.74800E+03
749 40 50 76.70 1398772025925 1398772005726 1398772005736 1398772025953 0.74900E+03
750 60 50 76.60 1398772026939 1398772006744 1398772006755 1398772026972 0.75000E+03
751 60 50 76.60 1398772027939 1398772007885 1398772007896 1398772028113 0.75100E+03
752 60 50 76.60 1398772028939 1398772008832 1398772008843 1398772029060 0.75200E+03
753 60 50 76.40 1398772029926 1398772009815 1398772009825 1398772030042 0.75300E+03
754 60 50 76.50 1398772030929 1398772010798 1398772010809 1398772031026 0.75400E+03
755 60 50 76.50 1398772031932 1398772011789 1398772011800 1398772032016 0.75500E+03
756 60 50 76.50 1398772032923 1398772012725 1398772012736 1398772032952 0.75600E+03
757 60 50 76.40 1398772033939 1398772013740 1398772013751 1398772033967 0.75700E+03
758 60 50 76.60 1398772034935 1398772014737 1398772014747 1398772034966 0.75800E+03
759 60 50 76.60 1398772035933 1398772015733 1398772015743 1398772035959 0.75900E+03
760 60 50 76.60 1398772036927 1398772016730 1398772016740 1398772036957 0.76000E+03
761 60 50 76.70 1398772037924 1398772017726 1398772017737 1398772037954 0.76100E+03
762 60 50 76.90 1398772038922 1398772018729 1398772018741 1398772038957 0.76200E+03
763 60 50 77.10 1398772039924 1398772019730 1398772019740 1398772039956 0.76300E+03
764 60 50 77.10 1398772040923 1398772020728 1398772020740 1398772040956 0.76400E+03
765 60 50 77.20 1398772041924 1398772021732 1398772021743 1398772041960 0.76500E+03
766 60 50 77.10 1398772042927 1398772022732 1398772022743 1398772042964 0.76600E+03
767 60 50 77.40 1398772043930 1398772023732 1398772023743 1398772043959 0.76700E+03
768 40 50 77.60 1398772044926 1398772024726 1398772024737 1398772044953 0.76800E+03
769 40 50 77.80 1398772045941 1398772025748 1398772025760 1398772045976 0.76900E+03
770 40 50 77.90 1398772046921 1398772026722 1398772026733 1398772046949 0.77000E+03
771 40 50 78.10 1398772047935 1398772027739 1398772027750 1398772047966 0.77100E+03
772 40 50 78.00 1398772048931 1398772028740 1398772028751 1398772048968 0.77200E+03
773 40 50 78.10 1398772049935 1398772029735 1398772029747 1398772049964 0.77300E+03
774 40 50 78.00 1398772050930 1398772030733 1398772030743 1398772050961 0.77400E+03
775 40 50 78.20 1398772051927 1398772031730 1398772031740 1398772051958 0.77500E+03
776 40 50 78.20 1398772052925 1398772032735 1398772032747 1398772052963 0.77600E+03
777 40 50 78.00 1398772053931 1398772033735 1398772033746 1398772053962 0.77700E+03
778 40 50 78.10 1398772054929 1398772034730 1398772034741 1398772054957 0.77800E+03
779 40 50 78.20 1398772055924 1398772035727 1398772035737 1398772055953 0.77900E+03
780 40 50 78.10 1398772056940 1398772036742 1398772036752 1398772056968 0.78000E+03
781 40 50 78.10 1398772057935 1398772037743 1398772037753 1398772057969 0.78100E+03
782 40 50 78.10 1398772058936 1398772038737 1398772038748 1398772058964 0.78200E+03
783 40 50 78.00 1398772059931 1398772039732 1398772039743 1398772059959 0.78300E+03
784 40 50 77.90 1398772060926 1398772040726 1398772040737 1398772060953 0.78400E+03
785 40 50 77.50 1398772061940 1398772041740 1398772041751 1398772061967 0.78500E+03
786 40 50 77.80 1398772062934 1398772042740 1398772042750 1398772062967 0.78600E+03
787 40 50 77.80 1398772063935 1398772043742 1398772043753 1398772063969 0.78700E+03
788 40 50 77.60 1398772064936 1398772044736 1398772044747 1398772064963 0.78800E+03
789 40 50 77.50 1398772065930 1398772045742 1398772045752 1398772065968 0.78900E+03
790 40 50 77.30 1398772066935 1398772046742 1398772046753 1398772066969 0.79000E+03
791 40 50 77.40 1398772067936 1398772047737 1398772047748 1398772067964 0.79100E+03
792 40 50 77.30 1398772068931 1398772048733 1398772048744 1398772068960 0.79200E+03
793 40 50 77.10 1398772069928 1398772049737 1398772049748 1398772069963 0.79300E+03
794 40 50 77.30 1398772070931 1398772050736 1398772050746 1398772070962 0.79400E+03
795 40 50 77.10 1398772071929 1398772051731 1398772051742 1398772071957 0.79500E+03
796 40 50 76.90 1398772072924 1398772052729 1398772052739 1398772072955 0.79600E+03
797 40 50 76.90 1398772073922 1398772053724 1398772053735 1398772073951 0.79700E+03
798 40 50 76.80 1398772074939 1398772054755 1398772054766 1398772074983 0.79800E+03
799 40 50 76.80 1398772075929 1398772055731 1398772055742 1398772075958 0.79900E+03
800 60 50 76.70 1398772076925 1398772056730 1398772056740 1398772076956 0.80000E+03
801 60 50 76.60 1398772077923 1398772057725 1398772057736 1398772077952 0.80100E+03
802 60 50 76.60 1398772078940 1398772058747 1398772058758 1398772078974 0.80200E+03
803 60 50 76.50 1398772079941 1398772059745 1398772059755 1398772079971 0.80300E+03
804 60 50 76.50 1398772080938 1398772060738 1398772060749 1398772080964 0.80400E+03
805 60 50 76.40 1398772081931 1398772061734 1398772061744 1398772081960 0.80500E+03
806 60 50 76.40 1398772082927 1398772062731 1398772062741 1398772082957 0.80600E+03
807 60 50 76.60 1398772083924 1398772063726 1398772063737 1398772083952 0.80700E+03
808 60 50 76.60 1398772084939 1398772064741 1398772064751 1398772084967 0.80800E+03
809 60 50 76.60 1398772085934 1398772065734 1398772065746 1398772085961 0.80900E+03
810 60 50 76.70 1398772086929 1398772066731 1398772066743 1398772086960 0.81000E+03
811 60 50 76.70 1398772087927 1398772067751 1398772067762 1398772087978 0.81100E+03
812 60 50 76.80 1398772088924 1398772068730 1398772068740 1398772088955 0.81200E+03
813 60 50 76.80 1398772089943 1398772069748 1398772069758 1398772089976 0.81300E+03
814 60 50 76.80 1398772090922 1398772070726 1398772070736 1398772090954 0.81400E+03
815 60 50 77.30 1398772091921 1398772071731 1398772071741 1398772091956 0.81500E+03
816 60 50 77.50 1398772092922 1398772072727 1398772072737 1398772092956 0.81600E+03
817 60 50 77.50 1398772093922 1398772073737 1398772073748 1398772093963 0.81700E+03
818 60 50 77.60 1398772094931 1398772074739 1398772074750 1398772094965 0.81800E+03
819 60 50 77.90 1398772095933 1398772075750 1398772075762 1398772095978 0.81900E+03
820 40 50 78.00 1398772096924 1398772076730 1398772076741 1398772096957 0.82000E+03
821 40 50 78.20 1398772097924 1398772077725 1398772077736 1398772097952 0.82100E+03
822 40 50 78.20 1398772098939 1398772078741 1398772078752 1398772098967 0.82200E+03
823 40 50 78.50 1398772099934 1398772079735 1398772079745 1398772099961 0.82300E+03
824 40 50 78.50 1398772100928 1398772080740 1398772080752 1398772100967 0.82400E+03
825 40 50 78.50 1398772101935 1398772081747 1398772081757 1398772101973 0.82500E+03
826 40 50 78.50 1398772102940 1398772082745 1398772082756 1398772102972 0.82600E+03
827 40 50 78.60 1398772103938 1398772083751 1398772083761 1398772103978 0.82700E+03
828 40 50 78.60 1398772104925 1398772084729 1398772084740 1398772104956 0.82800E+03
829 40 50 78.30 1398772105923 1398772085730 1398772085742 1398772105957 0.82900E+03
830 40 50 78.30 1398772106923 1398772086725 1398772086737 1398772106952 0.83000E+03
831 40 50 78.60 1398772107940 1398772087746 1398772087757 1398772107973 0.83100E+03
832 40 50 78.50 1398772108940 1398772088745 1398772088756 1398772108971 0.83200E+03
833 40 50 78.60 1398772109937 1398772089738 1398772089749 1398772109966 0.83300E+03
834 40 50 78.00 1398772110932 1398772090736 1398772090748 1398772110963 0.83400E+03
835 40 50 78.20 1398772111931 1398772091734 1398772091745 1398772111961 0.83500E+03
836 40 50 78.10 1398772112927 1398772092734 1398772092745 1398772112962 0.83600E+03
837 40 50 78.20 1398772113929 1398772093731 1398772093742 1398772113963 0.83700E+03
838 40 50 78.10 1398772114930 1398772094732 1398772094744 1398772114959 0.83800E+03
839 40 50 78.00 1398772115927 1398772095738 1398772095750 1398772115965 0.83900E+03
840 60 50 78.00 1398772116933 1398772096735 1398772096745 1398772116960 0.84000E+03
841 60 50 77.80 1398772117927 1398772097731 1398772097742 1398772117957 0.84100E+03
842 60 50 77.80 1398772118924 1398772098726 1398772098737 1398772118952 0.84200E+03
843 60 50 77.80 1398772119940 1398772099752 1398772099763 1398772119978 0.84300E+03
844 60 50 77.50 1398772120925 1398772100731 1398772100742 1398772120957 0.84400E+03
845 60 50 77.50 1398772121924 1398772101727 1398772101739 1398772121954 0.84500E+03
846 60 50 77.50 1398772122921 1398772102725 1398772102735 1398772122951 0.84600E+03
847 60 50 77.60 1398772123937 1398772103744 1398772103755 1398772123970 0.84700E+03
848 60 50 77.80 1398772124938 1398772104738 1398772104749 1398772124964 0.84800E+03
849 60 50 77.80 1398772125932 1398772105744 1398772105755 1398772125979 0.84900E+03
850 60 50 77.50 1398772126924 1398772106735 1398772106745 1398772126967 0.85000E+03
851 60 50 77.80 1398772127934 1398772107736 1398772107746 1398772127962 0.85100E+03
852 60 50 77.30 1398772128930 1398772108741 1398772108752 1398772128967 0.85200E+03
853 60 50 78.00 1398772129934 1398772109766 1398772109777 1398772129992 0.85300E+03
854 60 50 78.20 1398772130938 1398772110741 1398772110751 1398772130967 0.85400E+03
855 60 50 78.20 1398772131934 1398772111743 1398772111754 1398772131970 0.85500E+03
856 60 50 78.50 1398772132937 1398772112780 1398772112791 1398772133008 0.85600E+03
857 60 50 78.60 1398772133936 1398772113746 1398772113757 1398772133972 0.85700E+03
858 60 50 78.70 1398772134938 1398772114739 1398772114750 1398772134965 0.85800E+03
859 40 50 78.80 1398772135932 1398772115733 1398772115743 1398772135958 0.85900E+03
860 40 50 78.90 1398772136925 1398772116727 1398772116738 1398772136953 0.86000E+03
861 40 50 78.90 1398772137940 1398772117745 1398772117756 1398772137971 0.86100E+03
862 40 50 79.00 1398772138938 1398772118747 1398772118757 1398772138972 0.86200E+03
863 40 50 78.90 1398772139938 1398772119743 1398772119754 1398772139972 0.86300E+03
864 40 50 79.30 1398772140939 1398772120750 1398772120761 1398772140976 0.86400E+03
865 40 50 79.20 1398772141942 1398772121780 1398772121791 1398772142006 0.86500E+03
866 40 50 79.30 1398772142933 1398772122744 1398772122754 1398772142968 0.86600E+03
867 40 50 79.30 1398772143936 1398772123742 1398772123754 1398772143969 0.86700E+03
868 40 50 79.30 1398772144936 1398772124738 1398772124748 1398772144965 0.86800E+03
869 40 50 79.30 1398772145932 1398772125740 1398772125750 1398772145965 0.86900E+03
870 40 50 79.00 1398772146933 1398772126764 1398772126775 1398772146990 0.87000E+03
871 40 50 79.20 1398772147938 1398772127858 1398772127869 1398772148084 0.87100E+03
872 40 50 78.80 1398772148930 1398772128834 1398772128845 1398772149060 0.87200E+03
873 40 50 78.90 1398772149926 1398772129817 1398772129828 1398772150043 0.87300E+03
874 40 50 78.70 1398772150929 1398772130805 1398772130815 1398772151032 0.87400E+03
875 40 50 78.80 1398772151939 1398772131786 1398772131797 1398772152014 0.87500E+03
876 40 50 78.60 1398772152941 1398772132742 1398772132752 1398772152967 0.87600E+03
877 40 50 78.60 1398772153933 1398772133741 1398772133752 1398772153967 0.87700E+03
878 40 50 78.50 1398772154934 1398772134752 1398772134763 1398772154978 0.87800E+03
879 40 50 78.30 1398772155924 1398772135732 1398772135743 1398772155958 0.87900E+03
880 40 50 78.30 1398772156925 1398772136737 1398772136748 1398772156963 0.88000E+03
881 40 50 78.20 1398772157931 1398772137733 1398772137744 1398772157959 0.88100E+03
882 40 50 78.10 1398772158926 1398772138733 1398772138744 1398772158959 0.88200E+03
883 40 50 77.90 1398772159926 1398772139732 1398772139742 1398772159961 0.88300E+03
884 40 50 77.90 1398772160928 1398772140747 1398772140758 1398772160972 0.88400E+03
885 40 50 77.80 1398772161940 1398772141751 1398772141762 1398772161977 0.88500E+03
886 40 50 77.80 1398772162924 1398772142734 1398772142744 1398772162959 0.88600E+03
887 40 50 77.60 1398772163926 1398772143778 1398772143789 1398772164005 0.88700E+03
888 40 50 77.50 1398772164931 1398772144742 1398772144753 1398772164968 0.88800E+03
889 40 50 77.40 1398772165935 1398772145765 1398772145776 1398772165990 0.88900E+03
890 40 50 77.20 1398772166938 1398772146739 1398772146750 1398772166965 0.89000E+03
891 40 50 76.90 1398772167932 1398772147738 1398772147749 1398772167964 0.89100E+03
892 40 50 76.90 1398772168931 1398772148768 1398772148779 1398772168994 0.89200E+03
893 40 50 76.90 1398772169941 1398772149742 1398772149753 1398772169967 0.89300E+03
894 40 50 76.90 1398772170934 1398772150736 1398772150747 1398772170962 0.89400E+03
895 40 50 76.90 1398772171929 1398772151738 1398772151750 1398772171964 0.89500E+03
896 40 50 76.80 1398772172931 1398772152737 1398772152747 1398772172962 0.89600E+03
897 40 50 76.60 1398772173929 1398772153787 1398772153798 1398772174012 0.89700E+03
898 40 50 76.70 1398772174939 1398772154741 1398772154752 1398772174967 0.89800E+03
899 40 50 76.60 1398772175933 1398772155736 1398772155747 1398772175962 0.89900E+03
900 40 50 76.50 1398772176929 1398772156734 1398772156744 1398772176959 0.90000E+03
901 40 50 76.40 1398772177926 1398772157734 1398772157744 1398772177962 0.90100E+03
902 40 50 76.40 1398772178929 1398772158732 1398772158743 1398772178958 0.90200E+03
903 40 50 76.20 1398772179926 1398772159732 1398772159742 1398772179957 0.90300E+03
904 40 50 76.20 1398772180925 1398772160737 1398772160747 1398772180962 0.90400E+03
905 60 50 76.00 1398772181929 1398772161740 1398772161751 1398772181965 0.90500E+03
906 60 50 76.10 1398772182933 1398772162734 1398772162745 1398772182959 0.90600E+03
907 60 50 76.10 1398772183926 1398772163729 1398772163740 1398772183954 0.90700E+03
908 60 50 76.10 1398772184922 1398772164724 1398772164735 1398772184949 0.90800E+03
909 60 50 76.00 1398772185936 1398772165741 1398772165751 1398772185966 0.90900E+03
910 60 50 76.10 1398772186933 1398772166744 1398772166756 1398772186973 0.91000E+03
911 60 50 76.00 1398772187941 1398772167746 1398772167757 1398772187971 0.91100E+03
912 60 50 76.00 1398772188939 1398772168742 1398772168754 1398772188969 0.91200E+03
913 60 50 76.10 1398772189936 1398772169744 1398772169754 1398772189969 0.91300E+03
914 60 50 75.90 1398772190936 1398772170738 1398772170748 1398772190964 0.91400E+03
915 60 50 76.40 1398772191931 1398772171734 1398772171746 1398772191960 0.91500E+03
916 60 50 76.50 1398772192927 1398772172731 1398772172742 1398772192956 0.91600E+03
917 60 50 76.60 1398772193922 1398772173733 1398772173744 1398772193958 0.91700E+03
918 60 50 76.70 1398772194924 1398772174729 1398772174740 1398772194954 0.91800E+03
919 60 50 76.70 1398772195941 1398772175743 1398772175753 1398772195968 0.91900E+03
920 60 50 76.80 1398772196935 1398772176744 1398772176755 1398772196970 0.92000E+03
921 60 50 77.10 1398772197937 1398772177740 1398772177752 1398772197966 0.92100E+03
922 60 50 77.30 1398772198934 1398772178736 1398772178748 1398772198962 0.92200E+03
923 60 50 77.30 1398772199929 1398772179740 1398772179751 1398772199965 0.92300E+03
924 60 50 77.50 1398772200932 1398772180735 1398772180746 1398772200960 0.92400E+03
925 60 50 77.90 1398772201927 1398772181743 1398772181754 1398772201969 0.92500E+03
926 60 50 77.90 1398772202936 1398772182759 1398772182770 1398772202984 0.92600E+03
927 60 50 78.00 1398772203932 1398772183746 1398772183756 1398772203972 0.92700E+03
928 60 50 78.00 1398772204938 1398772184755 1398772184767 1398772204982 0.92800E+03
929 60 50 78.20 1398772205929 1398772185735 1398772185745 1398772205959 0.92900E+03
930 60 50 78.30 1398772206926 1398772186746 1398772186756 1398772206972 0.93000E+03
931 60 50 78.60 1398772207940 1398772187763 1398772187774 1398772207999 0.93100E+03
932 60 50 78.70 1398772208925 1398772188737 1398772188747 1398772208961 0.93200E+03
933 60 50 78.90 1398772209928 1398772189734 1398772189746 1398772209960 0.93300E+03
934 60 50 79.00 1398772210927 1398772190736 1398772190747 1398772210961 0.93400E+03
935 60 50 79.00 1398772211929 1398772191732 1398772191743 1398772211959 0.93500E+03
936 60 50 79.20 1398772212926 1398772192755 1398772192766 1398772212983 0.93600E+03
937 60 50 79.30 1398772213930 1398772193742 1398772193752 1398772213966 0.93700E+03
938 60 50 79.60 1398772214933 1398772194741 1398772194752 1398772214966 0.93800E+03
939 60 50 79.80 1398772215933 1398772195736 1398772195747 1398772215961 0.93900E+03
940 60 50 80.00 1398772216928 1398772196734 1398772196745 1398772216959 0.94000E+03
941 60 50 80.00 1398772217926 1398772197732 1398772197742 1398772217956 0.94100E+03
942 40 50 80.10 1398772218923 1398772198727 1398772198737 1398772218951 0.94200E+03
943 40 50 80.00 1398772219938 1398772199750 1398772199762 1398772219976 0.94300E+03
944 40 50 80.40 1398772220922 1398772200730 1398772200741 1398772220957 0.94400E+03
945 40 50 80.20 1398772221922 1398772201728 1398772201738 1398772221952 0.94500E+03
946 40 50 80.40 1398772222938 1398772202744 1398772202755 1398772222969 0.94600E+03
947 40 50 80.50 1398772223936 1398772203738 1398772203750 1398772223963 0.94700E+03
948 40 50 80.30 1398772224932 1398772204738 1398772204748 1398772224965 0.94800E+03
949 40 50 80.50 1398772225933 1398772205749 1398772205760 1398772225974 0.94900E+03
950 40 50 80.40 1398772226940 1398772206745 1398772206756 1398772226970 0.95000E+03
951 40 50 80.50 1398772227937 1398772207739 1398772207751 1398772227966 0.95100E+03
952 40 50 80.10 1398772228932 1398772208738 1398772208748 1398772228962 0.95200E+03
953 40 50 80.30 1398772229929 1398772209734 1398772209745 1398772229959 0.95300E+03
954 40 50 80.30 1398772230925 1398772210729 1398772210739 1398772230953 0.95400E+03
955 40 50 80.20 1398772231940 1398772211754 1398772211766 1398772231980 0.95500E+03
956 40 50 80.10 1398772232926 1398772212733 1398772212743 1398772232957 0.95600E+03
957 40 50 80.10 1398772233923 1398772213729 1398772213740 1398772233954 0.95700E+03
958 40 50 79.80 1398772234941 1398772214751 1398772214761 1398772234975 0.95800E+03
959 40 50 79.80 1398772235921 1398772215731 1398772215742 1398772235956 0.95900E+03
960 40 50 79.60 1398772236923 1398772216730 1398772216741 1398772236955 0.96000E+03
961 40 50 79.50 1398772237922 1398772217732 1398772217743 1398772237957 0.96100E+03
962 40 50 79.50 1398772238924 1398772218730 1398772218740 1398772238954 0.96200E+03
963 40 50 79.30 1398772239940 1398772219746 1398772219756 1398772239970 0.96300E+03
964 40 50 79.20 1398772240936 1398772220748 1398772220759 1398772240973 0.96400E+03
965 60 50 78.90 1398772241940 1398772221749 1398772221761 1398772241974 0.96500E+03
966 60 50 78.90 1398772242940 1398772222744 1398772222755 1398772242969 0.96600E+03
967 60 50 78.50 1398772243936 1398772223741 1398772223752 1398772243966 0.96700E+03
968 60 50 78.60 1398772244932 1398772224738 1398772224749 1398772244963 0.96800E+03
969 60 50 78.70 1398772245930 1398772225746 1398772225757 1398772245971 0.96900E+03
970 60 50 78.70 1398772246937 1398772226760 1398772226771 1398772246985 0.97000E+03
971 60 50 78.60 1398772247932 1398772227737 1398772227747 1398772247961 0.97100E+03
972 60 50 78.70 1398772248927 1398772228740 1398772228751 1398772248964 0.97200E+03
973 60 50 78.50 1398772249930 1398772229733 1398772229744 1398772249958 0.97300E+03
974 60 50 78.70 1398772250924 1398772230735 1398772230747 1398772250960 0.97400E+03
975 60 50 78.60 1398772251927 1398772231752 1398772231762 1398772251976 0.97500E+03
976 60 50 78.80 1398772252922 1398772232731 1398772232741 1398772252955 0.97600E+03
977 60 50 78.80 1398772253922 1398772233730 1398772233741 1398772253955 0.97700E+03
978 60 50 78.90 1398772254922 1398772234726 1398772234736 1398772254950 0.97800E+03
979 60 50 78.90 1398772255936 1398772235753 1398772235764 1398772255979 0.97900E+03
980 60 50 79.20 1398772256925 1398772236738 1398772236750 1398772256963 0.98000E+03
981 60 50 79.20 1398772257930 1398772237736 1398772237748 1398772257962 0.98100E+03
982 60 50 79.30 1398772258928 1398772238733 1398772238743 1398772258963 0.98200E+03
983 60 50 79.40 1398772259929 1398772239733 1398772239743 1398772259967 0.98300E+03
984 60 50 79.60 1398772260934 1398772240745 1398772240756 1398772260969 0.98400E+03
985 60 50 79.70 1398772261936 1398772241749 1398772241760 1398772261973 0.98500E+03
986 60 50 79.80 1398772262940 1398772242751 1398772242761 1398772262977 0.98600E+03
987 60 50 79.80 1398772263922 1398772243725 1398772243736 1398772263949 0.98700E+03
988 60 50 80.00 1398772264935 1398772244738 1398772244750 1398772264963 0.98800E+03
989 60 50 79.70 1398772265929 1398772245730 1398772245741 1398772265955 0.98900E+03
990 60 50 80.20 1398772266921 1398772246729 1398772246739 1398772266954 0.99000E+03
991 60 50 80.10 1398772267941 1398772247845 1398772247856 1398772268069 0.99100E+03
992 60 50 80.40 1398772268936 1398772248826 1398772248837 1398772269051 0.99200E+03
993 60 50 80.50 1398772269937 1398772249815 1398772249826 1398772270039 0.99300E+03
994 60 50 80.80 1398772270925 1398772250794 1398772250805 1398772271019 0.99400E+03
995 60 50 80.80 1398772271925 1398772251810 1398772251821 1398772272034 0.99500E+03
996 60 50 80.80 1398772272941 1398772252776 1398772252787 1398772273000 0.99600E+03
997 60 50 81.00 1398772273925 1398772253730 1398772253741 1398772273955 0.99700E+03
998 60 50 81.00 1398772274922 1398772254728 1398772254739 1398772274952 0.99800E+03
999 60 50 81.00 1398772275939 1398772255747 1398772255758 1398772275971 0.99900E+03
1000 60 50 81.20 1398772276938 1398772256762 1398772256772 1398772276988 0.10000E+04
