0 1 0 38.90 1329375092484 1329374913801 1329374913813 1329375095558 0.10000E+03
1 40 50 36.40 1329375349464 1329375167731 1329375167746 1329375349511 0.10000E+01
2 40 50 36.20 1329375350478 1329375168736 1329375168749 1329375350525 0.20000E+01
3 40 50 36.40 1329375351492 1329375169842 1329375169854 1329375351617 0.30000E+01
4 40 50 36.40 1329375352537 1329375170782 1329375170793 1329375352568 0.40000E+01
5 40 50 36.40 1329375353520 1329375171848 1329375171862 1329375353629 0.50000E+01
6 40 50 36.10 1329375354487 1329375172794 1329375172806 1329375354581 0.60000E+01
7 40 50 36.10 1329375355532 1329375174027 1329375174041 1329375355813 0.70000E+01
8 40 50 36.10 1329375356577 1329375177893 1329375177905 1329375359682 0.80000E+01
9 40 50 36.00 1329375360555 1329375178816 1329375178830 1329375360602 0.90000E+01
10 40 50 36.00 1329375361507 1329375179801 1329375179813 1329375361585 0.10000E+02
11 40 50 36.00 1329375362490 1329375180743 1329375180758 1329375362521 0.11000E+02
12 40 50 35.90 1329375363582 1329375181841 1329375181855 1329375363629 0.12000E+02
13 40 50 36.10 1329375364502 1329375182750 1329375182761 1329375364533 0.13000E+02
14 40 50 36.00 1329375365469 1329375183727 1329375183742 1329375365516 0.14000E+02
15 40 50 36.10 1329375366468 1329375184720 1329375184734 1329375366499 0.15000E+02
16 40 50 36.10 1329375367560 1329375185824 1329375185838 1329375367607 0.16000E+02
17 40 50 36.00 1329375368527 1329375186785 1329375186798 1329375368574 0.17000E+02
18 40 50 36.10 1329375369541 1329375187819 1329375187834 1329375369603 0.18000E+02
19 40 50 36.10 1329375370508 1329375188760 1329375188773 1329375370539 0.19000E+02
20 40 50 36.20 1329375371491 1329375189743 1329375189759 1329375371522 0.20000E+02
21 40 50 36.40 1329375372489 1329375190761 1329375190773 1329375372552 0.21000E+02
22 40 50 36.40 1329375373550 1329375191815 1329375191830 1329375373597 0.22000E+02
23 40 50 36.50 1329375374486 1329375192739 1329375192754 1329375374517 0.23000E+02
24 40 50 36.50 1329375375531 1329375193791 1329375193805 1329375375578 0.24000E+02
25 40 50 36.50 1329375376499 1329375194811 1329375194822 1329375376592 0.25000E+02
26 40 50 36.60 1329375377544 1329375195796 1329375195810 1329375377575 0.26000E+02
27 40 50 36.70 1329375378480 1329375196737 1329375196749 1329375378527 0.27000E+02
28 40 50 36.70 1329375379509 1329375197838 1329375197849 1329375379619 0.28000E+02
29 40 50 36.70 1329375380492 1329375198759 1329375198773 1329375380539 0.29000E+02
30 40 50 36.90 1329375381475 1329375199744 1329375199758 1329375381537 0.30000E+02
31 40 50 36.90 1329375382505 1329375200861 1329375200873 1329375382645 0.31000E+02
32 40 50 36.90 1329375383487 1329375201779 1329375201794 1329375383565 0.32000E+02
33 40 50 37.00 1329375384486 1329375202826 1329375202837 1329375384611 0.33000E+02
34 40 50 37.20 1329375385531 1329375203795 1329375203810 1329375385578 0.34000E+02
35 40 50 37.20 1329375386498 1329375204781 1329375204793 1329375386561 0.35000E+02
36 40 50 37.00 1329375387481 1329375205757 1329375205769 1329375387543 0.36000E+02
37 40 50 37.20 1329375388479 1329375206732 1329375206746 1329375388526 0.37000E+02
38 40 50 37.30 1329375389493 1329375207744 1329375207758 1329375389525 0.38000E+02
39 40 50 37.40 1329375390507 1329375208771 1329375208785 1329375390570 0.39000E+02
40 40 50 37.50 1329375391568 1329375209856 1329375209870 1329375391646 0.40000E+02
41 40 50 37.40 1329375392489 1329375210763 1329375210778 1329375392551 0.41000E+02
42 40 50 37.50 1329375393487 1329375211758 1329375211769 1329375393549 0.42000E+02
43 40 50 37.50 1329375394485 1329375212758 1329375212769 1329375394548 0.43000E+02
44 40 50 37.50 1329375395499 1329375213752 1329375213766 1329375395546 0.44000E+02
45 40 50 37.70 1329375396576 1329375214891 1329375214906 1329375396685 0.45000E+02
46 40 50 37.60 1329375397481 1329375215730 1329375215742 1329375397512 0.46000E+02
47 40 50 37.90 1329375398573 1329375216862 1329375216874 1329375398651 0.47000E+02
48 40 50 37.70 1329375399477 1329375217750 1329375217765 1329375399540 0.48000E+02
49 40 50 37.70 1329375400507 1329375218757 1329375218769 1329375400538 0.49000E+02
50 40 50 37.70 1329375401490 1329375219774 1329375219787 1329375401568 0.50000E+02
51 40 50 37.70 1329375402488 1329375220889 1329375220901 1329375402675 0.51000E+02
52 40 50 37.90 1329375403471 1329375221773 1329375221785 1329375403565 0.52000E+02
53 40 50 38.00 1329375404501 1329375222903 1329375222914 1329375404688 0.53000E+02
54 40 50 37.90 1329375405483 1329375223733 1329375223746 1329375405530 0.54000E+02
55 40 50 38.00 1329375406560 1329375224803 1329375224818 1329375406591 0.55000E+02
56 40 50 38.10 1329375407496 1329375225743 1329375225758 1329375407527 0.56000E+02
57 40 50 38.10 1329375408510 1329375226764 1329375226778 1329375408557 0.57000E+02
58 40 50 38.00 1329375409493 1329375227753 1329375227765 1329375409539 0.58000E+02
59 40 50 38.10 1329375410491 1329375228766 1329375228777 1329375410553 0.59000E+02
60 40 50 38.10 1329375411521 1329375229817 1329375229829 1329375411599 0.60000E+02
61 40 50 38.20 1329375412503 1329375230782 1329375230793 1329375412566 0.61000E+02
62 40 50 38.20 1329375413486 1329375231812 1329375231826 1329375413595 0.62000E+02
63 40 50 38.20 1329375414547 1329375232797 1329375232809 1329375414578 0.63000E+02
64 40 50 38.20 1329375415499 1329375233743 1329375233758 1329375415530 0.64000E+02
65 40 50 38.10 1329375416559 1329375234850 1329375234861 1329375416637 0.65000E+02
66 40 50 38.20 1329375417558 1329375235806 1329375235819 1329375417589 0.66000E+02
67 40 50 38.30 1329375418509 1329375236759 1329375236775 1329375418556 0.67000E+02
68 40 50 38.20 1329375419492 1329375237745 1329375237757 1329375419539 0.68000E+02
69 40 50 38.30 1329375420537 1329375238780 1329375238794 1329375420569 0.69000E+02
70 40 50 38.20 1329375421473 1329375239721 1329375239733 1329375421505 0.70000E+02
71 40 50 38.20 1329375422487 1329375240759 1329375240774 1329375422550 0.71000E+02
72 40 50 38.30 1329375423486 1329375241731 1329375241746 1329375423517 0.72000E+02
73 40 50 38.30 1329375424469 1329375242729 1329375242742 1329375424515 0.73000E+02
74 40 50 38.20 1329375425467 1329375243711 1329375243726 1329375425498 0.74000E+02
75 40 50 38.30 1329375426465 1329375244732 1329375244746 1329375426528 0.75000E+02
76 40 50 38.30 1329375427479 1329375245719 1329375245734 1329375427511 0.76000E+02
77 40 50 38.40 1329375428478 1329375246742 1329375246753 1329375428525 0.77000E+02
78 40 50 38.40 1329375429476 1329375247732 1329375247746 1329375429523 0.78000E+02
79 40 50 38.30 1329375430475 1329375248753 1329375248765 1329375430553 0.79000E+02
80 40 50 38.30 1329375431473 1329375249712 1329375249726 1329375431504 0.80000E+02
81 40 50 38.40 1329375432487 1329375250731 1329375250743 1329375432518 0.81000E+02
82 40 50 38.30 1329375433548 1329375251803 1329375251818 1329375433595 0.82000E+02
83 40 50 38.40 1329375434499 1329375252752 1329375252766 1329375434546 0.83000E+02
84 40 50 38.40 1329375435482 1329375253777 1329375253789 1329375435560 0.84000E+02
85 40 50 38.60 1329375436465 1329375254713 1329375254725 1329375436496 0.85000E+02
86 40 50 38.40 1329375437495 1329375255804 1329375255818 1329375437588 0.86000E+02
87 40 50 38.40 1329375438509 1329375256792 1329375256806 1329375438587 0.87000E+02
88 40 50 38.40 1329375439507 1329375257752 1329375257765 1329375439538 0.88000E+02
89 40 50 38.30 1329375440474 1329375258752 1329375258767 1329375440552 0.89000E+02
90 40 50 38.30 1329375441488 1329375259737 1329375259749 1329375441535 0.90000E+02
91 40 50 38.60 1329375442549 1329375260801 1329375260813 1329375442596 0.91000E+02
92 40 50 38.40 1329375443470 1329375261713 1329375261725 1329375443501 0.92000E+02
93 40 50 38.60 1329375444468 1329375262710 1329375262722 1329375444499 0.93000E+02
94 40 50 38.60 1329375445498 1329375263742 1329375263758 1329375445544 0.94000E+02
95 40 50 38.60 1329375446496 1329375264839 1329375264854 1329375446636 0.95000E+02
96 40 50 38.40 1329375447510 1329375265860 1329375265874 1329375447650 0.96000E+02
97 40 50 38.60 1329375448508 1329375266820 1329375266834 1329375448618 0.97000E+02
98 40 50 38.40 1329375449491 1329375267742 1329375267754 1329375449538 0.98000E+02
99 40 50 38.60 1329375450490 1329375268831 1329375268842 1329375450614 0.99000E+02
100 40 50 38.70 1329375451566 1329375269820 1329375269834 1329375451613 0.10000E+03
101 40 50 38.60 1329375452486 1329375270729 1329375270741 1329375452533 0.10100E+03
102 40 50 38.40 1329375453500 1329375271750 1329375271761 1329375453547 0.10200E+03
103 40 50 38.60 1329375454468 1329375272745 1329375272757 1329375454530 0.10300E+03
104 40 50 38.60 1329375455497 1329375273739 1329375273751 1329375455528 0.10400E+03
105 40 50 38.60 1329375456574 1329375274883 1329375274898 1329375456683 0.10500E+03
106 40 50 38.60 1329375457556 1329375275800 1329375275814 1329375457588 0.10600E+03
107 40 50 38.40 1329375458492 1329375276742 1329375276753 1329375458539 0.10700E+03
108 40 50 38.60 1329375459569 1329375277811 1329375277826 1329375459600 0.10800E+03
109 40 50 38.60 1329375460567 1329375278850 1329375278866 1329375460645 0.10900E+03
110 40 50 38.70 1329375461488 1329375279742 1329375279754 1329375461534 0.11000E+03
111 40 50 38.60 1329375462470 1329375280712 1329375280726 1329375462502 0.11100E+03
112 40 50 38.40 1329375463500 1329375281745 1329375281757 1329375463547 0.11200E+03
113 40 50 38.60 1329375464498 1329375282748 1329375282762 1329375464545 0.11300E+03
114 40 50 38.70 1329375465481 1329375283724 1329375283738 1329375465512 0.11400E+03
115 40 50 38.70 1329375466573 1329375284830 1329375284842 1329375466620 0.11500E+03
116 40 50 38.60 1329375467494 1329375285760 1329375285774 1329375467556 0.11600E+03
117 40 50 38.60 1329375468508 1329375286754 1329375286765 1329375468554 0.11700E+03
118 40 50 38.60 1329375469522 1329375287767 1329375287782 1329375469568 0.11800E+03
119 40 50 38.60 1329375470551 1329375288825 1329375288839 1329375470614 0.11900E+03
120 40 50 38.70 1329375471487 1329375289747 1329375289758 1329375471534 0.12000E+03
121 40 50 38.60 1329375472501 1329375290736 1329375290750 1329375472532 0.12100E+03
122 40 50 38.60 1329375473468 1329375291708 1329375291722 1329375473500 0.12200E+03
123 40 50 38.70 1329375474545 1329375292775 1329375292790 1329375474576 0.12300E+03
124 40 50 38.60 1329375475543 1329375293796 1329375293810 1329375475590 0.12400E+03
125 40 50 38.70 1329375476479 1329375294720 1329375294734 1329375476510 0.12500E+03
126 40 50 38.60 1329375477571 1329375295845 1329375295858 1329375477649 0.12600E+03
127 40 50 38.70 1329375478507 1329375296765 1329375296777 1329375478570 0.12700E+03
128 40 50 38.60 1329375479552 1329375297856 1329375297870 1329375479646 0.12800E+03
129 40 50 38.40 1329375480488 1329375298739 1329375298754 1329375480535 0.12900E+03
130 40 50 38.70 1329375481487 1329375299744 1329375299758 1329375481534 0.13000E+03
131 40 50 38.70 1329375482470 1329375300713 1329375300725 1329375482516 0.13100E+03
132 40 50 38.60 1329375483515 1329375301809 1329375301821 1329375483608 0.13200E+03
133 40 50 38.70 1329375484498 1329375302745 1329375302757 1329375484544 0.13300E+03
134 40 50 38.60 1329375485527 1329375303759 1329375303774 1329375485558 0.13400E+03
135 40 50 38.60 1329375486510 1329375304736 1329375304750 1329375486526 0.13500E+03
136 40 50 38.60 1329375487508 1329375305748 1329375305762 1329375487555 0.13600E+03
137 40 50 38.70 1329375488522 1329375306772 1329375306786 1329375488585 0.13700E+03
138 40 50 38.70 1329375489474 1329375307730 1329375307741 1329375489521 0.13800E+03
139 40 50 38.70 1329375490472 1329375308738 1329375308750 1329375490535 0.13900E+03
140 40 50 38.80 1329375491471 1329375309710 1329375309722 1329375491502 0.14000E+03
141 40 50 38.70 1329375492485 1329375310724 1329375310738 1329375492516 0.14100E+03
142 40 50 38.70 1329375493561 1329375311786 1329375311799 1329375493592 0.14200E+03
143 40 50 38.60 1329375494528 1329375312767 1329375312782 1329375494560 0.14300E+03
144 40 50 38.60 1329375495480 1329375313720 1329375313734 1329375495527 0.14400E+03
145 40 50 38.70 1329375496494 1329375314790 1329375314801 1329375496588 0.14500E+03
146 40 50 38.70 1329375497555 1329375315806 1329375315818 1329375497602 0.14600E+03
147 40 50 38.70 1329375498506 1329375316744 1329375316757 1329375498538 0.14700E+03
148 40 50 38.70 1329375499536 1329375317790 1329375317806 1329375499598 0.14800E+03
149 40 50 38.70 1329375500488 1329375318750 1329375318761 1329375500550 0.14900E+03
150 40 50 38.70 1329375501533 1329375319813 1329375319825 1329375501611 0.15000E+03
151 40 50 38.60 1329375502469 1329375320720 1329375320734 1329375502516 0.15100E+03
152 40 50 38.60 1329375503467 1329375321705 1329375321717 1329375503498 0.15200E+03
153 40 50 38.70 1329375504466 1329375322717 1329375322729 1329375504512 0.15300E+03
154 40 50 38.60 1329375505558 1329375327076 1329375327089 1329375512016 0.15400E+03
155 40 50 38.70 1329375512468 1329375331277 1329375331289 1329375513264 0.15500E+03
156 40 50 38.70 1329375513482 1329375332121 1329375332133 1329375517102 0.15600E+03
157 40 50 38.60 1329375517476 1329375336186 1329375336197 1329375518069 0.15700E+03
158 40 50 38.60 1329375518552 1329375336955 1329375336966 1329375518755 0.15800E+03
159 40 50 38.70 1329375519566 1329375337958 1329375337969 1329375519754 0.15900E+03
160 40 50 38.60 1329375520502 1329375338896 1329375338909 1329375520705 0.16000E+03
161 40 50 38.60 1329375521563 1329375339798 1329375339809 1329375521594 0.16100E+03
162 40 50 38.60 1329375522562 1329375340795 1329375340810 1329375522593 0.16200E+03
163 40 50 38.60 1329375523544 1329375341821 1329375341834 1329375523622 0.16300E+03
164 40 50 38.60 1329375524527 1329375342821 1329375342833 1329375524636 0.16400E+03
165 40 50 38.60 1329375525494 1329375343830 1329375343842 1329375525650 0.16500E+03
166 40 50 38.70 1329375526508 1329375344771 1329375344786 1329375526571 0.16600E+03
167 40 50 38.70 1329375527476 1329375345711 1329375345726 1329375527522 0.16700E+03
168 40 50 38.60 1329375528490 1329375346729 1329375346742 1329375528536 0.16800E+03
169 40 50 38.70 1329375529535 1329375347762 1329375347774 1329375529566 0.16900E+03
170 40 50 38.70 1329375530549 1329375348782 1329375348794 1329375530580 0.17000E+03
171 40 50 38.70 1329375531485 1329375349706 1329375349718 1329375531500 0.17100E+03
172 40 50 38.80 1329375532561 1329375350795 1329375350807 1329375532592 0.17200E+03
173 40 50 38.70 1329375533544 1329375351831 1329375351846 1329375533638 0.17300E+03
174 40 50 38.70 1329375534480 1329375352734 1329375352746 1329375534542 0.17400E+03
175 40 50 38.70 1329375535541 1329375353818 1329375353829 1329375535619 0.17500E+03
176 40 50 38.70 1329375536570 1329375354848 1329375354862 1329375536648 0.17600E+03
177 40 50 38.70 1329375537506 1329375355738 1329375355750 1329375537538 0.17700E+03
178 40 50 38.70 1329375538505 1329375356837 1329375356849 1329375538661 0.17800E+03
179 40 50 38.70 1329375539503 1329375357852 1329375357866 1329375539659 0.17900E+03
180 40 50 38.60 1329375540502 1329375358894 1329375358906 1329375540689 0.18000E+03
181 40 50 38.70 1329375541500 1329375359734 1329375359746 1329375541547 0.18100E+03
182 40 50 38.70 1329375542467 1329375360737 1329375360749 1329375542545 0.18200E+03
183 40 50 38.60 1329375543544 1329375362069 1329375362081 1329375543871 0.18300E+03
184 40 50 38.70 1329375544480 1329375362834 1329375362849 1329375544636 0.18400E+03
185 40 50 38.60 1329375545494 1329375363730 1329375363741 1329375545540 0.18500E+03
186 40 50 38.70 1329375546508 1329375364737 1329375364750 1329375546539 0.18600E+03
187 40 50 38.70 1329375547537 1329375365778 1329375365791 1329375547584 0.18700E+03
188 40 50 38.70 1329375548551 1329375366823 1329375366834 1329375548645 0.18800E+03
189 40 50 38.60 1329375549519 1329375367756 1329375367770 1329375549565 0.18900E+03
190 40 50 38.60 1329375550501 1329375368779 1329375368794 1329375550579 0.19000E+03
191 40 50 38.60 1329375551531 1329375369750 1329375369762 1329375551547 0.19100E+03
192 40 50 38.70 1329375552467 1329375370729 1329375370741 1329375552529 0.19200E+03
193 40 50 38.70 1329375553497 1329375371731 1329375371746 1329375553543 0.19300E+03
194 40 50 38.70 1329375554511 1329375372768 1329375372782 1329375554573 0.19400E+03
195 40 50 38.80 1329375555525 1329375373748 1329375373763 1329375555556 0.19500E+03
196 40 50 38.70 1329375556476 1329375374716 1329375374730 1329375556523 0.19600E+03
197 40 50 38.80 1329375557475 1329375375754 1329375375765 1329375557553 0.19700E+03
198 40 50 38.70 1329375558535 1329375376832 1329375376845 1329375558645 0.19800E+03
199 40 50 38.70 1329375559471 1329375377739 1329375377754 1329375559549 0.19900E+03
200 40 50 38.80 1329375560470 1329375378735 1329375378746 1329375560532 0.20000E+03
201 40 50 38.90 1329375561468 1329375379708 1329375379722 1329375561531 0.20100E+03
202 40 50 38.80 1329375562545 1329375380811 1329375380823 1329375562623 0.20200E+03
203 40 50 38.80 1329375563527 1329375381786 1329375381797 1329375563637 0.20300E+03
204 40 50 38.70 1329375564541 1329375382781 1329375382793 1329375564588 0.20400E+03
205 40 50 38.70 1329375565477 1329375383728 1329375383742 1329375565555 0.20500E+03
206 40 50 38.70 1329375566476 1329375384741 1329375384753 1329375566554 0.20600E+03
207 40 50 38.70 1329375567474 1329375385724 1329375385738 1329375567537 0.20700E+03
208 40 50 38.70 1329375568473 1329375386737 1329375386750 1329375568551 0.20800E+03
209 40 50 38.70 1329375569471 1329375387720 1329375387734 1329375569533 0.20900E+03
210 40 50 38.70 1329375570469 1329375388711 1329375388727 1329375570516 0.21000E+03
211 40 50 38.80 1329375571468 1329375389752 1329375389766 1329375571561 0.21100E+03
212 40 50 38.70 1329375572466 1329375390716 1329375390730 1329375572529 0.21200E+03
213 40 50 38.70 1329375573543 1329375391796 1329375391810 1329375573621 0.21300E+03
214 40 50 38.80 1329375574541 1329375392757 1329375392769 1329375574557 0.21400E+03
215 40 50 38.70 1329375575477 1329375393713 1329375393725 1329375575524 0.21500E+03
216 40 50 38.70 1329375576475 1329375398234 1329375398245 1329375580375 0.21600E+03
217 40 50 38.70 1329375580469 1329375401705 1329375401717 1329375583511 0.21700E+03
218 40 50 38.70 1329375584525 1329375402760 1329375402774 1329375584572 0.21800E+03
219 40 50 38.70 1329375585477 1329375403705 1329375403717 1329375585508 0.21900E+03
220 40 50 38.80 1329375586506 1329375404756 1329375404770 1329375586569 0.22000E+03
221 40 50 38.70 1329375587489 1329375405732 1329375405746 1329375587536 0.22100E+03
222 40 50 38.70 1329375588487 1329375406821 1329375406833 1329375588628 0.22200E+03
223 40 50 38.80 1329375589501 1329375407852 1329375407866 1329375589657 0.22300E+03
224 40 50 38.70 1329375590547 1329375408804 1329375408818 1329375590609 0.22400E+03
225 40 50 38.70 1329375591545 1329375409774 1329375409786 1329375591576 0.22500E+03
226 40 50 38.60 1329375592497 1329375410747 1329375410762 1329375592559 0.22600E+03
227 40 50 38.40 1329375593495 1329375411834 1329375411845 1329375593635 0.22700E+03
228 40 50 38.60 1329375594509 1329375412833 1329375412845 1329375594634 0.22800E+03
229 40 50 38.70 1329375595507 1329375413794 1329375413806 1329375595601 0.22900E+03
230 40 50 38.70 1329375596490 1329375414725 1329375414738 1329375596537 0.23000E+03
231 40 50 38.70 1329375597504 1329375415734 1329375415746 1329375597551 0.23100E+03
232 40 50 38.70 1329375598503 1329375416732 1329375416746 1329375598549 0.23200E+03
233 40 50 38.70 1329375599517 1329375417771 1329375417786 1329375599579 0.23300E+03
234 40 50 38.80 1329375600531 1329375418744 1329375418758 1329375600562 0.23400E+03
235 40 50 38.70 1329375601498 1329375419756 1329375419771 1329375601560 0.23500E+03
236 40 50 38.80 1329375602496 1329375420820 1329375420834 1329375602637 0.23600E+03
237 40 50 38.80 1329375603541 1329375421775 1329375421790 1329375603588 0.23700E+03
238 40 50 38.80 1329375604555 1329375422782 1329375422794 1329375604587 0.23800E+03
239 40 50 38.80 1329375605569 1329375423820 1329375423834 1329375605632 0.23900E+03
240 40 50 38.70 1329375606521 1329375424892 1329375424906 1329375606708 0.24000E+03
241 40 50 38.60 1329375607566 1329375425776 1329375425790 1329375607597 0.24100E+03
242 41 50 38.70 1329375608565 1329375426826 1329375426839 1329375608643 0.24200E+03
243 41 50 38.80 1329375609485 1329375427736 1329375427751 1329375609547 0.24300E+03
244 41 50 38.70 1329375610468 1329375428727 1329375428742 1329375610546 0.24400E+03
245 41 50 38.80 1329375611466 1329375429694 1329375429706 1329375611497 0.24500E+03
246 41 50 38.80 1329375612465 1329375430689 1329375430701 1329375612496 0.24600E+03
247 41 50 38.70 1329375613479 1329375431686 1329375431698 1329375613494 0.24700E+03
248 41 50 38.70 1329375614477 1329375432738 1329375432749 1329375614555 0.24800E+03
249 41 50 38.70 1329375615538 1329375433773 1329375433785 1329375615585 0.24900E+03
250 41 50 38.70 1329375616474 1329375434718 1329375434729 1329375616536 0.25000E+03
251 41 50 38.70 1329375617488 1329375435733 1329375435746 1329375617550 0.25100E+03
252 42 50 38.80 1329375618486 1329375436820 1329375436833 1329375618627 0.25200E+03
253 42 50 38.80 1329375619500 1329375437810 1329375437822 1329375619625 0.25300E+03
254 42 50 38.70 1329375620499 1329375438728 1329375438742 1329375620561 0.25400E+03
255 42 50 38.80 1329375621544 1329375439751 1329375439762 1329375621559 0.25500E+03
256 42 50 38.80 1329375622495 1329375440823 1329375440838 1329375622651 0.25600E+03
257 42 50 38.70 1329375623494 1329375441746 1329375441758 1329375623556 0.25700E+03
258 42 50 38.70 1329375624508 1329375442758 1329375442769 1329375624570 0.25800E+03
259 42 50 38.80 1329375625491 1329375443715 1329375443730 1329375625537 0.25900E+03
260 42 50 38.80 1329375626505 1329375444731 1329375444742 1329375626551 0.26000E+03
261 42 50 38.70 1329375627534 1329375445744 1329375445758 1329375627565 0.26100E+03
262 43 50 38.70 1329375628533 1329375446756 1329375446770 1329375628564 0.26200E+03
263 43 50 38.70 1329375629500 1329375447731 1329375447746 1329375629547 0.26300E+03
264 43 50 38.70 1329375630514 1329375448741 1329375448753 1329375630561 0.26400E+03
265 43 50 38.70 1329375631543 1329375449820 1329375449835 1329375631699 0.26500E+03
266 43 50 38.80 1329375632589 1329375450797 1329375450810 1329375632604 0.26600E+03
267 43 50 38.70 1329375633525 1329375451870 1329375451885 1329375633681 0.26700E+03
268 43 50 38.70 1329375634554 1329375452791 1329375452802 1329375634601 0.26800E+03
269 43 50 38.80 1329375635553 1329375453817 1329375453829 1329375635631 0.26900E+03
270 43 50 38.80 1329375636520 1329375454754 1329375454766 1329375636567 0.27000E+03
271 43 50 38.80 1329375637471 1329375455731 1329375455746 1329375637549 0.27100E+03
272 44 50 38.80 1329375638548 1329375456885 1329375456898 1329375638704 0.27200E+03
273 44 50 38.70 1329375639484 1329375457723 1329375457735 1329375639531 0.27300E+03
274 44 50 38.70 1329375640513 1329375458751 1329375458762 1329375640560 0.27400E+03
275 44 50 38.80 1329375641512 1329375459808 1329375459822 1329375641621 0.27500E+03
276 44 50 38.90 1329375642526 1329375460785 1329375460797 1329375642604 0.27600E+03
277 44 50 38.80 1329375643540 1329375461785 1329375461797 1329375643602 0.27700E+03
278 44 50 38.80 1329375644538 1329375462793 1329375462806 1329375644616 0.27800E+03
279 44 50 38.80 1329375645490 1329375463721 1329375463733 1329375645537 0.27900E+03
280 44 50 38.70 1329375646566 1329375464788 1329375464802 1329375646597 0.28000E+03
281 44 50 38.70 1329375647518 1329375465747 1329375465759 1329375647565 0.28100E+03
282 45 50 38.70 1329375648485 1329375466728 1329375466742 1329375648547 0.28200E+03
283 45 50 38.90 1329375649577 1329375467828 1329375467842 1329375649639 0.28300E+03
284 45 50 38.90 1329375650497 1329375468722 1329375468733 1329375650529 0.28400E+03
285 45 50 38.90 1329375651527 1329375469746 1329375469758 1329375651558 0.28500E+03
286 45 50 38.90 1329375652541 1329375470761 1329375470773 1329375652588 0.28600E+03
287 45 50 38.90 1329375653539 1329375474773 1329375474786 1329375656597 0.28700E+03
288 45 50 39.00 1329375657533 1329375475776 1329375475790 1329375657595 0.28800E+03
289 46 50 38.90 1329375658516 1329375476759 1329375476774 1329375658578 0.28900E+03
290 46 50 39.00 1329375659530 1329375477746 1329375477758 1329375659561 0.29000E+03
291 46 50 39.00 1329375660528 1329375478749 1329375478761 1329375660559 0.29100E+03
292 46 50 39.00 1329375661480 1329375479720 1329375479734 1329375661542 0.29200E+03
293 46 50 39.00 1329375662494 1329375480737 1329375480749 1329375662556 0.29300E+03
294 46 50 39.10 1329375663508 1329375481777 1329375481789 1329375663602 0.29400E+03
295 46 50 39.10 1329375664538 1329375482976 1329375482990 1329375665115 0.29500E+03
296 46 50 39.00 1329375665552 1329375484080 1329375484094 1329375665910 0.29600E+03
297 46 50 39.10 1329375666503 1329375484736 1329375484749 1329375666550 0.29700E+03
298 46 50 39.10 1329375667502 1329375485722 1329375485733 1329375667564 0.29800E+03
299 47 50 39.10 1329375668531 1329375486769 1329375486781 1329375668594 0.29900E+03
300 47 50 39.00 1329375669561 1329375487790 1329375487802 1329375669608 0.30000E+03
301 47 50 39.30 1329375670512 1329375488738 1329375488749 1329375670559 0.30100E+03
302 47 50 39.30 1329375671526 1329375489744 1329375489758 1329375671573 0.30200E+03
303 47 50 39.10 1329375672509 1329375490824 1329375490838 1329375672650 0.30300E+03
304 47 50 39.30 1329375673508 1329375491748 1329375491762 1329375673570 0.30400E+03
305 47 50 39.30 1329375674537 1329375492761 1329375492773 1329375674584 0.30500E+03
306 47 50 39.30 1329375675551 1329375493772 1329375493786 1329375675598 0.30600E+03
307 47 50 39.30 1329375676472 1329375494694 1329375494706 1329375676518 0.30700E+03
308 47 50 39.30 1329375677486 1329375495702 1329375495714 1329375677517 0.30800E+03
309 48 50 39.40 1329375678515 1329375496764 1329375496779 1329375678593 0.30900E+03
310 48 50 39.30 1329375679498 1329375497720 1329375497734 1329375679545 0.31000E+03
311 48 50 39.40 1329375680543 1329375498800 1329375498814 1329375680621 0.31100E+03
312 48 50 39.40 1329375681557 1329375499839 1329375499850 1329375681651 0.31200E+03
313 48 50 39.40 1329375682587 1329375500807 1329375500818 1329375682618 0.31300E+03
314 48 50 39.30 1329375683523 1329375501750 1329375501766 1329375683570 0.31400E+03
315 48 50 39.30 1329375684490 1329375502748 1329375502762 1329375684568 0.31500E+03
316 48 50 39.40 1329375685520 1329375503761 1329375503775 1329375685582 0.31600E+03
317 48 50 39.50 1329375686487 1329375504725 1329375504737 1329375686549 0.31700E+03
318 48 50 39.40 1329375687485 1329375505710 1329375505721 1329375687532 0.31800E+03
319 49 50 39.50 1329375688530 1329375506760 1329375506774 1329375688577 0.31900E+03
320 49 50 39.50 1329375689529 1329375507748 1329375507762 1329375689576 0.32000E+03
321 49 50 39.40 1329375690465 1329375508681 1329375508693 1329375690496 0.32100E+03
322 49 50 39.40 1329375691510 1329375509731 1329375509746 1329375691557 0.32200E+03
323 49 50 39.50 1329375692524 1329375510753 1329375510765 1329375692571 0.32300E+03
324 49 50 39.60 1329375693554 1329375511789 1329375511801 1329375693616 0.32400E+03
325 49 50 39.50 1329375694505 1329375512742 1329375512758 1329375694568 0.32500E+03
326 49 50 39.50 1329375695550 1329375513775 1329375513786 1329375695597 0.32600E+03
327 49 50 39.60 1329375696486 1329375514765 1329375514777 1329375696580 0.32700E+03
328 49 50 39.60 1329375697485 1329375515700 1329375515714 1329375697516 0.32800E+03
329 50 50 39.60 1329375698499 1329375516724 1329375516738 1329375698546 0.32900E+03
330 50 50 39.60 1329375699513 1329375518045 1329375518057 1329375699887 0.33000E+03
331 50 50 39.60 1329375700558 1329375518757 1329375518769 1329375700574 0.33100E+03
332 50 50 39.70 1329375701494 1329375519715 1329375519727 1329375701572 0.33200E+03
333 50 50 39.70 1329375702555 1329375520786 1329375520798 1329375702602 0.33300E+03
334 50 50 39.70 1329375703522 1329375521755 1329375521766 1329375703569 0.33400E+03
335 50 50 39.80 1329375704489 1329375522711 1329375522726 1329375704536 0.33500E+03
336 50 50 39.80 1329375705488 1329375523701 1329375523713 1329375705519 0.33600E+03
337 50 50 39.80 1329375706517 1329375524738 1329375524750 1329375706564 0.33700E+03
338 50 50 39.80 1329375707516 1329375525778 1329375525790 1329375707609 0.33800E+03
339 51 50 39.80 1329375708467 1329375526692 1329375526706 1329375708514 0.33900E+03
340 51 50 39.80 1329375709528 1329375527771 1329375527782 1329375709590 0.34000E+03
341 51 50 40.10 1329375710542 1329375528759 1329375528774 1329375710589 0.34100E+03
342 51 50 40.10 1329375711509 1329375529724 1329375529738 1329375711556 0.34200E+03
343 51 50 40.10 1329375712539 1329375530790 1329375530806 1329375712617 0.34300E+03
344 51 50 40.00 1329375713506 1329375531741 1329375531753 1329375713584 0.34400E+03
345 51 50 40.10 1329375714520 1329375532853 1329375532865 1329375714676 0.34500E+03
346 51 50 40.00 1329375715472 1329375533721 1329375533734 1329375715550 0.34600E+03
347 51 50 40.10 1329375716517 1329375534740 1329375534754 1329375716564 0.34700E+03
348 51 50 40.20 1329375717484 1329375535701 1329375535713 1329375717531 0.34800E+03
349 52 50 40.20 1329375718482 1329375539717 1329375539730 1329375721540 0.34900E+03
350 52 50 40.20 1329375722476 1329375540694 1329375540705 1329375722523 0.35000E+03
351 52 50 40.10 1329375723568 1329375541789 1329375541801 1329375723615 0.35100E+03
352 52 50 40.20 1329375724504 1329375542738 1329375542749 1329375724566 0.35200E+03
353 52 50 40.20 1329375725534 1329375543763 1329375543778 1329375725596 0.35300E+03
354 52 50 40.20 1329375726548 1329375544762 1329375544774 1329375726579 0.35400E+03
355 52 50 40.20 1329375727499 1329375545729 1329375545741 1329375727546 0.35500E+03
356 53 50 40.30 1329375728513 1329375549768 1329375549783 1329375731602 0.35600E+03
357 53 50 40.30 1329375732538 1329375550837 1329375550849 1329375732663 0.35700E+03
358 53 50 40.30 1329375733505 1329375551800 1329375551814 1329375733630 0.35800E+03
359 53 50 40.30 1329375734535 1329375552765 1329375552777 1329375734597 0.35900E+03
360 53 50 40.40 1329375735549 1329375556765 1329375556777 1329375738591 0.36000E+03
361 54 50 40.40 1329375739480 1329375557692 1329375557707 1329375739527 0.36100E+03
362 54 50 40.40 1329375740494 1329375558710 1329375558721 1329375740541 0.36200E+03
363 54 50 40.50 1329375741524 1329375559737 1329375559749 1329375741555 0.36300E+03
364 54 50 40.50 1329375742506 1329375560753 1329375560766 1329375742584 0.36400E+03
365 54 50 40.50 1329375743489 1329375561814 1329375561826 1329375743661 0.36500E+03
366 54 50 40.50 1329375744534 1329375562743 1329375562758 1329375744566 0.36600E+03
367 54 50 40.50 1329375745502 1329375566724 1329375566738 1329375748559 0.36700E+03
368 55 50 40.80 1329375749511 1329375567729 1329375567741 1329375749558 0.36800E+03
369 55 50 40.80 1329375750478 1329375568686 1329375568698 1329375750509 0.36900E+03
370 55 50 40.70 1329375751586 1329375569845 1329375569857 1329375751679 0.37000E+03
371 55 50 40.70 1329375752537 1329375570745 1329375570757 1329375752568 0.37100E+03
372 55 50 40.70 1329375753536 1329375571810 1329375571825 1329375753645 0.37200E+03
373 55 50 40.80 1329375754472 1329375572685 1329375572697 1329375754518 0.37300E+03
374 55 50 40.80 1329375755486 1329375573703 1329375573714 1329375755532 0.37400E+03
375 55 50 40.90 1329375756484 1329375574707 1329375574722 1329375756531 0.37500E+03
376 55 50 40.90 1329375757514 1329375575735 1329375575750 1329375757560 0.37600E+03
377 56 50 40.80 1329375758528 1329375576763 1329375576778 1329375758590 0.37700E+03
378 56 50 40.90 1329375759542 1329375577743 1329375577758 1329375759573 0.37800E+03
379 56 50 40.90 1329375760509 1329375578728 1329375578742 1329375760556 0.37900E+03
380 56 50 40.90 1329375761492 1329375579779 1329375579794 1329375761616 0.38000E+03
381 56 50 41.00 1329375762521 1329375580768 1329375580783 1329375762599 0.38100E+03
382 56 50 40.90 1329375763504 1329375581823 1329375581839 1329375763660 0.38200E+03
383 56 50 41.00 1329375764487 1329375582774 1329375582786 1329375764596 0.38300E+03
384 56 50 41.10 1329375765485 1329375583782 1329375583794 1329375765610 0.38400E+03
385 56 50 41.10 1329375766499 1329375584714 1329375584725 1329375766546 0.38500E+03
386 56 50 41.00 1329375767544 1329375585762 1329375585773 1329375767591 0.38600E+03
387 57 50 41.20 1329375768480 1329375589696 1329375589710 1329375771522 0.38700E+03
388 57 50 41.20 1329375772505 1329375590731 1329375590742 1329375772552 0.38800E+03
389 57 50 41.10 1329375773535 1329375591749 1329375591761 1329375773582 0.38900E+03
390 57 50 41.10 1329375774486 1329375592740 1329375592754 1329375774564 0.39000E+03
391 57 50 41.40 1329375775547 1329375596785 1329375596797 1329375778621 0.39100E+03
392 58 50 41.40 1329375779494 1329375597695 1329375597706 1329375779525 0.39200E+03
393 58 50 41.40 1329375780477 1329375598684 1329375598698 1329375780524 0.39300E+03
394 58 50 41.50 1329375781507 1329375599730 1329375599741 1329375781569 0.39400E+03
395 58 50 41.50 1329375782552 1329375600807 1329375600818 1329375782677 0.39500E+03
396 58 50 41.40 1329375783488 1329375601751 1329375601766 1329375783597 0.39600E+03
397 58 50 41.50 1329375784549 1329375602882 1329375602893 1329375784705 0.39700E+03
398 58 50 41.40 1329375785500 1329375603726 1329375603741 1329375785563 0.39800E+03
399 58 50 41.50 1329375786514 1329375604745 1329375604758 1329375786577 0.39900E+03
400 58 50 41.50 1329375787497 1329375605712 1329375605726 1329375787544 0.40000E+03
401 59 50 41.40 1329375788495 1329375606762 1329375606774 1329375788589 0.40100E+03
402 59 50 41.60 1329375789541 1329375610777 1329375610789 1329375792614 0.40200E+03
403 59 50 41.70 1329375793503 1329375614733 1329375614745 1329375796561 0.40300E+03
404 59 50 41.70 1329375797543 1329375615788 1329375615802 1329375797621 0.40400E+03
405 60 50 41.70 1329375798542 1329375616754 1329375616765 1329375798589 0.40500E+03
406 60 50 41.70 1329375799571 1329375617778 1329375617789 1329375799603 0.40600E+03
407 60 50 41.80 1329375800507 1329375618716 1329375618731 1329375800554 0.40700E+03
408 60 50 41.90 1329375801506 1329375619772 1329375619786 1329375801615 0.40800E+03
409 60 50 41.80 1329375802504 1329375623739 1329375623750 1329375805609 0.40900E+03
410 60 50 41.90 1329375806498 1329375627759 1329375627774 1329375809602 0.41000E+03
411 61 50 41.90 1329375810507 1329375628735 1329375628750 1329375810569 0.41100E+03
412 61 50 42.10 1329375811537 1329375629754 1329375629766 1329375811599 0.41200E+03
413 61 50 42.20 1329375812488 1329375630698 1329375630710 1329375812535 0.41300E+03
414 61 50 42.10 1329375813487 1329375634719 1329375634734 1329375816560 0.41400E+03
415 61 50 42.20 1329375817480 1329375638693 1329375638705 1329375820522 0.41500E+03
416 62 50 42.30 1329375821583 1329375639780 1329375639794 1329375821614 0.41600E+03
417 62 50 42.30 1329375822472 1329375640699 1329375640714 1329375822535 0.41700E+03
418 62 50 42.30 1329375823502 1329375641717 1329375641729 1329375823549 0.41800E+03
419 62 50 42.40 1329375824578 1329375642793 1329375642805 1329375824641 0.41900E+03
420 62 50 42.40 1329375825561 1329375643755 1329375643770 1329375825592 0.42000E+03
421 62 50 42.20 1329375826497 1329375644723 1329375644738 1329375826559 0.42100E+03
422 62 50 42.30 1329375827495 1329375645718 1329375645730 1329375827558 0.42200E+03
423 63 50 42.50 1329375828509 1329375649719 1329375649733 1329375831551 0.42300E+03
424 63 50 42.50 1329375832503 1329375650707 1329375650722 1329375832550 0.42400E+03
425 63 50 42.50 1329375833533 1329375651753 1329375651765 1329375833595 0.42500E+03
426 63 50 42.40 1329375834562 1329375652770 1329375652781 1329375834609 0.42600E+03
427 63 50 42.40 1329375835498 1329375653703 1329375653718 1329375835545 0.42700E+03
428 63 50 42.50 1329375836497 1329375654727 1329375654742 1329375836575 0.42800E+03
429 63 50 42.50 1329375837557 1329375655791 1329375655806 1329375837635 0.42900E+03
430 64 50 42.40 1329375838478 1329375659714 1329375659725 1329375841551 0.43000E+03
431 64 50 42.60 1329375842487 1329375660703 1329375660717 1329375842549 0.43100E+03
432 64 50 42.60 1329375843470 1329375661673 1329375661686 1329375843517 0.43200E+03
433 64 50 42.60 1329375844499 1329375662697 1329375662709 1329375844531 0.43300E+03
434 64 50 42.60 1329375845498 1329375663699 1329375663710 1329375845529 0.43400E+03
435 64 50 42.70 1329375846481 1329375664694 1329375664705 1329375846527 0.43500E+03
436 64 50 42.70 1329375847510 1329375665715 1329375665730 1329375847557 0.43600E+03
437 65 50 42.60 1329375848555 1329375666757 1329375666769 1329375848587 0.43700E+03
438 65 50 42.70 1329375849538 1329375667739 1329375667754 1329375849585 0.43800E+03
439 65 50 42.70 1329375850537 1329375668740 1329375668754 1329375850583 0.43900E+03
440 65 50 42.90 1329375851519 1329375669711 1329375669726 1329375851551 0.44000E+03
441 65 50 42.70 1329375852487 1329375670694 1329375670706 1329375852533 0.44100E+03
442 65 50 42.70 1329375853501 1329375671706 1329375671722 1329375853547 0.44200E+03
443 65 50 42.90 1329375854530 1329375672749 1329375672761 1329375854593 0.44300E+03
444 65 50 42.90 1329375855482 1329375673681 1329375673693 1329375855513 0.44400E+03
445 65 50 42.90 1329375856480 1329375674681 1329375674694 1329375856527 0.44500E+03
446 65 50 43.00 1329375857557 1329375678797 1329375678810 1329375860630 0.44600E+03
447 66 50 43.00 1329375861535 1329375679734 1329375679745 1329375861581 0.44700E+03
448 66 50 43.00 1329375862533 1329375680733 1329375680745 1329375862580 0.44800E+03
449 66 50 43.10 1329375863500 1329375681696 1329375681706 1329375863531 0.44900E+03
450 66 50 43.10 1329375864545 1329375682776 1329375682789 1329375864623 0.45000E+03
451 66 50 43.20 1329375865497 1329375683698 1329375683709 1329375865544 0.45100E+03
452 66 50 43.20 1329375866495 1329375684696 1329375684710 1329375866542 0.45200E+03
453 66 50 43.20 1329375867509 1329375685711 1329375685726 1329375867556 0.45300E+03
454 67 50 43.20 1329375868508 1329375686725 1329375686737 1329375868570 0.45400E+03
455 67 50 43.40 1329375869537 1329375690755 1329375690766 1329375872595 0.45500E+03
456 67 50 43.40 1329375873484 1329375691685 1329375691697 1329375873531 0.45600E+03
457 67 50 43.40 1329375874498 1329375692699 1329375692714 1329375874545 0.45700E+03
458 67 50 43.40 1329375875543 1329375693749 1329375693762 1329375875590 0.45800E+03
459 67 50 43.30 1329375876511 1329375694712 1329375694726 1329375876557 0.45900E+03
460 67 50 43.70 1329375877540 1329375698768 1329375698782 1329375880613 0.46000E+03
461 68 50 43.40 1329375881518 1329375699735 1329375699750 1329375881581 0.46100E+03
462 68 50 43.70 1329375882485 1329375700686 1329375700698 1329375882532 0.46200E+03
463 68 50 43.70 1329375883468 1329375701689 1329375701702 1329375883531 0.46300E+03
464 68 50 43.70 1329375884576 1329375705776 1329375705789 1329375887633 0.46400E+03
465 69 50 43.80 1329375888569 1329375709760 1329375709773 1329375891612 0.46500E+03
466 69 50 43.80 1329375892563 1329375710743 1329375710755 1329375892579 0.46600E+03
467 69 50 43.80 1329375893468 1329375711670 1329375711682 1329375893515 0.46700E+03
468 69 50 43.80 1329375894466 1329375712684 1329375712698 1329375894529 0.46800E+03
469 69 50 43.80 1329375895512 1329375716729 1329375716741 1329375898569 0.46900E+03
470 70 50 43.90 1329375899490 1329375717683 1329375717698 1329375899536 0.47000E+03
471 70 50 44.00 1329375900472 1329375721678 1329375721693 1329375903542 0.47100E+03
472 70 50 44.10 1329375904509 1329375725696 1329375725709 1329375907540 0.47200E+03
473 70 50 44.30 1329375908476 1329375726675 1329375726691 1329375908522 0.47300E+03
474 70 50 44.10 1329375909490 1329375727682 1329375727694 1329375909521 0.47400E+03
475 70 50 44.30 1329375910519 1329375728720 1329375728733 1329375910597 0.47500E+03
476 70 50 44.40 1329375911533 1329375729725 1329375729737 1329375911564 0.47600E+03
477 70 50 44.40 1329375912547 1329375730751 1329375730766 1329375912594 0.47700E+03
478 70 50 44.50 1329375913483 1329375731684 1329375731698 1329375913530 0.47800E+03
479 70 50 44.40 1329375914497 1329375732682 1329375732698 1329375914528 0.47900E+03
480 70 50 44.40 1329375915464 1329375733655 1329375733671 1329375915511 0.48000E+03
481 70 50 44.50 1329375916478 1329375737719 1329375737734 1329375919583 0.48100E+03
482 70 50 44.60 1329375920534 1329375738710 1329375738725 1329375920566 0.48200E+03
483 70 50 44.60 1329375921470 1329375739647 1329375739661 1329375921502 0.48300E+03
484 70 50 44.60 1329375922547 1329375740784 1329375740798 1329375922625 0.48400E+03
485 70 50 44.60 1329375923498 1329375741698 1329375741709 1329375923545 0.48500E+03
486 70 50 44.70 1329375924490 1329375742716 1329375742730 1329375924568 0.48600E+03
487 70 50 44.60 1329375925504 1329375746683 1329375746698 1329375928530 0.48700E+03
488 70 50 44.70 1329375929575 1329375747748 1329375747762 1329375929591 0.48800E+03
489 70 50 44.80 1329375930464 1329375751673 1329375751686 1329375933522 0.48900E+03
490 70 50 44.70 1329375934474 1329375752644 1329375752657 1329375934489 0.49000E+03
491 70 50 45.00 1329375935472 1329375753672 1329375753686 1329375935519 0.49100E+03
492 70 50 45.00 1329375936517 1329375754708 1329375754722 1329375936564 0.49200E+03
493 70 50 44.80 1329375937531 1329375758738 1329375758750 1329375940589 0.49300E+03
494 70 50 45.00 1329375941540 1329375759712 1329375759726 1329375941556 0.49400E+03
495 70 50 44.80 1329375942476 1329375760655 1329375760669 1329375942508 0.49500E+03
496 70 50 44.80 1329375943506 1329375761737 1329375761750 1329375943584 0.49600E+03
497 70 50 44.80 1329375944567 1329375762810 1329375762821 1329375944660 0.49700E+03
498 70 50 45.00 1329375945487 1329375766759 1329375766770 1329375948607 0.49800E+03
499 70 50 45.00 1329375949496 1329375767684 1329375767698 1329375949543 0.49900E+03
500 70 50 45.10 1329375950495 1329375768693 1329375768706 1329375950542 0.50000E+03
501 70 50 45.00 1329375951540 1329375769715 1329375769726 1329375951587 0.50100E+03
502 70 50 45.00 1329375952507 1329375770699 1329375770710 1329375952554 0.50200E+03
503 70 50 45.00 1329375953488 1329375771755 1329375771770 1329375953613 0.50300E+03
504 70 50 45.00 1329375954487 1329375772725 1329375772738 1329375954580 0.50400E+03
505 70 50 45.00 1329375955532 1329375773728 1329375773742 1329375955579 0.50500E+03
506 70 50 45.10 1329375956499 1329375774770 1329375774782 1329375956624 0.50600E+03
507 70 50 45.20 1329375957498 1329375778709 1329375778721 1329375960555 0.50700E+03
508 70 50 45.20 1329375961507 1329375779704 1329375779718 1329375961554 0.50800E+03
509 70 50 45.30 1329375962552 1329375783756 1329375783770 1329375965610 0.50900E+03
510 70 50 45.20 1329375966488 1329375784676 1329375784690 1329375966535 0.51000E+03
511 70 50 45.30 1329375967533 1329375785770 1329375785782 1329375967627 0.51100E+03
512 70 50 45.20 1329375968531 1329375786718 1329375786729 1329375968563 0.51200E+03
513 70 50 45.20 1329375969483 1329375787664 1329375787677 1329375969514 0.51300E+03
514 70 50 45.30 1329375970482 1329375788673 1329375788685 1329375970529 0.51400E+03
515 70 50 45.20 1329375971496 1329375789705 1329375789718 1329375971559 0.51500E+03
516 70 50 45.10 1329375972510 1329375790746 1329375790758 1329375972604 0.51600E+03
517 70 50 45.10 1329375973524 1329375791716 1329375791730 1329375973587 0.51700E+03
518 70 50 45.10 1329375974476 1329375795682 1329375795695 1329375977534 0.51800E+03
519 70 50 45.20 1329375978470 1329375796672 1329375796687 1329375978532 0.51900E+03
520 70 50 45.10 1329375979562 1329375797820 1329375797834 1329375979686 0.52000E+03
521 70 50 45.30 1329375980498 1329375798671 1329375798686 1329375980529 0.52100E+03
522 70 50 45.20 1329375981480 1329375799704 1329375799718 1329375981558 0.52200E+03
523 70 50 45.20 1329375982510 1329375800698 1329375800709 1329375982557 0.52300E+03
524 70 50 45.30 1329375983477 1329375801652 1329375801666 1329375983508 0.52400E+03
525 70 50 45.30 1329375984507 1329375802695 1329375802707 1329375984554 0.52500E+03
526 70 50 45.20 1329375985505 1329375803737 1329375803749 1329375985583 0.52600E+03
527 70 50 45.20 1329375986550 1329375804731 1329375804742 1329375986582 0.52700E+03
528 70 50 45.20 1329375987486 1329375805681 1329375805693 1329375987533 0.52800E+03
529 70 50 45.30 1329375988532 1329375806781 1329375806793 1329375988641 0.52900E+03
530 70 50 45.30 1329375989530 1329375807764 1329375807778 1329375989624 0.53000E+03
531 70 50 45.30 1329375990482 1329375808688 1329375808702 1329375990544 0.53100E+03
532 70 50 45.30 1329375991480 1329375812752 1329375812766 1329375994616 0.53200E+03
533 70 50 45.30 1329375995489 1329375813677 1329375813689 1329375995536 0.53300E+03
534 70 50 45.30 1329375996535 1329375814797 1329375814809 1329375996659 0.53400E+03
535 70 50 45.30 1329375997502 1329375815684 1329375815698 1329375997549 0.53500E+03
536 70 50 45.20 1329375998500 1329375816725 1329375816737 1329375998578 0.53600E+03
537 70 50 45.20 1329375999577 1329375817754 1329375817766 1329375999608 0.53700E+03
538 70 50 45.20 1329376000497 1329375818719 1329375818731 1329376000575 0.53800E+03
539 70 50 45.40 1329376001511 1329375819785 1329375819798 1329376001636 0.53900E+03
540 70 50 45.30 1329376002509 1329375820750 1329375820761 1329376002603 0.54000E+03
541 70 50 45.30 1329376003523 1329375821734 1329375821750 1329376003601 0.54100E+03
542 70 50 45.40 1329376004475 1329375822670 1329375822682 1329376004522 0.54200E+03
543 70 50 45.30 1329376005489 1329375823688 1329375823702 1329376005551 0.54300E+03
544 70 50 45.30 1329376006503 1329375824711 1329375824726 1329376006581 0.54400E+03
545 70 50 45.30 1329376007595 1329375825767 1329375825779 1329376007626 0.54500E+03
546 70 50 45.30 1329376008531 1329375826695 1329375826710 1329376008562 0.54600E+03
547 70 50 45.40 1329376009467 1329375827641 1329375827653 1329376009498 0.54700E+03
548 70 50 45.40 1329376010575 1329375828823 1329375828838 1329376010684 0.54800E+03
549 70 50 45.30 1329376011557 1329375829739 1329375829754 1329376011604 0.54900E+03
550 70 50 45.30 1329376012556 1329375830768 1329375830782 1329376012634 0.55000E+03
551 70 50 45.40 1329376013476 1329375831684 1329375831698 1329376013539 0.55100E+03
552 70 50 45.30 1329376014490 1329375832733 1329375832745 1329376014599 0.55200E+03
553 70 50 45.30 1329376015504 1329375833674 1329375833687 1329376015535 0.55300E+03
554 70 50 45.30 1329376016487 1329375834838 1329375834853 1329376016752 0.55400E+03
555 70 50 45.30 1329376017517 1329375835694 1329375835709 1329376017548 0.55500E+03
556 70 50 45.40 1329376018499 1329375836753 1329375836765 1329376018609 0.55600E+03
557 70 50 45.30 1329376019513 1329375837717 1329375837730 1329376019576 0.55700E+03
558 70 50 45.30 1329376020527 1329375838812 1329375838826 1329376020668 0.55800E+03
559 70 50 45.30 1329376021510 1329375839676 1329375839690 1329376021541 0.55900E+03
560 70 50 45.40 1329376022540 1329375840721 1329375840733 1329376022587 0.56000E+03
561 70 50 45.20 1329376023476 1329375841662 1329375841675 1329376023523 0.56100E+03
562 70 50 45.40 1329376024474 1329375842716 1329375842730 1329376024583 0.56200E+03
563 70 50 45.40 1329376025604 1329375843787 1329375843798 1329376025651 0.56300E+03
564 70 50 45.30 1329376026477 1329375844675 1329375844686 1329376026540 0.56400E+03
565 70 50 45.40 1329376027476 1329375845668 1329375845682 1329376027523 0.56500E+03
566 70 50 45.40 1329376028490 1329375846667 1329375846682 1329376028537 0.56600E+03
567 70 50 45.40 1329376029488 1329375847668 1329375847682 1329376029535 0.56700E+03
568 70 50 45.40 1329376030471 1329375848639 1329375848655 1329376030502 0.56800E+03
569 70 50 45.40 1329376031547 1329375849728 1329375849743 1329376031594 0.56900E+03
570 70 50 45.50 1329376032515 1329375850709 1329375850721 1329376032561 0.57000E+03
571 70 50 45.40 1329376033575 1329375851782 1329375851794 1329376033638 0.57100E+03
572 70 50 45.40 1329376034543 1329375852777 1329375852789 1329376034636 0.57200E+03
573 70 50 45.50 1329376035510 1329375853753 1329375853765 1329376035619 0.57300E+03
574 70 50 45.50 1329376036477 1329375854715 1329375854730 1329376036602 0.57400E+03
575 70 50 45.30 1329376037678 1329375856066 1329375856078 1329376037928 0.57500E+03
576 70 50 45.40 1329376038474 1329375856673 1329375856685 1329376038536 0.57600E+03
577 70 50 45.50 1329376039737 1329375857933 1329375857945 1329376039800 0.57700E+03
578 70 50 45.50 1329376040471 1329375858656 1329375858670 1329376040517 0.57800E+03
579 70 50 45.70 1329376041469 1329375859650 1329375859662 1329376041516 0.57900E+03
580 70 50 45.40 1329376042467 1329375860747 1329375860762 1329376042623 0.58000E+03
581 70 50 45.40 1329376043466 1329375861690 1329375861701 1329376043544 0.58100E+03
582 70 50 45.40 1329376044542 1329375862749 1329375862762 1329376044605 0.58200E+03
583 70 50 45.40 1329376045478 1329375863714 1329375863729 1329376045572 0.58300E+03
584 70 50 45.30 1329376046570 1329375864878 1329375864891 1329376046757 0.58400E+03
585 70 50 45.40 1329376047545 1329375865733 1329375865745 1329376047592 0.58500E+03
586 70 50 45.40 1329376048497 1329375866682 1329375866697 1329376048543 0.58600E+03
587 70 50 45.40 1329376049469 1329375867685 1329375867697 1329376049563 0.58700E+03
588 70 50 45.50 1329376050483 1329375868689 1329375868701 1329376050545 0.58800E+03
589 70 50 45.50 1329376051466 1329375869639 1329375869650 1329376051497 0.58900E+03
590 70 50 45.50 1329376052480 1329375870699 1329375870710 1329376052558 0.59000E+03
591 70 50 45.40 1329376053478 1329375871658 1329375871670 1329376053525 0.59100E+03
592 70 50 45.40 1329376054539 1329375872728 1329375872743 1329376054586 0.59200E+03
593 70 50 45.50 1329376055475 1329375873646 1329375873657 1329376055506 0.59300E+03
594 70 50 45.50 1329376056473 1329375874661 1329375874674 1329376056520 0.59400E+03
595 70 50 45.50 1329376057472 1329375875693 1329375875705 1329376057565 0.59500E+03
596 70 50 45.40 1329376058470 1329375876651 1329375876662 1329376058517 0.59600E+03
597 70 50 45.50 1329376059469 1329375877696 1329375877710 1329376059562 0.59700E+03
598 70 50 45.50 1329376060467 1329375878693 1329375878705 1329376060561 0.59800E+03
599 70 50 45.40 1329376061465 1329375879663 1329375879675 1329376061528 0.59900E+03
600 70 50 45.40 1329376062479 1329375880654 1329375880666 1329376062511 0.60000E+03
601 70 50 45.50 1329376063478 1329375881690 1329375881702 1329376063556 0.60100E+03
602 70 50 45.50 1329376064632 1329375882790 1329375882802 1329376064648 0.60200E+03
603 70 50 45.50 1329376065475 1329375883661 1329375883673 1329376065521 0.60300E+03
604 70 50 45.50 1329376066473 1329375884675 1329375884686 1329376066660 0.60400E+03
605 70 50 45.50 1329376067471 1329375885752 1329375885766 1329376067612 0.60500E+03
606 70 50 45.50 1329376068470 1329375886650 1329375886665 1329376068517 0.60600E+03
607 70 50 45.40 1329376069499 1329375887695 1329375887707 1329376069562 0.60700E+03
608 70 50 45.30 1329376070467 1329375888682 1329375888693 1329376070545 0.60800E+03
609 70 50 45.50 1329376071496 1329375889746 1329375889758 1329376071652 0.60900E+03
610 70 50 45.50 1329376072510 1329375890687 1329375890698 1329376072557 0.61000E+03
611 70 50 45.50 1329376073493 1329375891713 1329375891725 1329376073571 0.61100E+03
612 70 50 45.50 1329376074523 1329375892706 1329375892718 1329376074569 0.61200E+03
613 70 50 45.50 1329376075552 1329375893757 1329375893770 1329376075615 0.61300E+03
614 70 50 45.50 1329376076519 1329375894699 1329375894711 1329376076566 0.61400E+03
615 70 50 45.40 1329376077533 1329375895738 1329375895751 1329376077596 0.61500E+03
616 70 50 45.40 1329376078516 1329375896750 1329375896766 1329376078625 0.61600E+03
617 70 50 45.50 1329376079546 1329375897733 1329375897745 1329376079593 0.61700E+03
618 70 50 45.70 1329376080482 1329375898670 1329375898682 1329376080529 0.61800E+03
619 70 50 45.50 1329376081527 1329375899726 1329375899738 1329376081589 0.61900E+03
620 70 50 45.50 1329376082494 1329375900678 1329375900693 1329376082541 0.62000E+03
621 70 50 45.50 1329376083555 1329375901785 1329375901797 1329376083649 0.62100E+03
622 70 50 45.40 1329376084475 1329375902645 1329375902657 1329376084507 0.62200E+03
623 70 50 45.40 1329376085521 1329375903681 1329375903693 1329376085552 0.62300E+03
624 70 50 45.50 1329376086488 1329375904722 1329375904734 1329376086581 0.62400E+03
625 70 50 45.50 1329376087502 1329375905679 1329375905693 1329376087549 0.62500E+03
626 70 50 45.50 1329376088516 1329375906711 1329375906726 1329376088578 0.62600E+03
627 70 50 45.50 1329376089467 1329375907620 1329375907634 1329376089483 0.62700E+03
628 70 50 45.50 1329376090528 1329375908752 1329375908766 1329376090622 0.62800E+03
629 70 50 45.70 1329376091464 1329375909658 1329375909670 1329376091527 0.62900E+03
630 70 50 45.50 1329376092509 1329375910717 1329375910729 1329376092587 0.63000E+03
631 70 50 45.50 1329376093477 1329375911688 1329375911702 1329376093570 0.63100E+03
632 70 50 45.50 1329376094491 1329375912784 1329375912798 1329376094662 0.63200E+03
633 70 50 45.70 1329376095536 1329375913688 1329375913702 1329376095551 0.63300E+03
634 70 50 45.70 1329376096472 1329375914632 1329375914646 1329376096503 0.63400E+03
635 70 50 45.50 1329376097564 1329375915834 1329375915846 1329376097704 0.63500E+03
636 70 50 45.50 1329376098500 1329375916750 1329375916761 1329376098625 0.63600E+03
637 70 50 45.50 1329376099467 1329375917652 1329375917666 1329376099514 0.63700E+03
638 70 50 45.50 1329376100465 1329375918658 1329375918669 1329376100528 0.63800E+03
639 70 50 45.50 1329376101511 1329375919692 1329375919706 1329376101573 0.63900E+03
640 70 50 45.40 1329376102478 1329375920727 1329375920742 1329376102603 0.64000E+03
641 70 50 45.70 1329376103913 1329375922082 1329375922097 1329376103960 0.64100E+03
642 70 50 45.70 1329376104521 1329375922691 1329375922702 1329376104553 0.64200E+03
643 70 50 45.70 1329376105504 1329375923696 1329375923710 1329376105567 0.64300E+03
644 70 50 45.70 1329376106471 1329375924658 1329375924670 1329376106549 0.64400E+03
645 70 50 45.50 1329376107470 1329375925683 1329375925695 1329376107564 0.64500E+03
646 70 50 45.50 1329376108468 1329375926644 1329375926657 1329376108515 0.64600E+03
647 70 50 45.50 1329376109592 1329375927810 1329375927822 1329376109685 0.64700E+03
648 70 50 45.70 1329376110481 1329375928684 1329375928698 1329376110559 0.64800E+03
649 70 50 45.70 1329376111495 1329375929704 1329375929718 1329376111573 0.64900E+03
650 70 50 45.70 1329376112493 1329375930675 1329375930690 1329376112540 0.65000E+03
651 70 50 45.70 1329376113476 1329375931655 1329375931670 1329376113523 0.65100E+03
652 70 50 45.80 1329376114521 1329375932686 1329375932697 1329376114552 0.65200E+03
653 70 50 45.70 1329376115473 1329375933640 1329375933653 1329376115504 0.65300E+03
654 70 50 45.70 1329376116487 1329375934659 1329375934673 1329376116534 0.65400E+03
655 70 50 45.70 1329376117563 1329375935731 1329375935742 1329376117594 0.65500E+03
656 70 50 45.80 1329376118546 1329375936754 1329375936766 1329376118624 0.65600E+03
657 70 50 45.80 1329376119513 1329375937709 1329375937721 1329376119607 0.65700E+03
