            1.0              30.0              50.0              30.8   1412418134435.0
            1.0              30.0              50.0              31.0   1412418135253.0
            1.0              30.0              50.0              30.9   1412418135523.0
            1.0              30.0              50.0              30.8   1412418136401.0
            1.0              30.0              50.0              30.8   1412418137400.0
            1.0              30.0              50.0              31.0   1412418138400.0
            1.0              30.0              50.0              30.9   1412418139401.0
            1.0              30.0              50.0              31.0   1412418140400.0
            1.0              30.0              50.0              31.0   1412418141400.0
            1.0              30.0              50.0              31.2   1412418142401.0
            1.0              30.0              50.0              31.1   1412418143401.0
            1.0              30.0              50.0              31.2   1412418144400.0
            1.0              30.0              50.0              31.4   1412418145400.0
            1.0              30.0              50.0              31.2   1412418146400.0
            1.0              30.0              50.0              31.5   1412418147401.0
            1.0              30.0              50.0              31.4   1412418148400.0
            1.0              30.0              50.0              31.6   1412418149400.0
            1.0              30.0              50.0              31.6   1412418150401.0
            1.0              30.0              50.0              31.6   1412418151400.0
            1.0              30.0              50.0              31.7   1412418152399.0
            1.0              30.0              50.0              31.9   1412418153400.0
            1.0              30.0              50.0              31.8   1412418154400.0
            1.0              30.0              50.0              31.9   1412418155401.0
            1.0              30.0              50.0              32.3   1412418156401.0
            1.0              30.0              50.0              32.0   1412418157400.0
            1.0              30.0              50.0              32.2   1412418158400.0
            1.0              30.0              50.0              32.4   1412418159401.0
            1.0              30.0              50.0              32.4   1412418160399.0
            1.0              30.0              50.0              32.5   1412418161400.0
            1.0              30.0              50.0              32.9   1412418162400.0
            1.0              30.0              50.0              32.9   1412418163400.0
            1.0              30.0              50.0              32.7   1412418164401.0
            1.0              30.0              50.0              32.7   1412418165400.0
            1.0              30.0              50.0              33.1   1412418166400.0
            1.0              30.0              50.0              33.1   1412418167401.0
            1.0              30.0              50.0              33.2   1412418168401.0
            1.0              30.0              50.0              33.4   1412418169400.0
            1.0              30.0              50.0              33.2   1412418170400.0
            1.0              30.0              50.0              33.2   1412418171400.0
            1.0              30.0              50.0              33.4   1412418172398.0
            1.0              30.0              50.0              33.8   1412418173401.0
            1.0              30.0              50.0              33.3   1412418174401.0
            1.0              30.0              50.0              33.8   1412418175399.0
            1.0              30.0              50.0              33.9   1412418176401.0
            1.0              30.0              50.0              33.7   1412418177401.0
            1.0              30.0              50.0              34.0   1412418178400.0
            1.0              30.0              50.0              33.9   1412418179400.0
            1.0              30.0              50.0              33.9   1412418180400.0
            1.0              30.0              50.0              33.9   1412418181400.0
            1.0              30.0              50.0              34.1   1412418182400.0
            1.0              30.0              50.0              34.0   1412418183400.0
            1.0              30.0              50.0              34.4   1412418184400.0
            1.0              30.0              50.0              34.5   1412418185401.0
            1.0              30.0              50.0              34.3   1412418186400.0
            1.0              30.0              50.0              34.1   1412418187401.0
            1.0              30.0              50.0              34.5   1412418188401.0
            1.0              30.0              50.0              34.5   1412418189400.0
            1.0              30.0              50.0              34.4   1412418190399.0
            1.0              30.0              50.0              34.5   1412418191401.0
            1.0              30.0              50.0              34.6   1412418192400.0
            1.0              30.0              50.0              34.5   1412418193400.0
            1.0              30.0              50.0              34.5   1412418194400.0
            1.0              30.0              50.0              34.6   1412418195400.0
            1.0              30.0              50.0              34.8   1412418196400.0
            1.0              30.0              50.0              34.7   1412418197400.0
            1.0              30.0              50.0              35.0   1412418198401.0
            1.0              30.0              50.0              34.7   1412418199400.0
            1.0              30.0              50.0              34.8   1412418200401.0
            1.0              30.0              50.0              35.0   1412418201400.0
            1.0              30.0              50.0              34.8   1412418202400.0
            1.0              30.0              50.0              35.1   1412418203400.0
            1.0              30.0              50.0              35.0   1412418204400.0
            1.0              30.0              50.0              34.8   1412418205400.0
            1.0              30.0              50.0              35.2   1412418206399.0
            1.0              30.0              50.0              35.2   1412418207398.0
            1.0              30.0              50.0              35.0   1412418208401.0
            1.0              30.0              50.0              35.0   1412418209401.0
            1.0              30.0              50.0              35.2   1412418210401.0
            1.0              30.0              50.0              35.1   1412418211400.0
            1.0              30.0              50.0              35.1   1412418212401.0
            1.0              30.0              50.0              35.0   1412418213401.0
            1.0              30.0              50.0              35.2   1412418214401.0
            1.0              30.0              50.0              35.1   1412418215401.0
            1.0              30.0              50.0              35.1   1412418216400.0
            1.0              30.0              50.0              35.2   1412418217400.0
            1.0              30.0              50.0              35.3   1412418218400.0
            1.0              30.0              50.0              35.3   1412418219401.0
            1.0              30.0              50.0              35.3   1412418220401.0
            1.0              30.0              50.0              35.3   1412418221401.0
            1.0              30.0              50.0              35.3   1412418222400.0
            1.0              30.0              50.0              35.3   1412418223400.0
            1.0              30.0              50.0              35.4   1412418224400.0
            1.0              30.0              50.0              35.4   1412418225400.0
            1.0              30.0              50.0              35.2   1412418226400.0
            1.0              30.0              50.0              35.3   1412418227400.0
            1.0              30.0              50.0              35.3   1412418228400.0
            1.0              30.0              50.0              35.3   1412418229400.0
            1.0              30.0              50.0              35.5   1412418230400.0
            1.0              30.0              50.0              35.4   1412418231401.0
            1.0              30.0              50.0              35.4   1412418232401.0
            1.0              30.0              50.0              35.3   1412418233400.0
            1.0              30.0              50.0              35.5   1412418234401.0
            1.0              30.0              50.0              35.5   1412418235400.0
            1.0              30.0              50.0              35.3   1412418236400.0
            1.0              30.0              50.0              35.4   1412418237401.0
            1.0              30.0              50.0              35.3   1412418238400.0
            1.0              30.0              50.0              35.5   1412418239400.0
            1.0              30.0              50.0              35.5   1412418240400.0
            1.0              30.0              50.0              35.4   1412418241399.0
            1.0              30.0              50.0              35.4   1412418242400.0
            1.0              30.0              50.0              35.5   1412418243401.0
            1.0              30.0              50.0              35.7   1412418244400.0
            1.0              30.0              50.0              35.4   1412418245400.0
            1.0              30.0              50.0              35.4   1412418246401.0
            1.0              30.0              50.0              35.8   1412418247400.0
            1.0              30.0              50.0              35.5   1412418248401.0
            1.0              30.0              50.0              35.5   1412418249401.0
            1.0              30.0              50.0              35.5   1412418250399.0
            1.0              30.0              50.0              35.4   1412418251401.0
            1.0              30.0              50.0              35.4   1412418252400.0
            1.0              30.0              50.0              35.4   1412418253400.0
            1.0              30.0              50.0              35.5   1412418254400.0
            1.0              30.0              50.0              35.4   1412418255400.0
            1.0              30.0              50.0              35.3   1412418256399.0
            1.0              30.0              50.0              35.7   1412418257400.0
            1.0              30.0              50.0              35.5   1412418258399.0
            1.0              30.0              50.0              35.3   1412418259400.0
            1.0              30.0              50.0              35.5   1412418260399.0
            1.0              30.0              50.0              35.5   1412418261400.0
            1.0              30.0              50.0              35.4   1412418262399.0
            1.0              30.0              50.0              35.7   1412418263400.0
            1.0              30.0              50.0              35.5   1412418264401.0
            1.0              30.0              50.0              35.4   1412418265399.0
            1.0              30.0              50.0              35.5   1412418266400.0
            1.0              30.0              50.0              35.5   1412418267401.0
            1.0              30.0              50.0              35.4   1412418268399.0
            1.0              30.0              50.0              35.3   1412418269400.0
            1.0              30.0              50.0              35.4   1412418270400.0
            1.0              30.0              50.0              35.4   1412418271401.0
            1.0              30.0              50.0              35.4   1412418272400.0
            1.0              30.0              50.0              35.5   1412418273400.0
            1.0              30.0              50.0              35.5   1412418274402.0
            1.0              30.0              50.0              35.3   1412418275401.0
            1.0              30.0              50.0              35.7   1412418276400.0
            1.0              30.0              50.0              35.5   1412418277400.0
            1.0              30.0              50.0              35.5   1412418278401.0
            1.0              30.0              50.0              35.4   1412418279399.0
            1.0              30.0              50.0              35.7   1412418280400.0
            1.0              30.0              50.0              35.7   1412418281401.0
            1.0              30.0              50.0              35.3   1412418282401.0
            1.0              30.0              50.0              35.7   1412418283401.0
            1.0              30.0              50.0              35.4   1412418284401.0
            1.0              30.0              50.0              35.7   1412418285399.0
            1.0              30.0              50.0              35.4   1412418286400.0
            1.0              30.0              50.0              35.4   1412418287401.0
            1.0              30.0              50.0              35.7   1412418288401.0
            1.0              30.0              50.0              35.5   1412418289400.0
            1.0              30.0              50.0              35.5   1412418290401.0
            1.0              30.0              50.0              35.7   1412418291401.0
            1.0              30.0              50.0              35.7   1412418292400.0
            1.0              30.0              50.0              35.5   1412418293400.0
            1.0              30.0              50.0              35.5   1412418294400.0
            1.0              30.0              50.0              35.5   1412418295400.0
            1.0              30.0              50.0              35.7   1412418296400.0
            1.0              30.0              50.0              35.5   1412418297401.0
            1.0              30.0              50.0              35.7   1412418298400.0
            1.0              30.0              50.0              35.7   1412418299399.0
            1.0              30.0              50.0              35.7   1412418300399.0
            1.0              30.0              50.0              35.9   1412418301401.0
            1.0              30.0              50.0              35.7   1412418302401.0
            1.0              30.0              50.0              35.8   1412418303400.0
            1.0              30.0              50.0              35.8   1412418304400.0
            1.0              30.0              50.0              35.7   1412418305401.0
            1.0              30.0              50.0              35.5   1412418306400.0
            1.0              30.0              50.0              35.9   1412418307401.0
            1.0              30.0              50.0              35.5   1412418308400.0
            1.0              30.0              50.0              35.9   1412418309400.0
            1.0              30.0              50.0              35.8   1412418310401.0
            1.0              30.0              50.0              35.5   1412418311400.0
            1.0              30.0              50.0              35.8   1412418312401.0
            1.0              30.0              50.0              35.9   1412418313401.0
            1.0              30.0              50.0              35.8   1412418314401.0
            1.0              30.0              50.0              35.7   1412418315400.0
            1.0              30.0              50.0              35.9   1412418316401.0
            1.0              30.0              50.0              35.8   1412418317401.0
            1.0              30.0              50.0              35.7   1412418318401.0
            1.0              30.0              50.0              35.7   1412418319401.0
            1.0              30.0              50.0              36.0   1412418320401.0
            1.0              30.0              50.0              35.8   1412418321401.0
            1.0              30.0              50.0              35.8   1412418322401.0
            1.0              30.0              50.0              35.8   1412418323401.0
            1.0              30.0              50.0              35.7   1412418324400.0
            1.0              30.0              50.0              35.7   1412418325398.0
            1.0              30.0              50.0              35.8   1412418326401.0
            1.0              30.0              50.0              35.8   1412418327400.0
            1.0              30.0              50.0              35.8   1412418328401.0
            1.0              30.0              50.0              35.8   1412418329400.0
            1.0              30.0              50.0              35.7   1412418330401.0
            1.0              30.0              50.0              35.7   1412418331401.0
            1.0              30.0              50.0              35.8   1412418332400.0
            1.0              30.0              50.0              35.9   1412418333400.0
            1.0              30.0              50.0              35.7   1412418334400.0
            1.0              30.0              50.0              36.0   1412418335401.0
            1.0              30.0              50.0              35.9   1412418336400.0
            1.0              30.0              50.0              35.9   1412418337400.0
            1.0              30.0              50.0              36.1   1412418338400.0
            1.0              30.0              50.0              35.9   1412418339401.0
            1.0              30.0              50.0              36.0   1412418340400.0
            1.0              30.0              50.0              35.8   1412418341401.0
            1.0              30.0              50.0              35.9   1412418342399.0
            1.0              30.0              50.0              35.8   1412418343401.0
            1.0              30.0              50.0              35.8   1412418344400.0
            1.0              30.0              50.0              35.8   1412418345400.0
            1.0              30.0              50.0              35.8   1412418346400.0
            1.0              30.0              50.0              35.7   1412418347401.0
            1.0              30.0              50.0              35.8   1412418348400.0
            1.0              30.0              50.0              35.9   1412418349396.0
            1.0              30.0              50.0              35.7   1412418350401.0
            1.0              30.0              50.0              35.9   1412418351400.0
            1.0              30.0              50.0              35.8   1412418352401.0
            1.0              30.0              50.0              35.7   1412418353401.0
            1.0              30.0              50.0              35.8   1412418354401.0
            1.0              30.0              50.0              35.8   1412418355400.0
            1.0              30.0              50.0              35.8   1412418356400.0
            1.0              30.0              50.0              35.8   1412418357401.0
            1.0              30.0              50.0              36.0   1412418358400.0
            1.0              30.0              50.0              35.7   1412418359400.0
            1.0              30.0              50.0              35.8   1412418360401.0
            1.0              30.0              50.0              35.8   1412418361401.0
            1.0              30.0              50.0              35.8   1412418362401.0
            1.0              30.0              50.0              35.8   1412418363401.0
            1.0              30.0              50.0              35.5   1412418364400.0
            1.0              30.0              50.0              35.7   1412418365400.0
            1.0              30.0              50.0              35.8   1412418366399.0
            1.0              30.0              50.0              35.8   1412418367401.0
            1.0              30.0              50.0              35.9   1412418368401.0
            1.0              30.0              50.0              36.0   1412418369400.0
            1.0              30.0              50.0              35.8   1412418370401.0
            1.0              30.0              50.0              35.8   1412418371401.0
            1.0              30.0              50.0              35.7   1412418372401.0
            1.0              30.0              50.0              36.0   1412418373401.0
            1.0              30.0              50.0              35.8   1412418374400.0
            1.0              30.0              50.0              36.0   1412418375400.0
            1.0              30.0              50.0              35.8   1412418376399.0
            1.0              30.0              50.0              35.9   1412418377401.0
            1.0              30.0              50.0              35.8   1412418378401.0
            1.0              30.0              50.0              35.8   1412418379399.0
            1.0              30.0              50.0              35.9   1412418380400.0
            1.0              30.0              50.0              35.7   1412418381402.0
            1.0              30.0              50.0              35.8   1412418382398.0
            1.0              30.0              50.0              35.7   1412418383400.0
            1.0              30.0              50.0              35.9   1412418384400.0
            1.0              30.0              50.0              36.0   1412418385400.0
            1.0              30.0              50.0              35.7   1412418386399.0
            1.0              30.0              50.0              36.0   1412418387400.0
            1.0              30.0              50.0              35.8   1412418388400.0
            1.0              30.0              50.0              35.8   1412418389401.0
            1.0              30.0              50.0              35.7   1412418390401.0
            1.0              30.0              50.0              36.0   1412418391400.0
            1.0              30.0              50.0              35.7   1412418392400.0
            1.0              31.0              50.0              35.8   1412418393401.0
            1.0              31.0              50.0              35.8   1412418394401.0
            1.0              31.0              50.0              36.0   1412418395401.0
            1.0              31.0              50.0              35.7   1412418396401.0
            1.0              31.0              50.0              35.9   1412418397400.0
            1.0              31.0              50.0              35.9   1412418398401.0
            1.0              31.0              50.0              35.8   1412418399400.0
            1.0              31.0              50.0              35.9   1412418400400.0
            1.0              31.0              50.0              35.8   1412418401400.0
            1.0              31.0              50.0              35.8   1412418402399.0
            1.0              32.0              50.0              35.8   1412418403401.0
            1.0              32.0              50.0              35.8   1412418404400.0
            1.0              32.0              50.0              36.0   1412418405400.0
            1.0              32.0              50.0              35.8   1412418406400.0
            1.0              32.0              50.0              35.9   1412418407401.0
            1.0              32.0              50.0              35.9   1412418408401.0
            1.0              32.0              50.0              35.9   1412418409401.0
            1.0              32.0              50.0              35.8   1412418410401.0
            1.0              32.0              50.0              35.9   1412418411401.0
            1.0              32.0              50.0              36.0   1412418412401.0
            1.0              33.0              50.0              35.8   1412418413400.0
            1.0              33.0              50.0              35.8   1412418414401.0
            1.0              33.0              50.0              35.9   1412418415400.0
            1.0              33.0              50.0              36.2   1412418416400.0
            1.0              33.0              50.0              35.9   1412418417401.0
            1.0              33.0              50.0              35.9   1412418418400.0
            1.0              33.0              50.0              35.9   1412418419401.0
            1.0              33.0              50.0              35.9   1412418420401.0
            1.0              33.0              50.0              36.0   1412418421400.0
            1.0              33.0              50.0              35.9   1412418422401.0
            1.0              34.0              50.0              36.1   1412418423401.0
            1.0              34.0              50.0              36.1   1412418424401.0
            1.0              34.0              50.0              36.1   1412418425400.0
            1.0              34.0              50.0              36.2   1412418426401.0
            1.0              34.0              50.0              36.1   1412418427400.0
            1.0              34.0              50.0              36.4   1412418428400.0
            1.0              34.0              50.0              36.1   1412418429400.0
            1.0              34.0              50.0              36.1   1412418430400.0
            1.0              34.0              50.0              36.2   1412418431400.0
            1.0              34.0              50.0              36.0   1412418432400.0
            1.0              35.0              50.0              36.0   1412418433399.0
            1.0              35.0              50.0              36.1   1412418434400.0
            1.0              35.0              50.0              36.1   1412418435400.0
            1.0              35.0              50.0              36.0   1412418436401.0
            1.0              35.0              50.0              36.1   1412418437400.0
            1.0              35.0              50.0              36.1   1412418438401.0
            1.0              35.0              50.0              36.0   1412418439401.0
            1.0              35.0              50.0              36.1   1412418440401.0
            1.0              35.0              50.0              36.2   1412418441400.0
            1.0              35.0              50.0              36.0   1412418442401.0
            1.0              36.0              50.0              36.0   1412418443401.0
            1.0              36.0              50.0              36.2   1412418444401.0
            1.0              36.0              50.0              36.2   1412418445401.0
            1.0              36.0              50.0              36.0   1412418446400.0
            1.0              36.0              50.0              36.4   1412418447401.0
            1.0              36.0              50.0              36.1   1412418448400.0
            1.0              36.0              50.0              36.5   1412418449400.0
            1.0              36.0              50.0              36.4   1412418450400.0
            1.0              36.0              50.0              36.4   1412418451400.0
            1.0              36.0              50.0              36.2   1412418452401.0
            1.0              37.0              50.0              36.2   1412418453400.0
            1.0              37.0              50.0              36.4   1412418454400.0
            1.0              37.0              50.0              36.1   1412418455402.0
            1.0              37.0              50.0              36.1   1412418456401.0
            1.0              37.0              50.0              36.2   1412418457400.0
            1.0              37.0              50.0              36.5   1412418458400.0
            1.0              37.0              50.0              36.4   1412418459400.0
            1.0              37.0              50.0              36.4   1412418460400.0
            1.0              37.0              50.0              36.6   1412418461400.0
            1.0              37.0              50.0              36.2   1412418462401.0
            1.0              38.0              50.0              36.6   1412418463401.0
            1.0              38.0              50.0              36.5   1412418464400.0
            1.0              38.0              50.0              36.6   1412418465400.0
            1.0              38.0              50.0              36.4   1412418466401.0
            1.0              38.0              50.0              36.8   1412418467401.0
            1.0              38.0              50.0              36.6   1412418468400.0
            1.0              38.0              50.0              36.5   1412418469400.0
            1.0              38.0              50.0              36.6   1412418470400.0
            1.0              38.0              50.0              36.7   1412418471401.0
            1.0              38.0              50.0              36.7   1412418472400.0
            1.0              39.0              50.0              36.5   1412418473401.0
            1.0              39.0              50.0              36.6   1412418474400.0
            1.0              39.0              50.0              36.7   1412418475400.0
            1.0              39.0              50.0              36.7   1412418476400.0
            1.0              39.0              50.0              36.7   1412418477400.0
            1.0              39.0              50.0              36.8   1412418478400.0
            1.0              39.0              50.0              36.9   1412418479400.0
            1.0              39.0              50.0              36.8   1412418480400.0
            1.0              39.0              50.0              36.7   1412418481401.0
            1.0              39.0              50.0              36.8   1412418482400.0
            1.0              40.0              50.0              36.8   1412418483400.0
            1.0              40.0              50.0              36.8   1412418484400.0
            1.0              40.0              50.0              36.8   1412418485400.0
            1.0              40.0              50.0              36.9   1412418486397.0
            1.0              40.0              50.0              37.0   1412418487401.0
            1.0              40.0              50.0              36.9   1412418488400.0
            1.0              40.0              50.0              37.0   1412418489401.0
            1.0              40.0              50.0              37.0   1412418490401.0
            1.0              40.0              50.0              37.2   1412418491401.0
            1.0              40.0              50.0              37.2   1412418492401.0
            1.0              41.0              50.0              36.9   1412418493400.0
            1.0              41.0              50.0              37.3   1412418494401.0
            1.0              41.0              50.0              37.3   1412418495401.0
            1.0              41.0              50.0              37.2   1412418496400.0
            1.0              41.0              50.0              37.3   1412418497400.0
            1.0              41.0              50.0              37.2   1412418498400.0
            1.0              41.0              50.0              37.2   1412418499400.0
            1.0              41.0              50.0              37.2   1412418500400.0
            1.0              41.0              50.0              37.0   1412418501399.0
            1.0              41.0              50.0              37.2   1412418502400.0
            1.0              42.0              50.0              37.3   1412418503400.0
            1.0              42.0              50.0              37.2   1412418504401.0
            1.0              42.0              50.0              37.2   1412418505401.0
            1.0              42.0              50.0              37.2   1412418506402.0
            1.0              42.0              50.0              37.0   1412418507400.0
            1.0              42.0              50.0              37.2   1412418508400.0
            1.0              42.0              50.0              37.2   1412418509401.0
            1.0              42.0              50.0              37.2   1412418510400.0
            1.0              42.0              50.0              37.2   1412418511401.0
            1.0              42.0              50.0              37.3   1412418512400.0
            1.0              43.0              50.0              37.3   1412418513400.0
            1.0              43.0              50.0              37.3   1412418514400.0
            1.0              43.0              50.0              37.5   1412418515401.0
            1.0              43.0              50.0              37.3   1412418516400.0
            1.0              43.0              50.0              37.2   1412418517401.0
            1.0              43.0              50.0              37.5   1412418518402.0
            1.0              43.0              50.0              37.6   1412418519400.0
            1.0              43.0              50.0              37.5   1412418520401.0
            1.0              43.0              50.0              37.6   1412418521399.0
            1.0              43.0              50.0              37.4   1412418522400.0
            1.0              44.0              50.0              37.7   1412418523399.0
            1.0              44.0              50.0              37.9   1412418524401.0
            1.0              44.0              50.0              37.7   1412418525400.0
            1.0              44.0              50.0              37.7   1412418526400.0
            1.0              44.0              50.0              37.7   1412418527398.0
            1.0              44.0              50.0              37.6   1412418528401.0
            1.0              44.0              50.0              37.9   1412418529397.0
            1.0              44.0              50.0              37.6   1412418530401.0
            1.0              44.0              50.0              37.6   1412418531401.0
            1.0              44.0              50.0              37.5   1412418532399.0
            1.0              45.0              50.0              37.6   1412418533401.0
            1.0              45.0              50.0              38.0   1412418534400.0
            1.0              45.0              50.0              37.7   1412418535400.0
            1.0              45.0              50.0              37.6   1412418536400.0
            1.0              45.0              50.0              37.9   1412418537400.0
            1.0              45.0              50.0              37.7   1412418538401.0
            1.0              45.0              50.0              37.9   1412418539401.0
            1.0              45.0              50.0              37.9   1412418540400.0
            1.0              45.0              50.0              38.0   1412418541401.0
            1.0              45.0              50.0              38.0   1412418542401.0
            1.0              46.0              50.0              37.9   1412418543400.0
            1.0              46.0              50.0              37.9   1412418544401.0
            1.0              46.0              50.0              38.2   1412418545401.0
            1.0              46.0              50.0              38.1   1412418546400.0
            1.0              46.0              50.0              38.0   1412418547401.0
            1.0              46.0              50.0              38.2   1412418548401.0
            1.0              46.0              50.0              38.1   1412418549400.0
            1.0              46.0              50.0              38.1   1412418550400.0
            1.0              46.0              50.0              38.1   1412418551401.0
            1.0              46.0              50.0              38.1   1412418552401.0
            1.0              47.0              50.0              38.3   1412418553400.0
            1.0              47.0              50.0              38.2   1412418554400.0
            1.0              47.0              50.0              38.1   1412418555396.0
            1.0              47.0              50.0              38.1   1412418556401.0
            1.0              47.0              50.0              38.2   1412418557401.0
            1.0              47.0              50.0              38.1   1412418558399.0
            1.0              47.0              50.0              38.1   1412418559401.0
            1.0              47.0              50.0              38.1   1412418560401.0
            1.0              47.0              50.0              38.2   1412418561406.0
            1.0              47.0              50.0              38.3   1412418562401.0
            1.0              48.0              50.0              38.2   1412418563400.0
            1.0              48.0              50.0              38.2   1412418564400.0
            1.0              48.0              50.0              38.3   1412418565401.0
            1.0              48.0              50.0              38.4   1412418566400.0
            1.0              48.0              50.0              38.3   1412418567401.0
            1.0              48.0              50.0              38.2   1412418568401.0
            1.0              48.0              50.0              38.3   1412418569400.0
            1.0              48.0              50.0              38.2   1412418570401.0
            1.0              48.0              50.0              38.3   1412418571401.0
            1.0              48.0              50.0              38.2   1412418572400.0
            1.0              49.0              50.0              38.3   1412418573400.0
            1.0              49.0              50.0              38.4   1412418574400.0
            1.0              49.0              50.0              38.3   1412418575401.0
            1.0              49.0              50.0              38.6   1412418576400.0
            1.0              49.0              50.0              38.4   1412418577401.0
            1.0              49.0              50.0              38.7   1412418578401.0
            1.0              49.0              50.0              38.4   1412418579400.0
            1.0              49.0              50.0              38.3   1412418580402.0
            1.0              49.0              50.0              38.6   1412418581400.0
            1.0              49.0              50.0              38.6   1412418582401.0
            1.0              50.0              50.0              38.6   1412418583400.0
            1.0              50.0              50.0              38.7   1412418584400.0
            1.0              50.0              50.0              38.8   1412418585400.0
            1.0              50.0              50.0              38.6   1412418586401.0
            1.0              50.0              50.0              38.8   1412418587400.0
            1.0              50.0              50.0              38.8   1412418588401.0
            1.0              50.0              50.0              38.7   1412418589400.0
            1.0              50.0              50.0              38.6   1412418590400.0
            1.0              50.0              50.0              38.8   1412418591401.0
            1.0              50.0              50.0              38.9   1412418592400.0
            1.0              51.0              50.0              39.1   1412418593400.0
            1.0              51.0              50.0              38.9   1412418594400.0
            1.0              51.0              50.0              38.8   1412418595395.0
            1.0              51.0              50.0              39.1   1412418596401.0
            1.0              51.0              50.0              39.0   1412418597400.0
            1.0              51.0              50.0              39.0   1412418598401.0
            1.0              51.0              50.0              39.0   1412418599401.0
            1.0              51.0              50.0              39.0   1412418600402.0
            1.0              51.0              50.0              39.0   1412418601402.0
            1.0              51.0              50.0              39.1   1412418602401.0
            1.0              52.0              50.0              39.0   1412418603401.0
            1.0              52.0              50.0              39.3   1412418604401.0
            1.0              52.0              50.0              39.3   1412418605401.0
            1.0              52.0              50.0              39.1   1412418606401.0
            1.0              52.0              50.0              39.3   1412418607400.0
            1.0              52.0              50.0              39.3   1412418608401.0
            1.0              52.0              50.0              39.1   1412418609397.0
            1.0              52.0              50.0              39.4   1412418610399.0
            1.0              52.0              50.0              39.4   1412418611400.0
            1.0              52.0              50.0              39.4   1412418612401.0
            1.0              53.0              50.0              39.3   1412418613399.0
            1.0              53.0              50.0              39.4   1412418614400.0
            1.0              53.0              50.0              39.3   1412418615400.0
            1.0              53.0              50.0              39.5   1412418616400.0
            1.0              53.0              50.0              39.4   1412418617401.0
            1.0              53.0              50.0              39.5   1412418618402.0
            1.0              53.0              50.0              39.6   1412418619399.0
            1.0              53.0              50.0              39.5   1412418620401.0
            1.0              53.0              50.0              39.6   1412418621400.0
            1.0              53.0              50.0              39.6   1412418622401.0
            1.0              54.0              50.0              39.5   1412418623400.0
            1.0              54.0              50.0              39.6   1412418624400.0
            1.0              54.0              50.0              39.7   1412418625400.0
            1.0              54.0              50.0              39.4   1412418626401.0
            1.0              54.0              50.0              39.5   1412418627401.0
            1.0              54.0              50.0              39.6   1412418628400.0
            1.0              54.0              50.0              39.6   1412418629400.0
            1.0              54.0              50.0              39.5   1412418630401.0
            1.0              54.0              50.0              39.7   1412418631400.0
            1.0              54.0              50.0              39.6   1412418632401.0
            1.0              55.0              50.0              39.6   1412418633401.0
            1.0              55.0              50.0              39.7   1412418634401.0
            1.0              55.0              50.0              39.8   1412418635401.0
            1.0              55.0              50.0              39.7   1412418636401.0
            1.0              55.0              50.0              40.0   1412418637401.0
            1.0              55.0              50.0              39.8   1412418638401.0
            1.0              55.0              50.0              39.8   1412418639400.0
            1.0              55.0              50.0              39.8   1412418640400.0
            1.0              55.0              50.0              39.8   1412418641401.0
            1.0              55.0              50.0              40.0   1412418642402.0
            1.0              56.0              50.0              40.1   1412418643400.0
            1.0              56.0              50.0              39.8   1412418644401.0
            1.0              56.0              50.0              40.0   1412418645401.0
            1.0              56.0              50.0              40.0   1412418646399.0
            1.0              56.0              50.0              40.1   1412418647400.0
            1.0              56.0              50.0              40.1   1412418648400.0
            1.0              56.0              50.0              40.1   1412418649399.0
            1.0              56.0              50.0              40.3   1412418650401.0
            1.0              56.0              50.0              40.3   1412418651401.0
            1.0              56.0              50.0              40.2   1412418652401.0
            1.0              57.0              50.0              40.2   1412418653401.0
            1.0              57.0              50.0              40.3   1412418654401.0
            1.0              57.0              50.0              40.2   1412418655401.0
            1.0              57.0              50.0              40.1   1412418656401.0
            1.0              57.0              50.0              40.3   1412418657402.0
            1.0              57.0              50.0              40.3   1412418658400.0
            1.0              57.0              50.0              40.4   1412418659400.0
            1.0              57.0              50.0              40.5   1412418660400.0
            1.0              57.0              50.0              40.4   1412418661401.0
            1.0              57.0              50.0              40.4   1412418662401.0
            1.0              58.0              50.0              40.4   1412418663401.0
            1.0              58.0              50.0              40.3   1412418664401.0
            1.0              58.0              50.0              40.3   1412418665400.0
            1.0              58.0              50.0              40.5   1412418666400.0
            1.0              58.0              50.0              40.7   1412418667400.0
            1.0              58.0              50.0              40.5   1412418668401.0
            1.0              58.0              50.0              40.7   1412418669400.0
            1.0              58.0              50.0              40.7   1412418670399.0
            1.0              58.0              50.0              40.9   1412418671399.0
            1.0              58.0              50.0              40.8   1412418672400.0
            1.0              59.0              50.0              40.8   1412418673400.0
            1.0              59.0              50.0              40.8   1412418674402.0
            1.0              59.0              50.0              40.7   1412418675399.0
            1.0              59.0              50.0              40.8   1412418676400.0
            1.0              59.0              50.0              40.7   1412418677400.0
            1.0              59.0              50.0              40.7   1412418678401.0
            1.0              59.0              50.0              40.9   1412418679401.0
            1.0              59.0              50.0              40.9   1412418680400.0
            1.0              59.0              50.0              40.7   1412418681399.0
            1.0              59.0              50.0              40.8   1412418682399.0
            1.0              60.0              50.0              40.5   1412418683400.0
            1.0              60.0              50.0              41.0   1412418684401.0
            1.0              60.0              50.0              40.7   1412418685400.0
            1.0              60.0              50.0              40.8   1412418686401.0
            1.0              60.0              50.0              40.8   1412418687400.0
            1.0              60.0              50.0              40.8   1412418688400.0
            1.0              60.0              50.0              40.9   1412418689400.0
            1.0              60.0              50.0              40.8   1412418690400.0
            1.0              60.0              50.0              40.7   1412418691402.0
            1.0              60.0              50.0              40.8   1412418692399.0
            1.0              61.0              50.0              41.0   1412418693401.0
            1.0              61.0              50.0              40.9   1412418694404.0
            1.0              61.0              50.0              40.9   1412418695399.0
            1.0              61.0              50.0              41.1   1412418696401.0
            1.0              61.0              50.0              40.9   1412418697400.0
            1.0              61.0              50.0              41.0   1412418698401.0
            1.0              61.0              50.0              41.1   1412418699401.0
            1.0              61.0              50.0              41.1   1412418700401.0
            1.0              61.0              50.0              41.1   1412418701400.0
            1.0              61.0              50.0              41.0   1412418702402.0
            1.0              62.0              50.0              41.2   1412418703402.0
            1.0              62.0              50.0              41.2   1412418704401.0
            1.0              62.0              50.0              41.2   1412418705401.0
            1.0              62.0              50.0              41.2   1412418706401.0
            1.0              62.0              50.0              41.4   1412418707401.0
            1.0              62.0              50.0              41.4   1412418708400.0
            1.0              62.0              50.0              41.4   1412418709400.0
            1.0              62.0              50.0              41.4   1412418710399.0
            1.0              62.0              50.0              41.5   1412418711401.0
            1.0              62.0              50.0              41.4   1412418712400.0
            1.0              63.0              50.0              41.5   1412418713400.0
            1.0              63.0              50.0              41.5   1412418714401.0
            1.0              63.0              50.0              41.5   1412418715400.0
            1.0              63.0              50.0              41.7   1412418716401.0
            1.0              63.0              50.0              41.7   1412418717399.0
            1.0              63.0              50.0              41.7   1412418718400.0
            1.0              63.0              50.0              41.7   1412418719400.0
            1.0              63.0              50.0              41.7   1412418720401.0
            1.0              63.0              50.0              41.7   1412418721401.0
            1.0              63.0              50.0              41.9   1412418722400.0
            1.0              64.0              50.0              41.9   1412418723401.0
            1.0              64.0              50.0              41.8   1412418724399.0
            1.0              64.0              50.0              41.7   1412418725401.0
            1.0              64.0              50.0              41.8   1412418726401.0
            1.0              64.0              50.0              41.9   1412418727401.0
            1.0              64.0              50.0              41.8   1412418728400.0
            1.0              64.0              50.0              42.2   1412418729399.0
            1.0              64.0              50.0              41.8   1412418730402.0
            1.0              64.0              50.0              41.8   1412418731402.0
            1.0              64.0              50.0              41.9   1412418732401.0
            1.0              65.0              50.0              41.9   1412418733400.0
            1.0              65.0              50.0              42.1   1412418734400.0
            1.0              65.0              50.0              42.2   1412418735400.0
            1.0              65.0              50.0              42.2   1412418736402.0
            1.0              65.0              50.0              42.1   1412418737401.0
            1.0              65.0              50.0              42.2   1412418738402.0
            1.0              65.0              50.0              42.3   1412418739400.0
            1.0              65.0              50.0              42.5   1412418740402.0
            1.0              65.0              50.0              42.5   1412418741402.0
            1.0              65.0              50.0              42.6   1412418742400.0
            1.0              66.0              50.0              42.4   1412418743400.0
            1.0              66.0              50.0              42.5   1412418744399.0
            1.0              66.0              50.0              42.3   1412418745402.0
            1.0              66.0              50.0              42.4   1412418746401.0
            1.0              66.0              50.0              42.4   1412418747401.0
            1.0              66.0              50.0              42.5   1412418748401.0
            1.0              66.0              50.0              42.5   1412418749400.0
            1.0              66.0              50.0              42.4   1412418750400.0
            1.0              66.0              50.0              42.5   1412418751400.0
            1.0              66.0              50.0              42.5   1412418752400.0
            1.0              67.0              50.0              42.6   1412418753400.0
            1.0              67.0              50.0              42.4   1412418754400.0
            1.0              67.0              50.0              42.5   1412418755395.0
            1.0              67.0              50.0              42.7   1412418756401.0
            1.0              67.0              50.0              42.5   1412418757401.0
            1.0              67.0              50.0              42.4   1412418758400.0
            1.0              67.0              50.0              42.5   1412418759400.0
            1.0              67.0              50.0              42.4   1412418760400.0
            1.0              67.0              50.0              42.4   1412418761401.0
            1.0              67.0              50.0              42.5   1412418762401.0
            1.0              68.0              50.0              42.6   1412418763400.0
            1.0              68.0              50.0              42.4   1412418764400.0
            1.0              68.0              50.0              42.5   1412418765401.0
            1.0              68.0              50.0              42.6   1412418766400.0
            1.0              68.0              50.0              42.6   1412418767401.0
            1.0              68.0              50.0              42.6   1412418768393.0
            1.0              68.0              50.0              42.6   1412418769401.0
            1.0              68.0              50.0              42.7   1412418770401.0
            1.0              68.0              50.0              42.7   1412418771400.0
            1.0              68.0              50.0              43.0   1412418772400.0
            1.0              69.0              50.0              42.7   1412418773392.0
            1.0              69.0              50.0              42.9   1412418774400.0
            1.0              69.0              50.0              42.9   1412418775401.0
            1.0              69.0              50.0              42.7   1412418776401.0
            1.0              69.0              50.0              42.9   1412418777401.0
            1.0              69.0              50.0              42.9   1412418778400.0
            1.0              69.0              50.0              43.0   1412418779401.0
            1.0              69.0              50.0              42.7   1412418780401.0
            1.0              69.0              50.0              43.0   1412418781401.0
            1.0              69.0              50.0              42.9   1412418782401.0
            1.0              70.0              50.0              42.9   1412418783400.0
            1.0              70.0              50.0              43.0   1412418784400.0
            1.0              70.0              50.0              43.0   1412418785401.0
            1.0              70.0              50.0              42.7   1412418786401.0
            1.0              70.0              50.0              43.1   1412418787400.0
            1.0              70.0              50.0              43.1   1412418788400.0
            1.0              70.0              50.0              43.0   1412418789400.0
            1.0              70.0              50.0              43.0   1412418790399.0
            1.0              70.0              50.0              43.1   1412418791400.0
            1.0              70.0              50.0              43.0   1412418792401.0
            1.0              71.0              50.0              43.1   1412418793400.0
            1.0              71.0              50.0              43.2   1412418794401.0
            1.0              71.0              50.0              43.3   1412418795401.0
            1.0              71.0              50.0              43.3   1412418796400.0
            1.0              71.0              50.0              43.2   1412418797397.0
            1.0              71.0              50.0              43.7   1412418798401.0
            1.0              71.0              50.0              43.6   1412418799400.0
            1.0              71.0              50.0              43.6   1412418800400.0
            1.0              71.0              50.0              43.7   1412418801401.0
            1.0              71.0              50.0              43.6   1412418802400.0
            1.0              72.0              50.0              43.6   1412418803399.0
            1.0              72.0              50.0              43.7   1412418804400.0
            1.0              72.0              50.0              43.8   1412418805399.0
            1.0              72.0              50.0              43.7   1412418806399.0
            1.0              72.0              50.0              43.7   1412418807400.0
            1.0              72.0              50.0              43.7   1412418808400.0
            1.0              72.0              50.0              43.8   1412418809400.0
            1.0              72.0              50.0              43.7   1412418810401.0
            1.0              72.0              50.0              43.7   1412418811401.0
            1.0              72.0              50.0              43.8   1412418812400.0
            1.0              73.0              50.0              43.7   1412418813400.0
            1.0              73.0              50.0              43.8   1412418814400.0
            1.0              73.0              50.0              43.8   1412418815401.0
            1.0              73.0              50.0              43.7   1412418816400.0
            1.0              73.0              50.0              43.9   1412418817400.0
            1.0              73.0              50.0              43.8   1412418818402.0
            1.0              73.0              50.0              43.8   1412418819401.0
            1.0              73.0              50.0              43.9   1412418820401.0
            1.0              73.0              50.0              43.7   1412418821401.0
            1.0              73.0              50.0              44.0   1412418822400.0
            1.0              74.0              50.0              44.0   1412418823401.0
            1.0              74.0              50.0              44.0   1412418824400.0
            1.0              74.0              50.0              44.1   1412418825400.0
            1.0              74.0              50.0              44.3   1412418826401.0
            1.0              74.0              50.0              44.1   1412418827399.0
            1.0              74.0              50.0              44.3   1412418828400.0
            1.0              74.0              50.0              43.9   1412418829400.0
            1.0              74.0              50.0              44.1   1412418830400.0
            1.0              74.0              50.0              43.9   1412418831401.0
            1.0              74.0              50.0              44.0   1412418832401.0
            1.0              75.0              50.0              44.0   1412418833400.0
            1.0              75.0              50.0              43.8   1412418834400.0
            1.0              75.0              50.0              44.1   1412418835401.0
            1.0              75.0              50.0              44.1   1412418836401.0
            1.0              75.0              50.0              44.3   1412418837400.0
            1.0              75.0              50.0              44.1   1412418838400.0
            1.0              75.0              50.0              44.1   1412418839400.0
            1.0              75.0              50.0              44.1   1412418840401.0
            1.0              75.0              50.0              44.1   1412418841400.0
            1.0              75.0              50.0              44.3   1412418842400.0
            1.0              76.0              50.0              44.1   1412418843401.0
            1.0              76.0              50.0              44.3   1412418844402.0
            1.0              76.0              50.0              44.1   1412418845398.0
            1.0              76.0              50.0              44.1   1412418846401.0
            1.0              76.0              50.0              44.3   1412418847401.0
            1.0              76.0              50.0              44.4   1412418848401.0
            1.0              76.0              50.0              44.3   1412418849400.0
            1.0              76.0              50.0              44.3   1412418850400.0
            1.0              76.0              50.0              44.5   1412418851400.0
            1.0              76.0              50.0              44.6   1412418852401.0
            1.0              77.0              50.0              44.5   1412418853401.0
            1.0              77.0              50.0              44.5   1412418854400.0
            1.0              77.0              50.0              44.4   1412418855401.0
            1.0              77.0              50.0              44.6   1412418856401.0
            1.0              77.0              50.0              44.8   1412418857399.0
            1.0              77.0              50.0              44.7   1412418858400.0
            1.0              77.0              50.0              44.8   1412418859400.0
            1.0              77.0              50.0              45.0   1412418860400.0
            1.0              77.0              50.0              45.1   1412418861400.0
            1.0              77.0              50.0              44.8   1412418862400.0
            1.0              78.0              50.0              45.1   1412418863399.0
            1.0              78.0              50.0              45.1   1412418864400.0
            1.0              78.0              50.0              45.0   1412418865401.0
            1.0              78.0              50.0              44.7   1412418866400.0
            1.0              78.0              50.0              44.8   1412418867400.0
            1.0              78.0              50.0              44.6   1412418868401.0
            1.0              78.0              50.0              44.7   1412418869399.0
            1.0              78.0              50.0              44.7   1412418870401.0
            1.0              78.0              50.0              44.8   1412418871401.0
            1.0              78.0              50.0              44.7   1412418872400.0
            1.0              79.0              50.0              44.7   1412418873400.0
            1.0              79.0              50.0              44.6   1412418874401.0
            1.0              79.0              50.0              44.8   1412418875397.0
            1.0              79.0              50.0              44.7   1412418876400.0
            1.0              79.0              50.0              44.8   1412418877401.0
            1.0              79.0              50.0              44.7   1412418878401.0
            1.0              79.0              50.0              44.7   1412418879401.0
            1.0              79.0              50.0              44.8   1412418880400.0
            1.0              79.0              50.0              44.8   1412418881401.0
            1.0              79.0              50.0              45.1   1412418882400.0
            1.0              80.0              50.0              45.1   1412418883400.0
            1.0              80.0              50.0              45.0   1412418884400.0
            1.0              80.0              50.0              44.8   1412418885401.0
            1.0              80.0              50.0              44.7   1412418886400.0
            1.0              80.0              50.0              44.8   1412418887401.0
            1.0              80.0              50.0              45.0   1412418888401.0
            1.0              80.0              50.0              45.0   1412418889401.0
            1.0              80.0              50.0              44.8   1412418890400.0
            1.0              80.0              50.0              45.0   1412418891400.0
            1.0              80.0              50.0              45.2   1412418892401.0
            1.0              81.0              50.0              45.1   1412418893400.0
            1.0              81.0              50.0              45.3   1412418894401.0
            1.0              81.0              50.0              45.1   1412418895401.0
            1.0              81.0              50.0              45.0   1412418896402.0
            1.0              81.0              50.0              45.3   1412418897400.0
            1.0              81.0              50.0              45.1   1412418898401.0
            1.0              81.0              50.0              45.3   1412418899398.0
            1.0              81.0              50.0              45.3   1412418900401.0
            1.0              81.0              50.0              45.2   1412418901401.0
            1.0              81.0              50.0              45.3   1412418902400.0
            1.0              82.0              50.0              45.4   1412418903402.0
            1.0              82.0              50.0              45.3   1412418904401.0
            1.0              82.0              50.0              45.3   1412418905399.0
            1.0              82.0              50.0              45.5   1412418906400.0
            1.0              82.0              50.0              45.7   1412418907400.0
            1.0              82.0              50.0              45.8   1412418908400.0
            1.0              82.0              50.0              45.7   1412418909400.0
            1.0              82.0              50.0              45.8   1412418910401.0
            1.0              82.0              50.0              45.7   1412418911401.0
            1.0              82.0              50.0              45.7   1412418912401.0
            1.0              83.0              50.0              45.8   1412418913400.0
            1.0              83.0              50.0              45.8   1412418914399.0
            1.0              83.0              50.0              45.7   1412418915401.0
            1.0              83.0              50.0              45.8   1412418916401.0
            1.0              83.0              50.0              45.7   1412418917400.0
            1.0              83.0              50.0              45.9   1412418918402.0
            1.0              83.0              50.0              45.9   1412418919401.0
            1.0              83.0              50.0              46.0   1412418920401.0
            1.0              83.0              50.0              46.0   1412418921400.0
            1.0              83.0              50.0              45.9   1412418922400.0
            1.0              84.0              50.0              46.0   1412418923402.0
            1.0              84.0              50.0              45.8   1412418924400.0
            1.0              84.0              50.0              46.0   1412418925401.0
            1.0              84.0              50.0              46.0   1412418926400.0
            1.0              84.0              50.0              46.1   1412418927401.0
            1.0              84.0              50.0              45.9   1412418928401.0
            1.0              84.0              50.0              45.9   1412418929399.0
            1.0              84.0              50.0              45.9   1412418930400.0
            1.0              84.0              50.0              46.0   1412418931401.0
            1.0              84.0              50.0              45.9   1412418932399.0
            1.0              85.0              50.0              46.1   1412418933401.0
            1.0              85.0              50.0              46.0   1412418934399.0
            1.0              85.0              50.0              46.1   1412418935399.0
            1.0              85.0              50.0              46.1   1412418936400.0
            1.0              85.0              50.0              46.4   1412418937400.0
            1.0              85.0              50.0              46.1   1412418938400.0
            1.0              85.0              50.0              46.1   1412418939400.0
            1.0              85.0              50.0              46.0   1412418940401.0
            1.0              85.0              50.0              46.4   1412418941399.0
            1.0              85.0              50.0              46.5   1412418942401.0
            1.0              86.0              50.0              46.2   1412418943399.0
            1.0              86.0              50.0              46.4   1412418944400.0
            1.0              86.0              50.0              46.4   1412418945400.0
            1.0              86.0              50.0              46.4   1412418946399.0
            1.0              86.0              50.0              46.4   1412418947404.0
            1.0              86.0              50.0              46.5   1412418948401.0
            1.0              86.0              50.0              46.5   1412418949401.0
            1.0              86.0              50.0              46.5   1412418950400.0
            1.0              86.0              50.0              46.5   1412418951401.0
            1.0              86.0              50.0              46.4   1412418952400.0
            1.0              87.0              50.0              46.5   1412418953401.0
            1.0              87.0              50.0              46.4   1412418954402.0
            1.0              87.0              50.0              46.4   1412418955401.0
            1.0              87.0              50.0              46.6   1412418956401.0
            1.0              87.0              50.0              46.2   1412418957401.0
            1.0              87.0              50.0              46.6   1412418958400.0
            1.0              87.0              50.0              46.5   1412418959398.0
            1.0              87.0              50.0              46.5   1412418960401.0
            1.0              87.0              50.0              46.4   1412418961400.0
            1.0              87.0              50.0              46.4   1412418962400.0
            1.0              88.0              50.0              46.6   1412418963401.0
            1.0              88.0              50.0              46.5   1412418964399.0
            1.0              88.0              50.0              46.7   1412418965399.0
            1.0              88.0              50.0              46.5   1412418966401.0
            1.0              88.0              50.0              46.4   1412418967400.0
            1.0              88.0              50.0              46.7   1412418968399.0
            1.0              88.0              50.0              46.6   1412418969401.0
            1.0              88.0              50.0              46.5   1412418970401.0
            1.0              88.0              50.0              46.6   1412418971400.0
            1.0              88.0              50.0              46.5   1412418972400.0
            1.0              89.0              50.0              46.5   1412418973398.0
            1.0              89.0              50.0              46.7   1412418974399.0
            1.0              89.0              50.0              46.6   1412418975400.0
            1.0              89.0              50.0              46.8   1412418976399.0
            1.0              89.0              50.0              46.6   1412418977401.0
            1.0              89.0              50.0              46.6   1412418978401.0
            1.0              89.0              50.0              46.9   1412418979401.0
            1.0              89.0              50.0              46.7   1412418980400.0
            1.0              89.0              50.0              46.9   1412418981400.0
            1.0              89.0              50.0              47.1   1412418982395.0
            1.0              90.0              50.0              46.9   1412418983401.0
            1.0              90.0              50.0              47.2   1412418984400.0
            1.0              90.0              50.0              46.9   1412418985401.0
            1.0              90.0              50.0              47.2   1412418986401.0
            1.0              90.0              50.0              47.1   1412418987400.0
            1.0              90.0              50.0              46.9   1412418988401.0
            1.0              90.0              50.0              47.1   1412418989400.0
            1.0              90.0              50.0              46.9   1412418990401.0
            1.0              90.0              50.0              47.1   1412418991400.0
            1.0              90.0              50.0              47.2   1412418992400.0
            1.0              91.0              50.0              47.2   1412418993400.0
            1.0              91.0              50.0              47.2   1412418994400.0
            1.0              91.0              50.0              47.3   1412418995400.0
            1.0              91.0              50.0              47.2   1412418996401.0
            1.0              91.0              50.0              47.2   1412418997400.0
            1.0              91.0              50.0              47.4   1412418998401.0
            1.0              91.0              50.0              47.3   1412418999400.0
            1.0              91.0              50.0              47.4   1412419000400.0
            1.0              91.0              50.0              47.3   1412419001401.0
            1.0              91.0              50.0              47.2   1412419002401.0
            1.0              92.0              50.0              47.2   1412419003401.0
            1.0              92.0              50.0              47.3   1412419004400.0
            1.0              92.0              50.0              47.5   1412419005401.0
            1.0              92.0              50.0              47.5   1412419006400.0
            1.0              92.0              50.0              47.4   1412419007400.0
            1.0              92.0              50.0              47.5   1412419008401.0
            1.0              92.0              50.0              47.5   1412419009401.0
            1.0              92.0              50.0              47.6   1412419010400.0
            1.0              92.0              50.0              47.5   1412419011401.0
            1.0              92.0              50.0              47.5   1412419012401.0
            1.0              93.0              50.0              47.5   1412419013402.0
            1.0              93.0              50.0              47.6   1412419014401.0
            1.0              93.0              50.0              47.5   1412419015400.0
            1.0              93.0              50.0              47.6   1412419016400.0
            1.0              93.0              50.0              47.7   1412419017400.0
            1.0              93.0              50.0              47.6   1412419018400.0
            1.0              93.0              50.0              47.5   1412419019401.0
            1.0              93.0              50.0              47.7   1412419020399.0
            1.0              93.0              50.0              47.7   1412419021400.0
            1.0              93.0              50.0              47.9   1412419022403.0
            1.0              94.0              50.0              47.6   1412419023399.0
            1.0              94.0              50.0              47.7   1412419024401.0
            1.0              94.0              50.0              47.6   1412419025402.0
            1.0              94.0              50.0              47.9   1412419026399.0
            1.0              94.0              50.0              47.7   1412419027401.0
            1.0              94.0              50.0              48.0   1412419028400.0
            1.0              94.0              50.0              47.9   1412419029401.0
            1.0              94.0              50.0              47.9   1412419030400.0
            1.0              94.0              50.0              47.7   1412419031400.0
            1.0              94.0              50.0              48.0   1412419032400.0
            1.0              95.0              50.0              47.7   1412419033400.0
            1.0              95.0              50.0              48.1   1412419034401.0
            1.0              95.0              50.0              48.2   1412419035401.0
            1.0              95.0              50.0              48.0   1412419036400.0
            1.0              95.0              50.0              47.9   1412419037401.0
            1.0              95.0              50.0              48.0   1412419038400.0
            1.0              95.0              50.0              48.0   1412419039401.0
            1.0              95.0              50.0              48.0   1412419040400.0
            1.0              95.0              50.0              48.1   1412419041400.0
            1.0              95.0              50.0              48.3   1412419042399.0
            1.0              96.0              50.0              48.3   1412419043400.0
            1.0              96.0              50.0              48.7   1412419044400.0
            1.0              96.0              50.0              48.4   1412419045400.0
            1.0              96.0              50.0              48.6   1412419046400.0
            1.0              96.0              50.0              48.4   1412419047401.0
            1.0              96.0              50.0              48.6   1412419048400.0
            1.0              96.0              50.0              48.4   1412419049401.0
            1.0              96.0              50.0              48.6   1412419050401.0
            1.0              96.0              50.0              48.7   1412419051400.0
            1.0              96.0              50.0              48.7   1412419052401.0
            1.0              97.0              50.0              48.7   1412419053401.0
            1.0              97.0              50.0              48.7   1412419054401.0
            1.0              97.0              50.0              48.7   1412419055400.0
            1.0              97.0              50.0              48.7   1412419056401.0
            1.0              97.0              50.0              48.9   1412419057401.0
            1.0              97.0              50.0              48.8   1412419058400.0
            1.0              97.0              50.0              48.9   1412419059401.0
            1.0              97.0              50.0              48.8   1412419060400.0
            1.0              97.0              50.0              48.9   1412419061401.0
            1.0              97.0              50.0              49.1   1412419062401.0
            1.0              98.0              50.0              48.9   1412419063400.0
            1.0              98.0              50.0              49.1   1412419064400.0
            1.0              98.0              50.0              49.0   1412419065400.0
            1.0              98.0              50.0              49.3   1412419066401.0
            1.0              98.0              50.0              49.1   1412419067400.0
            1.0              98.0              50.0              49.4   1412419068400.0
            1.0              98.0              50.0              49.1   1412419069400.0
            1.0              98.0              50.0              49.5   1412419070411.0
            1.0              98.0              50.0              49.3   1412419071400.0
            1.0              98.0              50.0              49.5   1412419072400.0
            1.0              99.0              50.0              49.4   1412419073400.0
            1.0              99.0              50.0              49.4   1412419074400.0
            1.0              99.0              50.0              49.4   1412419075401.0
            1.0              99.0              50.0              49.6   1412419076400.0
            1.0              99.0              50.0              49.6   1412419077401.0
            1.0              99.0              50.0              49.6   1412419078400.0
            1.0              99.0              50.0              49.7   1412419079401.0
            1.0              99.0              50.0              49.8   1412419080401.0
            1.0              99.0              50.0              50.0   1412419081400.0
            1.0              99.0              50.0              50.0   1412419082400.0
            1.0             100.0              50.0              50.0   1412419083402.0
            1.0             100.0              50.0              49.8   1412419084400.0
            1.0             100.0              50.0              50.0   1412419085400.0
            1.0             100.0              50.0              49.7   1412419086402.0
            1.0             100.0              50.0              50.0   1412419087400.0
            1.0             100.0              50.0              49.7   1412419088401.0
            1.0             100.0              50.0              49.8   1412419089400.0
            1.0             100.0              50.0              49.8   1412419090399.0
            1.0             100.0              50.0              50.0   1412419091401.0
            1.0             100.0              50.0              49.7   1412419092400.0
            1.0             100.0              50.0              50.0   1412419093396.0
            1.0             100.0              50.0              50.1   1412419094400.0
            1.0             100.0              50.0              50.0   1412419095400.0
            1.0             100.0              50.0              50.0   1412419096401.0
            1.0             100.0              50.0              50.0   1412419097401.0
            1.0             100.0              50.0              50.1   1412419098400.0
            1.0             100.0              50.0              50.1   1412419099401.0
            1.0             100.0              50.0              50.0   1412419100400.0
            1.0             100.0              50.0              50.0   1412419101400.0
            1.0             100.0              50.0              50.0   1412419102401.0
            1.0             100.0              50.0              50.2   1412419103400.0
            1.0             100.0              50.0              50.1   1412419104401.0
            1.0             100.0              50.0              50.1   1412419105400.0
            1.0             100.0              50.0              50.1   1412419106401.0
            1.0             100.0              50.0              50.0   1412419107401.0
            1.0             100.0              50.0              50.0   1412419108400.0
            1.0             100.0              50.0              50.3   1412419109400.0
            1.0             100.0              50.0              50.2   1412419110401.0
            1.0             100.0              50.0              50.1   1412419111395.0
            1.0             100.0              50.0              50.2   1412419112401.0
            1.0             100.0              50.0              50.3   1412419113399.0
            1.0             100.0              50.0              50.3   1412419114400.0
            1.0             100.0              50.0              50.2   1412419115401.0
            1.0             100.0              50.0              50.3   1412419116400.0
            1.0             100.0              50.0              50.3   1412419117399.0
            1.0             100.0              50.0              50.4   1412419118401.0
            1.0             100.0              50.0              50.2   1412419119400.0
            1.0             100.0              50.0              50.4   1412419120400.0
            1.0             100.0              50.0              50.2   1412419121402.0
            1.0             100.0              50.0              50.3   1412419122401.0
            1.0             100.0              50.0              50.3   1412419123401.0
            1.0             100.0              50.0              50.4   1412419124401.0
            1.0             100.0              50.0              50.5   1412419125400.0
            1.0             100.0              50.0              50.3   1412419126400.0
            1.0             100.0              50.0              50.3   1412419127400.0
            1.0             100.0              50.0              50.3   1412419128400.0
            1.0             100.0              50.0              50.2   1412419129398.0
            1.0             100.0              50.0              50.3   1412419130401.0
            1.0             100.0              50.0              50.2   1412419131395.0
            1.0             100.0              50.0              50.2   1412419132400.0
