0.34000E+02 0.93000E+02 0.50000E+02 0.32200E+02
0.35000E+02 0.00000E+00 0.50000E+02 0.32200E+02
0.36000E+02 0.59000E+02 0.50000E+02 0.32200E+02
0.37000E+02 0.58000E+02 0.50000E+02 0.32300E+02
0.38000E+02 0.55000E+02 0.50000E+02 0.32400E+02
0.39000E+02 0.54000E+02 0.50000E+02 0.32400E+02
0.40000E+02 0.56000E+02 0.50000E+02 0.32500E+02
0.41000E+02 0.53000E+02 0.50000E+02 0.32600E+02
0.42000E+02 0.51000E+02 0.50000E+02 0.32600E+02
0.43000E+02 0.53000E+02 0.50000E+02 0.32700E+02
0.44000E+02 0.50000E+02 0.50000E+02 0.33000E+02
0.45000E+02 0.42000E+02 0.50000E+02 0.33000E+02
0.46000E+02 0.48000E+02 0.50000E+02 0.33000E+02
0.47000E+02 0.48000E+02 0.50000E+02 0.33000E+02
0.48000E+02 0.47000E+02 0.50000E+02 0.33100E+02
0.49000E+02 0.43000E+02 0.50000E+02 0.33100E+02
0.50000E+02 0.45000E+02 0.50000E+02 0.33200E+02
0.51000E+02 0.41000E+02 0.50000E+02 0.33200E+02
0.52000E+02 0.42000E+02 0.50000E+02 0.33300E+02
0.53000E+02 0.38000E+02 0.50000E+02 0.33300E+02
0.54000E+02 0.40000E+02 0.50000E+02 0.33300E+02
0.55000E+02 0.39000E+02 0.50000E+02 0.33400E+02
0.56000E+02 0.35000E+02 0.50000E+02 0.33400E+02
0.57000E+02 0.36000E+02 0.50000E+02 0.33400E+02
0.58000E+02 0.35000E+02 0.50000E+02 0.33600E+02
0.59000E+02 0.28000E+02 0.50000E+02 0.33600E+02
0.60000E+02 0.32000E+02 0.50000E+02 0.33700E+02
0.61000E+02 0.27000E+02 0.50000E+02 0.33700E+02
0.62000E+02 0.29000E+02 0.50000E+02 0.33700E+02
0.63000E+02 0.27000E+02 0.50000E+02 0.33800E+02
