0.47000E+03 0.10000E+03 0.50000E+02 0.36500E+02
0.47100E+03 0.10000E+03 0.50000E+02 0.36600E+02
0.47200E+03 0.10000E+03 0.50000E+02 0.36600E+02
0.47300E+03 0.10000E+03 0.50000E+02 0.36600E+02
0.47400E+03 0.10000E+03 0.50000E+02 0.36600E+02
0.47500E+03 0.10000E+03 0.50000E+02 0.36600E+02
0.47600E+03 0.10000E+03 0.50000E+02 0.36700E+02
0.47700E+03 0.10000E+03 0.50000E+02 0.36600E+02
0.47800E+03 0.10000E+03 0.50000E+02 0.36700E+02
0.47900E+03 0.10000E+03 0.50000E+02 0.36700E+02
0.48000E+03 0.10000E+03 0.50000E+02 0.36600E+02
0.48100E+03 0.10000E+03 0.50000E+02 0.36600E+02
0.48200E+03 0.10000E+03 0.50000E+02 0.36600E+02
0.48300E+03 0.10000E+03 0.50000E+02 0.36600E+02
0.48400E+03 0.10000E+03 0.50000E+02 0.36600E+02
0.48500E+03 0.10000E+03 0.50000E+02 0.36600E+02
0.48600E+03 0.10000E+03 0.50000E+02 0.36700E+02
0.48700E+03 0.10000E+03 0.50000E+02 0.36700E+02
0.48800E+03 0.10000E+03 0.50000E+02 0.36600E+02
0.48900E+03 0.10000E+03 0.50000E+02 0.36600E+02
0.49000E+03 0.10000E+03 0.50000E+02 0.36700E+02
0.49100E+03 0.10000E+03 0.50000E+02 0.36600E+02
0.49200E+03 0.10000E+03 0.50000E+02 0.36600E+02
0.49300E+03 0.10000E+03 0.50000E+02 0.36600E+02
0.49400E+03 0.10000E+03 0.50000E+02 0.36600E+02
0.49500E+03 0.10000E+03 0.50000E+02 0.36600E+02
0.49600E+03 0.10000E+03 0.50000E+02 0.36600E+02
0.49700E+03 0.10000E+03 0.50000E+02 0.36600E+02
0.49800E+03 0.10000E+03 0.50000E+02 0.36700E+02
0.49900E+03 0.10000E+03 0.50000E+02 0.36700E+02
0.50000E+03 0.10000E+03 0.50000E+02 0.36600E+02
0.50100E+03 0.10000E+03 0.50000E+02 0.36700E+02
0.50200E+03 0.10000E+03 0.50000E+02 0.36600E+02
0.50300E+03 0.10000E+03 0.50000E+02 0.36600E+02
0.50400E+03 0.10000E+03 0.50000E+02 0.36600E+02
0.50500E+03 0.10000E+03 0.50000E+02 0.36600E+02
0.50600E+03 0.10000E+03 0.50000E+02 0.36600E+02
0.50700E+03 0.10000E+03 0.50000E+02 0.36700E+02
0.50800E+03 0.10000E+03 0.50000E+02 0.36600E+02
0.50900E+03 0.10000E+03 0.50000E+02 0.36600E+02
0.51000E+03 0.10000E+03 0.50000E+02 0.36600E+02
0.51100E+03 0.10000E+03 0.50000E+02 0.36600E+02
0.51200E+03 0.10000E+03 0.50000E+02 0.36700E+02
0.51300E+03 0.10000E+03 0.50000E+02 0.36700E+02
0.51400E+03 0.10000E+03 0.50000E+02 0.36700E+02
0.51500E+03 0.10000E+03 0.50000E+02 0.36700E+02
0.51600E+03 0.10000E+03 0.50000E+02 0.36700E+02
0.51700E+03 0.10000E+03 0.50000E+02 0.36700E+02
0.51800E+03 0.10000E+03 0.50000E+02 0.36700E+02
0.51900E+03 0.10000E+03 0.50000E+02 0.36700E+02
0.52000E+03 0.10000E+03 0.50000E+02 0.36800E+02
0.52100E+03 0.10000E+03 0.50000E+02 0.36800E+02
0.52200E+03 0.10000E+03 0.50000E+02 0.36700E+02
0.52300E+03 0.10000E+03 0.50000E+02 0.36700E+02
0.52400E+03 0.10000E+03 0.50000E+02 0.36700E+02
0.52500E+03 0.10000E+03 0.50000E+02 0.36700E+02
0.52600E+03 0.10000E+03 0.50000E+02 0.36700E+02
0.52700E+03 0.10000E+03 0.50000E+02 0.36700E+02
0.52800E+03 0.10000E+03 0.50000E+02 0.36700E+02
0.52900E+03 0.10000E+03 0.50000E+02 0.36700E+02
0.53000E+03 0.10000E+03 0.50000E+02 0.36700E+02
0.53100E+03 0.10000E+03 0.50000E+02 0.36700E+02
0.53200E+03 0.10000E+03 0.50000E+02 0.36700E+02
0.53300E+03 0.10000E+03 0.50000E+02 0.36700E+02
0.53400E+03 0.10000E+03 0.50000E+02 0.36800E+02
0.53500E+03 0.10000E+03 0.50000E+02 0.36800E+02
0.53600E+03 0.10000E+03 0.50000E+02 0.36800E+02
0.53700E+03 0.10000E+03 0.50000E+02 0.36800E+02
0.53800E+03 0.10000E+03 0.50000E+02 0.36800E+02
0.53900E+03 0.10000E+03 0.50000E+02 0.36700E+02
0.54000E+03 0.10000E+03 0.50000E+02 0.36800E+02
0.54100E+03 0.10000E+03 0.50000E+02 0.36800E+02
0.54200E+03 0.10000E+03 0.50000E+02 0.36800E+02
0.54300E+03 0.10000E+03 0.50000E+02 0.36800E+02
0.54400E+03 0.10000E+03 0.50000E+02 0.36800E+02
0.54500E+03 0.10000E+03 0.50000E+02 0.36800E+02
0.54600E+03 0.10000E+03 0.50000E+02 0.36800E+02
0.54700E+03 0.10000E+03 0.50000E+02 0.36800E+02
0.54800E+03 0.10000E+03 0.50000E+02 0.36800E+02
0.54900E+03 0.10000E+03 0.50000E+02 0.36700E+02
0.55000E+03 0.10000E+03 0.50000E+02 0.36700E+02
0.55100E+03 0.10000E+03 0.50000E+02 0.36700E+02
0.55200E+03 0.10000E+03 0.50000E+02 0.36700E+02
0.55300E+03 0.10000E+03 0.50000E+02 0.36700E+02
0.55400E+03 0.10000E+03 0.50000E+02 0.36700E+02
0.55500E+03 0.10000E+03 0.50000E+02 0.36700E+02
0.55600E+03 0.10000E+03 0.50000E+02 0.36700E+02
0.55700E+03 0.10000E+03 0.50000E+02 0.36700E+02
0.55800E+03 0.10000E+03 0.50000E+02 0.36600E+02
0.55900E+03 0.10000E+03 0.50000E+02 0.36700E+02
0.56000E+03 0.10000E+03 0.50000E+02 0.36700E+02
0.56100E+03 0.10000E+03 0.50000E+02 0.36700E+02
0.56200E+03 0.10000E+03 0.50000E+02 0.36700E+02
0.56300E+03 0.10000E+03 0.50000E+02 0.36600E+02
0.56400E+03 0.10000E+03 0.50000E+02 0.36700E+02
0.56500E+03 0.10000E+03 0.50000E+02 0.36700E+02
0.56600E+03 0.10000E+03 0.50000E+02 0.36700E+02
0.56700E+03 0.10000E+03 0.50000E+02 0.36700E+02
0.56800E+03 0.10000E+03 0.50000E+02 0.36700E+02
0.56900E+03 0.10000E+03 0.50000E+02 0.36700E+02
0.57000E+03 0.10000E+03 0.50000E+02 0.36700E+02
0.57100E+03 0.10000E+03 0.50000E+02 0.36700E+02
0.57200E+03 0.10000E+03 0.50000E+02 0.36700E+02
0.57300E+03 0.10000E+03 0.50000E+02 0.36700E+02
0.57400E+03 0.10000E+03 0.50000E+02 0.36600E+02
0.57500E+03 0.10000E+03 0.50000E+02 0.36600E+02
0.57600E+03 0.10000E+03 0.50000E+02 0.36600E+02
0.57700E+03 0.10000E+03 0.50000E+02 0.36600E+02
0.57800E+03 0.10000E+03 0.50000E+02 0.36700E+02
0.57900E+03 0.10000E+03 0.50000E+02 0.36700E+02
0.58000E+03 0.10000E+03 0.50000E+02 0.36700E+02
0.58100E+03 0.10000E+03 0.50000E+02 0.36700E+02
0.58200E+03 0.10000E+03 0.50000E+02 0.36700E+02
0.58300E+03 0.10000E+03 0.50000E+02 0.36700E+02
0.58400E+03 0.10000E+03 0.50000E+02 0.36700E+02
0.58500E+03 0.10000E+03 0.50000E+02 0.36700E+02
0.58600E+03 0.10000E+03 0.50000E+02 0.36600E+02
0.58700E+03 0.10000E+03 0.50000E+02 0.36600E+02
0.58800E+03 0.10000E+03 0.50000E+02 0.36600E+02
0.58900E+03 0.10000E+03 0.50000E+02 0.36600E+02
0.59000E+03 0.10000E+03 0.50000E+02 0.36600E+02
0.59100E+03 0.10000E+03 0.50000E+02 0.36600E+02
0.59200E+03 0.10000E+03 0.50000E+02 0.36600E+02
0.59300E+03 0.10000E+03 0.50000E+02 0.36600E+02
0.59400E+03 0.10000E+03 0.50000E+02 0.36600E+02
0.59500E+03 0.10000E+03 0.50000E+02 0.36600E+02
0.59600E+03 0.10000E+03 0.50000E+02 0.36600E+02
0.59700E+03 0.10000E+03 0.50000E+02 0.36600E+02
0.59800E+03 0.10000E+03 0.50000E+02 0.36700E+02
0.59900E+03 0.10000E+03 0.50000E+02 0.36700E+02
0.60000E+03 0.10000E+03 0.50000E+02 0.36700E+02
0.60100E+03 0.10000E+03 0.50000E+02 0.36700E+02
0.60200E+03 0.10000E+03 0.50000E+02 0.36600E+02
0.60300E+03 0.10000E+03 0.50000E+02 0.36600E+02
0.60400E+03 0.10000E+03 0.50000E+02 0.36600E+02
0.60500E+03 0.10000E+03 0.50000E+02 0.36700E+02
