0.10000E+01 0.28000E+02 0.50000E+02 0.27700E+02
0.20000E+01 0.72000E+02 0.50000E+02 0.27700E+02
0.30000E+01 0.73000E+02 0.50000E+02 0.27700E+02
0.40000E+01 0.74000E+02 0.50000E+02 0.27700E+02
0.50000E+01 0.76000E+02 0.50000E+02 0.27700E+02
0.60000E+01 0.77000E+02 0.50000E+02 0.27900E+02
0.70000E+01 0.76000E+02 0.50000E+02 0.27900E+02
0.80000E+01 0.77000E+02 0.50000E+02 0.28000E+02
0.90000E+01 0.77000E+02 0.50000E+02 0.28200E+02
0.10000E+02 0.76000E+02 0.50000E+02 0.28300E+02
0.11000E+02 0.76000E+02 0.50000E+02 0.28600E+02
0.12000E+02 0.75000E+02 0.50000E+02 0.28700E+02
0.13000E+02 0.74000E+02 0.50000E+02 0.29000E+02
0.14000E+02 0.73000E+02 0.50000E+02 0.29100E+02
0.15000E+02 0.72000E+02 0.50000E+02 0.29100E+02
0.16000E+02 0.73000E+02 0.50000E+02 0.29500E+02
0.17000E+02 0.70000E+02 0.50000E+02 0.29600E+02
0.18000E+02 0.70000E+02 0.50000E+02 0.29800E+02
0.19000E+02 0.69000E+02 0.50000E+02 0.30100E+02
0.20000E+02 0.67000E+02 0.50000E+02 0.30300E+02
0.21000E+02 0.65000E+02 0.50000E+02 0.30400E+02
0.22000E+02 0.65000E+02 0.50000E+02 0.30900E+02
0.23000E+02 0.61000E+02 0.50000E+02 0.31100E+02
0.24000E+02 0.59000E+02 0.50000E+02 0.31200E+02
0.25000E+02 0.59000E+02 0.50000E+02 0.31500E+02
0.26000E+02 0.56000E+02 0.50000E+02 0.31700E+02
0.27000E+02 0.54000E+02 0.50000E+02 0.31800E+02
0.28000E+02 0.54000E+02 0.50000E+02 0.31900E+02
0.29000E+02 0.53000E+02 0.50000E+02 0.32200E+02
0.30000E+02 0.50000E+02 0.50000E+02 0.32300E+02
0.31000E+02 0.49000E+02 0.50000E+02 0.32500E+02
0.32000E+02 0.47000E+02 0.50000E+02 0.32600E+02
0.33000E+02 0.46000E+02 0.50000E+02 0.32600E+02
0.34000E+02 0.46000E+02 0.50000E+02 0.33000E+02
0.35000E+02 0.42000E+02 0.50000E+02 0.33000E+02
