0.32800E+03 0.10000E+03 0.50000E+02 0.35500E+02
0.32900E+03 0.10000E+03 0.50000E+02 0.35500E+02
0.33000E+03 0.10000E+03 0.50000E+02 0.35300E+02
0.33100E+03 0.10000E+03 0.50000E+02 0.35300E+02
0.33200E+03 0.10000E+03 0.50000E+02 0.35300E+02
0.33300E+03 0.10000E+03 0.50000E+02 0.35300E+02
0.33400E+03 0.10000E+03 0.50000E+02 0.35300E+02
0.33500E+03 0.10000E+03 0.50000E+02 0.35300E+02
0.33600E+03 0.10000E+03 0.50000E+02 0.35100E+02
0.33700E+03 0.10000E+03 0.50000E+02 0.35100E+02
0.33800E+03 0.10000E+03 0.50000E+02 0.35200E+02
0.33900E+03 0.10000E+03 0.50000E+02 0.35000E+02
0.34000E+03 0.10000E+03 0.50000E+02 0.35000E+02
0.34100E+03 0.10000E+03 0.50000E+02 0.35000E+02
0.34200E+03 0.10000E+03 0.50000E+02 0.34800E+02
0.34300E+03 0.10000E+03 0.50000E+02 0.35000E+02
0.34400E+03 0.10000E+03 0.50000E+02 0.34800E+02
0.34500E+03 0.10000E+03 0.50000E+02 0.34800E+02
0.34600E+03 0.10000E+03 0.50000E+02 0.34800E+02
0.34700E+03 0.10000E+03 0.50000E+02 0.34800E+02
0.34800E+03 0.10000E+03 0.50000E+02 0.34700E+02
0.34900E+03 0.10000E+03 0.50000E+02 0.34800E+02
0.35000E+03 0.10000E+03 0.50000E+02 0.34700E+02
0.35100E+03 0.10000E+03 0.50000E+02 0.34700E+02
0.35200E+03 0.10000E+03 0.50000E+02 0.34600E+02
0.35300E+03 0.10000E+03 0.50000E+02 0.34600E+02
0.35400E+03 0.10000E+03 0.50000E+02 0.34700E+02
0.35500E+03 0.10000E+03 0.50000E+02 0.34600E+02
0.35600E+03 0.10000E+03 0.50000E+02 0.34600E+02
0.35700E+03 0.10000E+03 0.50000E+02 0.34600E+02
0.35800E+03 0.10000E+03 0.50000E+02 0.34600E+02
0.35900E+03 0.10000E+03 0.50000E+02 0.34600E+02
0.36000E+03 0.10000E+03 0.50000E+02 0.34700E+02
0.36100E+03 0.10000E+03 0.50000E+02 0.34600E+02
0.36200E+03 0.10000E+03 0.50000E+02 0.34700E+02
0.36300E+03 0.10000E+03 0.50000E+02 0.34700E+02
0.36400E+03 0.10000E+03 0.50000E+02 0.34700E+02
0.36500E+03 0.10000E+03 0.50000E+02 0.34700E+02
0.36600E+03 0.10000E+03 0.50000E+02 0.34800E+02
0.36700E+03 0.10000E+03 0.50000E+02 0.34700E+02
0.36800E+03 0.10000E+03 0.50000E+02 0.34700E+02
0.36900E+03 0.10000E+03 0.50000E+02 0.34700E+02
0.37000E+03 0.10000E+03 0.50000E+02 0.34800E+02
0.37100E+03 0.10000E+03 0.50000E+02 0.34800E+02
0.37200E+03 0.10000E+03 0.50000E+02 0.34800E+02
0.37300E+03 0.10000E+03 0.50000E+02 0.34800E+02
0.37400E+03 0.10000E+03 0.50000E+02 0.34700E+02
0.37500E+03 0.10000E+03 0.50000E+02 0.34800E+02
0.37600E+03 0.10000E+03 0.50000E+02 0.34700E+02
0.37700E+03 0.10000E+03 0.50000E+02 0.34700E+02
0.37800E+03 0.10000E+03 0.50000E+02 0.34700E+02
0.37900E+03 0.10000E+03 0.50000E+02 0.34800E+02
0.38000E+03 0.10000E+03 0.50000E+02 0.34700E+02
0.38100E+03 0.10000E+03 0.50000E+02 0.34700E+02
0.38200E+03 0.10000E+03 0.50000E+02 0.34800E+02
0.38300E+03 0.10000E+03 0.50000E+02 0.34800E+02
0.38400E+03 0.10000E+03 0.50000E+02 0.34800E+02
0.38500E+03 0.10000E+03 0.50000E+02 0.34800E+02
0.38600E+03 0.10000E+03 0.50000E+02 0.35000E+02
0.38700E+03 0.10000E+03 0.50000E+02 0.35000E+02
0.38800E+03 0.10000E+03 0.50000E+02 0.35000E+02
0.38900E+03 0.10000E+03 0.50000E+02 0.35000E+02
0.39000E+03 0.10000E+03 0.50000E+02 0.35000E+02
0.39100E+03 0.10000E+03 0.50000E+02 0.35000E+02
0.39200E+03 0.10000E+03 0.50000E+02 0.35000E+02
0.39300E+03 0.10000E+03 0.50000E+02 0.35000E+02
0.39400E+03 0.10000E+03 0.50000E+02 0.35000E+02
0.39500E+03 0.10000E+03 0.50000E+02 0.35100E+02
0.39600E+03 0.10000E+03 0.50000E+02 0.35100E+02
0.39700E+03 0.10000E+03 0.50000E+02 0.35100E+02
0.39800E+03 0.10000E+03 0.50000E+02 0.35100E+02
0.39900E+03 0.10000E+03 0.50000E+02 0.35100E+02
0.40000E+03 0.10000E+03 0.50000E+02 0.35100E+02
0.40100E+03 0.10000E+03 0.50000E+02 0.35100E+02
0.40200E+03 0.10000E+03 0.50000E+02 0.35100E+02
0.40300E+03 0.10000E+03 0.50000E+02 0.35100E+02
0.40400E+03 0.10000E+03 0.50000E+02 0.35100E+02
0.40500E+03 0.10000E+03 0.50000E+02 0.35100E+02
0.40600E+03 0.10000E+03 0.50000E+02 0.35200E+02
0.40700E+03 0.10000E+03 0.50000E+02 0.35200E+02
0.40800E+03 0.10000E+03 0.50000E+02 0.35100E+02
0.40900E+03 0.10000E+03 0.50000E+02 0.35100E+02
0.41000E+03 0.10000E+03 0.50000E+02 0.35300E+02
0.41100E+03 0.10000E+03 0.50000E+02 0.35300E+02
