0.10000E+01 0.67000E+02 0.50000E+02 0.27600E+02
0.20000E+01 0.15000E+02 0.50000E+02 0.27600E+02
0.30000E+01 0.15000E+02 0.50000E+02 0.27600E+02
0.40000E+01 0.16000E+02 0.50000E+02 0.27600E+02
0.50000E+01 0.16000E+02 0.50000E+02 0.27700E+02
0.60000E+01 0.16000E+02 0.50000E+02 0.27700E+02
0.70000E+01 0.16000E+02 0.50000E+02 0.27700E+02
0.80000E+01 0.17000E+02 0.50000E+02 0.27700E+02
0.90000E+01 0.17000E+02 0.50000E+02 0.27900E+02
0.10000E+02 0.17000E+02 0.50000E+02 0.27900E+02
0.11000E+02 0.17000E+02 0.50000E+02 0.28000E+02
0.12000E+02 0.17000E+02 0.50000E+02 0.28100E+02
0.13000E+02 0.17000E+02 0.50000E+02 0.28000E+02
0.14000E+02 0.18000E+02 0.50000E+02 0.28100E+02
0.15000E+02 0.18000E+02 0.50000E+02 0.28100E+02
0.16000E+02 0.18000E+02 0.50000E+02 0.28100E+02
0.17000E+02 0.18000E+02 0.50000E+02 0.28200E+02
0.18000E+02 0.18000E+02 0.50000E+02 0.28200E+02
0.19000E+02 0.19000E+02 0.50000E+02 0.28300E+02
0.20000E+02 0.19000E+02 0.50000E+02 0.28300E+02
0.21000E+02 0.19000E+02 0.50000E+02 0.28400E+02
0.22000E+02 0.19000E+02 0.50000E+02 0.28400E+02
0.23000E+02 0.19000E+02 0.50000E+02 0.28600E+02
0.24000E+02 0.19000E+02 0.50000E+02 0.28600E+02
0.25000E+02 0.19000E+02 0.50000E+02 0.28600E+02
