0.41200E+03 0.10000E+03 0.50000E+02 0.33800E+02
0.41300E+03 0.10000E+03 0.50000E+02 0.33800E+02
0.41400E+03 0.10000E+03 0.50000E+02 0.33600E+02
0.41500E+03 0.10000E+03 0.50000E+02 0.33600E+02
0.41600E+03 0.10000E+03 0.50000E+02 0.33400E+02
0.41700E+03 0.10000E+03 0.50000E+02 0.33400E+02
0.41800E+03 0.10000E+03 0.50000E+02 0.33300E+02
0.41900E+03 0.10000E+03 0.50000E+02 0.33300E+02
0.42000E+03 0.10000E+03 0.50000E+02 0.33200E+02
0.42100E+03 0.10000E+03 0.50000E+02 0.33200E+02
0.42200E+03 0.10000E+03 0.50000E+02 0.33100E+02
0.42300E+03 0.10000E+03 0.50000E+02 0.33100E+02
0.42400E+03 0.10000E+03 0.50000E+02 0.33100E+02
0.42500E+03 0.10000E+03 0.50000E+02 0.33000E+02
0.42600E+03 0.10000E+03 0.50000E+02 0.33000E+02
0.42700E+03 0.10000E+03 0.50000E+02 0.33000E+02
0.42800E+03 0.10000E+03 0.50000E+02 0.33000E+02
0.42900E+03 0.10000E+03 0.50000E+02 0.32900E+02
0.43000E+03 0.10000E+03 0.50000E+02 0.32900E+02
0.43100E+03 0.10000E+03 0.50000E+02 0.32900E+02
0.43200E+03 0.10000E+03 0.50000E+02 0.32900E+02
0.43300E+03 0.10000E+03 0.50000E+02 0.32900E+02
0.43400E+03 0.10000E+03 0.50000E+02 0.32700E+02
0.43500E+03 0.10000E+03 0.50000E+02 0.32700E+02
0.43600E+03 0.10000E+03 0.50000E+02 0.32700E+02
0.43700E+03 0.10000E+03 0.50000E+02 0.32700E+02
0.43800E+03 0.10000E+03 0.50000E+02 0.32700E+02
0.43900E+03 0.10000E+03 0.50000E+02 0.32700E+02
0.44000E+03 0.10000E+03 0.50000E+02 0.32700E+02
0.44100E+03 0.10000E+03 0.50000E+02 0.32700E+02
0.44200E+03 0.10000E+03 0.50000E+02 0.32700E+02
0.44300E+03 0.10000E+03 0.50000E+02 0.32700E+02
0.44400E+03 0.10000E+03 0.50000E+02 0.32700E+02
0.44500E+03 0.10000E+03 0.50000E+02 0.32700E+02
0.44600E+03 0.10000E+03 0.50000E+02 0.32900E+02
0.44700E+03 0.10000E+03 0.50000E+02 0.32900E+02
0.44800E+03 0.10000E+03 0.50000E+02 0.32900E+02
0.44900E+03 0.10000E+03 0.50000E+02 0.32900E+02
0.45000E+03 0.10000E+03 0.50000E+02 0.32900E+02
0.45100E+03 0.10000E+03 0.50000E+02 0.32900E+02
0.45200E+03 0.10000E+03 0.50000E+02 0.33000E+02
0.45300E+03 0.10000E+03 0.50000E+02 0.33000E+02
0.45400E+03 0.10000E+03 0.50000E+02 0.33000E+02
0.45500E+03 0.10000E+03 0.50000E+02 0.33000E+02
0.45600E+03 0.10000E+03 0.50000E+02 0.33000E+02
0.45700E+03 0.10000E+03 0.50000E+02 0.33000E+02
0.45800E+03 0.10000E+03 0.50000E+02 0.33100E+02
0.45900E+03 0.10000E+03 0.50000E+02 0.33100E+02
0.46000E+03 0.10000E+03 0.50000E+02 0.33200E+02
0.46100E+03 0.10000E+03 0.50000E+02 0.33200E+02
0.46200E+03 0.10000E+03 0.50000E+02 0.33100E+02
0.46300E+03 0.10000E+03 0.50000E+02 0.33200E+02
0.46400E+03 0.10000E+03 0.50000E+02 0.33200E+02
0.46500E+03 0.10000E+03 0.50000E+02 0.33200E+02
0.46600E+03 0.10000E+03 0.50000E+02 0.33300E+02
0.46700E+03 0.10000E+03 0.50000E+02 0.33300E+02
0.46800E+03 0.10000E+03 0.50000E+02 0.33300E+02
0.46900E+03 0.10000E+03 0.50000E+02 0.33300E+02
