            1.0              30.0              50.0              26.1   1411822414866.0
            2.0              30.0              50.0              26.0   1411822415709.0
            3.0              30.0              50.0              26.0   1411822415945.0
            4.0              30.0              50.0              25.8   1411822416876.0
            5.0              30.0              50.0              25.9   1411822417875.0
            6.0              30.0              50.0              25.9   1411822418875.0
            7.0              30.0              50.0              26.0   1411822419876.0
            8.0              30.0              50.0              26.2   1411822420876.0
            9.0              30.0              50.0              26.1   1411822421876.0
           10.0              30.0              50.0              26.0   1411822422876.0
           11.0              30.0              50.0              26.0   1411822423876.0
           12.0              30.0              50.0              26.1   1411822424875.0
           13.0              30.0              50.0              25.5   1411822425875.0
           14.0              30.0              50.0              26.1   1411822426875.0
           15.0              30.0              50.0              26.2   1411822427875.0
           16.0              30.0              50.0              26.5   1411822428875.0
           17.0              30.0              50.0              26.1   1411822429875.0
           18.0              30.0              50.0              26.4   1411822430875.0
           19.0              30.0              50.0              26.4   1411822431875.0
           20.0              30.0              50.0              26.4   1411822432875.0
           21.0              30.0              50.0              26.7   1411822433875.0
           22.0              30.0              50.0              26.5   1411822434876.0
           23.0              30.0              50.0              26.6   1411822435875.0
           24.0              30.0              50.0              26.8   1411822436875.0
           25.0              30.0              50.0              26.6   1411822437875.0
           26.0              30.0              50.0              26.8   1411822438875.0
           27.0              30.0              50.0              27.2   1411822439875.0
           28.0              30.0              50.0              26.9   1411822440876.0
           29.0              30.0              50.0              27.0   1411822441875.0
           30.0              30.0              50.0              27.0   1411822442876.0
           31.0              30.0              50.0              27.2   1411822443875.0
           32.0              30.0              50.0              27.3   1411822444875.0
           33.0              30.0              50.0              27.2   1411822445875.0
           34.0              30.0              50.0              27.5   1411822446875.0
           35.0              30.0              50.0              27.4   1411822447875.0
           36.0              30.0              50.0              27.4   1411822448875.0
           37.0              30.0              50.0              27.4   1411822449875.0
           38.0              30.0              50.0              27.6   1411822450875.0
           39.0              30.0              50.0              27.6   1411822451875.0
           40.0              30.0              50.0              27.9   1411822452876.0
           41.0              30.0              50.0              27.9   1411822453875.0
           42.0              30.0              50.0              27.9   1411822454874.0
           43.0              30.0              50.0              27.9   1411822455875.0
           44.0              30.0              50.0              28.1   1411822456875.0
           45.0              30.0              50.0              27.9   1411822457876.0
           46.0              30.0              50.0              27.7   1411822458875.0
           47.0              30.0              50.0              27.9   1411822459875.0
           48.0              30.0              50.0              28.1   1411822460875.0
           49.0              30.0              50.0              28.1   1411822461876.0
           50.0              30.0              50.0              28.2   1411822462875.0
           51.0              30.0              50.0              28.2   1411822463876.0
           52.0              30.0              50.0              28.3   1411822464875.0
           53.0              30.0              50.0              28.6   1411822465876.0
           54.0              30.0              50.0              28.3   1411822466876.0
           55.0              30.0              50.0              28.7   1411822467876.0
           56.0              30.0              50.0              28.4   1411822468876.0
           57.0              30.0              50.0              28.4   1411822469875.0
           58.0              30.0              50.0              28.6   1411822470876.0
           59.0              30.0              50.0              28.6   1411822471875.0
           60.0              30.0              50.0              28.6   1411822472876.0
           61.0              30.0              50.0              28.4   1411822473876.0
           62.0              30.0              50.0              28.8   1411822474876.0
           63.0              30.0              50.0              28.4   1411822475876.0
           64.0              30.0              50.0              28.4   1411822476876.0
           65.0              30.0              50.0              28.7   1411822477873.0
           66.0              30.0              50.0              28.7   1411822478876.0
           67.0              30.0              50.0              28.7   1411822479875.0
           68.0              30.0              50.0              28.7   1411822480873.0
           69.0              30.0              50.0              28.8   1411822481875.0
           70.0              30.0              50.0              28.8   1411822482875.0
           71.0              30.0              50.0              28.7   1411822483875.0
           72.0              30.0              50.0              28.7   1411822484876.0
           73.0              30.0              50.0              28.9   1411822485875.0
           74.0              30.0              50.0              28.8   1411822486875.0
           75.0              30.0              50.0              28.7   1411822487875.0
           76.0              30.0              50.0              28.7   1411822488875.0
           77.0              30.0              50.0              28.8   1411822489876.0
           78.0              30.0              50.0              28.9   1411822490876.0
           79.0              30.0              50.0              28.9   1411822491875.0
           80.0              30.0              50.0              28.9   1411822492876.0
           81.0              30.0              50.0              28.9   1411822493876.0
           82.0              30.0              50.0              28.9   1411822494874.0
           83.0              30.0              50.0              29.0   1411822495875.0
           84.0              30.0              50.0              29.0   1411822496876.0
           85.0              30.0              50.0              29.1   1411822497875.0
           86.0              30.0              50.0              29.0   1411822498876.0
           87.0              30.0              50.0              28.9   1411822499875.0
           88.0              30.0              50.0              28.9   1411822500875.0
           89.0              30.0              50.0              28.9   1411822501875.0
           90.0              30.0              50.0              28.8   1411822502876.0
           91.0              30.0              50.0              28.9   1411822503875.0
           92.0              30.0              50.0              28.9   1411822504875.0
           93.0              30.0              50.0              29.0   1411822505875.0
           94.0              30.0              50.0              29.0   1411822506876.0
           95.0              30.0              50.0              29.1   1411822507875.0
           96.0              30.0              50.0              29.3   1411822508876.0
           97.0              30.0              50.0              28.9   1411822509876.0
           98.0              30.0              50.0              29.0   1411822510875.0
           99.0              30.0              50.0              29.3   1411822511875.0
          100.0              30.0              50.0              29.0   1411822512876.0
          101.0              30.0              50.0              29.0   1411822513875.0
          102.0              30.0              50.0              28.9   1411822514875.0
          103.0              30.0              50.0              29.0   1411822515875.0
          104.0              30.0              50.0              29.1   1411822516875.0
          105.0              30.0              50.0              29.4   1411822517875.0
          106.0              30.0              50.0              29.3   1411822518875.0
          107.0              30.0              50.0              29.3   1411822519876.0
          108.0              30.0              50.0              29.3   1411822520876.0
          109.0              30.0              50.0              29.3   1411822521876.0
          110.0              30.0              50.0              29.3   1411822522875.0
          111.0              30.0              50.0              29.4   1411822523875.0
          112.0              30.0              50.0              29.3   1411822524876.0
          113.0              30.0              50.0              29.5   1411822525876.0
          114.0              30.0              50.0              29.5   1411822526876.0
          115.0              30.0              50.0              29.4   1411822527875.0
          116.0              30.0              50.0              29.5   1411822528875.0
          117.0              30.0              50.0              29.6   1411822529876.0
          118.0              30.0              50.0              29.5   1411822530875.0
          119.0              30.0              50.0              29.5   1411822531875.0
          120.0              30.0              50.0              29.4   1411822532875.0
          121.0              30.0              50.0              29.5   1411822533875.0
          122.0              30.0              50.0              29.7   1411822534874.0
          123.0              30.0              50.0              29.5   1411822535876.0
          124.0              30.0              50.0              29.6   1411822536876.0
          125.0              30.0              50.0              29.4   1411822537875.0
          126.0              30.0              50.0              29.6   1411822538875.0
          127.0              30.0              50.0              29.6   1411822539875.0
          128.0              30.0              50.0              29.6   1411822540876.0
          129.0              30.0              50.0              29.5   1411822541876.0
          130.0              30.0              50.0              29.5   1411822542875.0
          131.0              30.0              50.0              29.5   1411822543876.0
          132.0              30.0              50.0              29.5   1411822544875.0
          133.0              30.0              50.0              29.5   1411822545875.0
          134.0              30.0              50.0              29.6   1411822546875.0
          135.0              30.0              50.0              29.6   1411822547876.0
          136.0              30.0              50.0              29.5   1411822548876.0
          137.0              30.0              50.0              29.6   1411822549875.0
          138.0              30.0              50.0              29.5   1411822550875.0
          139.0              30.0              50.0              29.7   1411822551876.0
          140.0              30.0              50.0              29.6   1411822552876.0
          141.0              30.0              50.0              29.6   1411822553875.0
          142.0              30.0              50.0              29.7   1411822554875.0
          143.0              30.0              50.0              29.7   1411822555869.0
          144.0              30.0              50.0              29.6   1411822556876.0
          145.0              30.0              50.0              29.6   1411822557876.0
          146.0              30.0              50.0              29.7   1411822558870.0
          147.0              30.0              50.0              29.7   1411822559875.0
          148.0              30.0              50.0              29.6   1411822560875.0
          149.0              30.0              50.0              30.0   1411822561875.0
          150.0              30.0              50.0              29.6   1411822562876.0
          151.0              30.0              50.0              29.7   1411822563876.0
          152.0              30.0              50.0              29.7   1411822564881.0
          153.0              30.0              50.0              29.8   1411822565875.0
          154.0              30.0              50.0              29.6   1411822566876.0
          155.0              30.0              50.0              29.7   1411822567874.0
          156.0              30.0              50.0              29.6   1411822568875.0
          157.0              30.0              50.0              29.7   1411822569875.0
          158.0              30.0              50.0              29.7   1411822570875.0
          159.0              30.0              50.0              29.7   1411822571875.0
          160.0              30.0              50.0              29.7   1411822572875.0
          161.0              30.0              50.0              29.8   1411822573877.0
          162.0              30.0              50.0              29.7   1411822574875.0
          163.0              30.0              50.0              29.7   1411822575876.0
          164.0              30.0              50.0              29.7   1411822576874.0
          165.0              30.0              50.0              29.7   1411822577875.0
          166.0              30.0              50.0              29.7   1411822578875.0
          167.0              30.0              50.0              29.7   1411822579875.0
          168.0              30.0              50.0              29.6   1411822580875.0
          169.0              30.0              50.0              29.7   1411822581876.0
          170.0              30.0              50.0              29.6   1411822582875.0
          171.0              30.0              50.0              29.6   1411822583876.0
          172.0              30.0              50.0              29.5   1411822584874.0
          173.0              30.0              50.0              29.6   1411822585875.0
          174.0              30.0              50.0              29.7   1411822586876.0
          175.0              30.0              50.0              29.6   1411822587875.0
          176.0              30.0              50.0              29.6   1411822588875.0
          177.0              30.0              50.0              29.6   1411822589875.0
          178.0              30.0              50.0              29.5   1411822590875.0
          179.0              30.0              50.0              29.6   1411822591876.0
          180.0              30.0              50.0              29.6   1411822592875.0
          181.0              30.0              50.0              30.0   1411822593875.0
          182.0              30.0              50.0              29.6   1411822594875.0
          183.0              30.0              50.0              29.6   1411822595875.0
          184.0              30.0              50.0              29.7   1411822596875.0
          185.0              30.0              50.0              29.6   1411822597876.0
          186.0              30.0              50.0              29.6   1411822598874.0
          187.0              30.0              50.0              29.6   1411822599876.0
          188.0              30.0              50.0              29.5   1411822600875.0
          189.0              30.0              50.0              29.5   1411822601875.0
          190.0              30.0              50.0              29.5   1411822602875.0
          191.0              30.0              50.0              29.8   1411822603875.0
          192.0              30.0              50.0              29.5   1411822604876.0
          193.0              30.0              50.0              29.8   1411822605875.0
          194.0              30.0              50.0              29.5   1411822606875.0
          195.0              30.0              50.0              29.7   1411822607875.0
          196.0              30.0              50.0              29.7   1411822608876.0
          197.0              30.0              50.0              29.6   1411822609876.0
          198.0              30.0              50.0              29.7   1411822610875.0
          199.0              30.0              50.0              29.6   1411822611875.0
          200.0              30.0              50.0              29.6   1411822612874.0
          201.0              30.0              50.0              29.7   1411822613875.0
          202.0              30.0              50.0              29.6   1411822614875.0
          203.0              30.0              50.0              29.8   1411822615875.0
          204.0              30.0              50.0              29.7   1411822616875.0
          205.0              30.0              50.0              29.6   1411822617875.0
          206.0              30.0              50.0              29.6   1411822618875.0
          207.0              30.0              50.0              29.7   1411822619875.0
          208.0              30.0              50.0              29.6   1411822620876.0
          209.0              30.0              50.0              29.8   1411822621875.0
          210.0              30.0              50.0              29.6   1411822622876.0
          211.0              30.0              50.0              29.7   1411822623876.0
          212.0              30.0              50.0              29.7   1411822624875.0
          213.0              30.0              50.0              29.6   1411822625875.0
          214.0              30.0              50.0              29.7   1411822626874.0
          215.0              30.0              50.0              29.6   1411822627875.0
          216.0              30.0              50.0              29.7   1411822628876.0
          217.0              30.0              50.0              29.7   1411822629875.0
          218.0              30.0              50.0              29.7   1411822630875.0
          219.0              30.0              50.0              29.7   1411822631875.0
          220.0              30.0              50.0              30.0   1411822632875.0
          221.0              30.0              50.0              29.7   1411822633874.0
          222.0              30.0              50.0              29.7   1411822634875.0
          223.0              30.0              50.0              29.7   1411822635874.0
          224.0              30.0              50.0              29.8   1411822636873.0
          225.0              30.0              50.0              29.7   1411822637875.0
          226.0              30.0              50.0              29.7   1411822638875.0
          227.0              30.0              50.0              29.7   1411822639872.0
          228.0              30.0              50.0              29.7   1411822640875.0
          229.0              30.0              50.0              29.7   1411822641874.0
          230.0              30.0              50.0              29.7   1411822642876.0
          231.0              30.0              50.0              29.7   1411822643875.0
          232.0              30.0              50.0              29.7   1411822644875.0
          233.0              30.0              50.0              30.0   1411822645875.0
          234.0              30.0              50.0              29.6   1411822646875.0
          235.0              30.0              50.0              29.6   1411822647876.0
          236.0              30.0              50.0              29.6   1411822648875.0
          237.0              30.0              50.0              29.5   1411822649875.0
          238.0              30.0              50.0              29.6   1411822650875.0
          239.0              30.0              50.0              29.6   1411822651874.0
          240.0              30.0              50.0              29.6   1411822652875.0
          241.0              30.0              50.0              29.5   1411822653876.0
          242.0              30.0              50.0              29.6   1411822654875.0
          243.0              30.0              50.0              29.4   1411822655875.0
          244.0              30.0              50.0              29.4   1411822656875.0
          245.0              30.0              50.0              29.5   1411822657875.0
          246.0              30.0              50.0              29.4   1411822658875.0
          247.0              30.0              50.0              29.5   1411822659875.0
          248.0              30.0              50.0              29.6   1411822660875.0
          249.0              30.0              50.0              29.5   1411822661875.0
          250.0              30.0              50.0              29.7   1411822662874.0
          251.0              40.0              50.0              29.6   1411822663875.0
          252.0              40.0              50.0              30.0   1411822664875.0
          253.0              40.0              50.0              29.7   1411822665875.0
          254.0              40.0              50.0              29.7   1411822666874.0
          255.0              40.0              50.0              29.7   1411822667875.0
          256.0              40.0              50.0              29.8   1411822668875.0
          257.0              40.0              50.0              29.7   1411822669875.0
          258.0              40.0              50.0              30.0   1411822670875.0
          259.0              40.0              50.0              29.6   1411822671875.0
          260.0              40.0              50.0              29.6   1411822672875.0
          261.0              40.0              50.0              29.6   1411822673875.0
          262.0              40.0              50.0              29.6   1411822674875.0
          263.0              40.0              50.0              29.7   1411822675875.0
          264.0              40.0              50.0              29.5   1411822676876.0
          265.0              40.0              50.0              29.5   1411822677875.0
          266.0              40.0              50.0              29.7   1411822678875.0
          267.0              40.0              50.0              29.5   1411822679875.0
          268.0              40.0              50.0              29.7   1411822680875.0
          269.0              40.0              50.0              29.8   1411822681875.0
          270.0              40.0              50.0              30.0   1411822682874.0
          271.0              40.0              50.0              30.0   1411822683875.0
          272.0              40.0              50.0              29.8   1411822684876.0
          273.0              40.0              50.0              30.0   1411822685875.0
          274.0              40.0              50.0              30.0   1411822686874.0
          275.0              40.0              50.0              30.0   1411822687876.0
          276.0              40.0              50.0              30.0   1411822688875.0
          277.0              40.0              50.0              30.0   1411822689875.0
          278.0              40.0              50.0              30.0   1411822690875.0
          279.0              40.0              50.0              30.1   1411822691874.0
          280.0              40.0              50.0              30.0   1411822692875.0
          281.0              40.0              50.0              30.2   1411822693876.0
          282.0              40.0              50.0              30.1   1411822694875.0
          283.0              40.0              50.0              30.1   1411822695875.0
          284.0              40.0              50.0              30.2   1411822696876.0
          285.0              40.0              50.0              30.2   1411822697875.0
          286.0              40.0              50.0              30.3   1411822698875.0
          287.0              40.0              50.0              30.3   1411822699876.0
          288.0              40.0              50.0              30.2   1411822700875.0
          289.0              40.0              50.0              30.4   1411822701875.0
          290.0              40.0              50.0              30.3   1411822702875.0
          291.0              40.0              50.0              30.3   1411822703875.0
          292.0              40.0              50.0              30.4   1411822704875.0
          293.0              40.0              50.0              30.4   1411822705875.0
          294.0              40.0              50.0              30.5   1411822706875.0
          295.0              40.0              50.0              30.5   1411822707875.0
          296.0              40.0              50.0              30.7   1411822708875.0
          297.0              40.0              50.0              30.9   1411822709875.0
          298.0              40.0              50.0              30.8   1411822710875.0
          299.0              40.0              50.0              30.7   1411822711871.0
          300.0              40.0              50.0              30.8   1411822712875.0
          301.0              40.0              50.0              30.8   1411822713875.0
          302.0              40.0              50.0              30.8   1411822714874.0
          303.0              40.0              50.0              30.8   1411822715875.0
          304.0              40.0              50.0              30.8   1411822716875.0
          305.0              40.0              50.0              30.9   1411822717875.0
          306.0              40.0              50.0              30.8   1411822718875.0
          307.0              40.0              50.0              30.8   1411822719875.0
          308.0              40.0              50.0              30.7   1411822720875.0
          309.0              40.0              50.0              30.7   1411822721875.0
          310.0              40.0              50.0              30.7   1411822722876.0
          311.0              40.0              50.0              30.7   1411822723875.0
          312.0              40.0              50.0              30.7   1411822724876.0
          313.0              40.0              50.0              30.7   1411822725875.0
          314.0              40.0              50.0              30.8   1411822726876.0
          315.0              40.0              50.0              30.7   1411822727875.0
          316.0              40.0              50.0              30.7   1411822728876.0
          317.0              40.0              50.0              30.5   1411822729875.0
          318.0              40.0              50.0              30.7   1411822730876.0
          319.0              40.0              50.0              30.5   1411822731875.0
          320.0              40.0              50.0              30.7   1411822732875.0
          321.0              40.0              50.0              30.9   1411822733875.0
          322.0              40.0              50.0              30.5   1411822734875.0
          323.0              40.0              50.0              30.8   1411822735875.0
          324.0              40.0              50.0              30.8   1411822736875.0
          325.0              40.0              50.0              30.9   1411822737875.0
          326.0              40.0              50.0              30.8   1411822738875.0
          327.0              40.0              50.0              30.7   1411822739875.0
          328.0              40.0              50.0              30.8   1411822740875.0
          329.0              40.0              50.0              30.8   1411822741875.0
          330.0              40.0              50.0              30.8   1411822742875.0
          331.0              40.0              50.0              30.9   1411822743875.0
          332.0              40.0              50.0              30.8   1411822744875.0
          333.0              40.0              50.0              30.8   1411822745875.0
          334.0              40.0              50.0              31.0   1411822746875.0
          335.0              40.0              50.0              30.8   1411822747875.0
          336.0              40.0              50.0              30.9   1411822748875.0
          337.0              40.0              50.0              30.9   1411822749874.0
          338.0              40.0              50.0              31.0   1411822750875.0
          339.0              40.0              50.0              30.8   1411822751875.0
          340.0              40.0              50.0              31.0   1411822752876.0
          341.0              40.0              50.0              30.9   1411822753874.0
          342.0              40.0              50.0              31.0   1411822754875.0
          343.0              40.0              50.0              31.1   1411822755876.0
          344.0              40.0              50.0              30.8   1411822756875.0
          345.0              40.0              50.0              31.4   1411822757876.0
          346.0              40.0              50.0              31.0   1411822758875.0
          347.0              40.0              50.0              31.0   1411822759876.0
          348.0              40.0              50.0              31.1   1411822760876.0
          349.0              40.0              50.0              31.0   1411822761876.0
          350.0              40.0              50.0              31.0   1411822762876.0
          351.0              40.0              50.0              31.1   1411822763875.0
          352.0              40.0              50.0              31.2   1411822764876.0
          353.0              40.0              50.0              31.2   1411822765876.0
          354.0              40.0              50.0              31.1   1411822766875.0
          355.0              40.0              50.0              31.4   1411822767875.0
          356.0              40.0              50.0              31.2   1411822768874.0
          357.0              40.0              50.0              31.4   1411822769875.0
          358.0              40.0              50.0              31.2   1411822770876.0
          359.0              40.0              50.0              31.4   1411822771875.0
          360.0              40.0              50.0              31.6   1411822772875.0
          361.0              40.0              50.0              31.4   1411822773875.0
          362.0              40.0              50.0              31.2   1411822774876.0
          363.0              40.0              50.0              31.4   1411822775875.0
          364.0              40.0              50.0              31.2   1411822776875.0
          365.0              40.0              50.0              31.2   1411822777874.0
          366.0              40.0              50.0              31.2   1411822778875.0
          367.0              40.0              50.0              31.2   1411822779875.0
          368.0              40.0              50.0              31.2   1411822780875.0
          369.0              40.0              50.0              31.2   1411822781875.0
          370.0              40.0              50.0              31.2   1411822782875.0
          371.0              40.0              50.0              31.2   1411822783876.0
          372.0              40.0              50.0              31.4   1411822784875.0
          373.0              40.0              50.0              31.2   1411822785875.0
          374.0              40.0              50.0              31.2   1411822786875.0
          375.0              40.0              50.0              31.4   1411822787875.0
          376.0              40.0              50.0              31.2   1411822788876.0
          377.0              40.0              50.0              31.2   1411822789875.0
          378.0              40.0              50.0              31.4   1411822790876.0
          379.0              40.0              50.0              31.4   1411822791875.0
          380.0              40.0              50.0              31.4   1411822792876.0
          381.0              40.0              50.0              31.2   1411822793875.0
          382.0              40.0              50.0              31.1   1411822794876.0
          383.0              40.0              50.0              31.4   1411822795875.0
          384.0              40.0              50.0              31.4   1411822796875.0
          385.0              40.0              50.0              31.4   1411822797875.0
          386.0              40.0              50.0              31.4   1411822798875.0
          387.0              40.0              50.0              31.2   1411822799874.0
          388.0              40.0              50.0              31.2   1411822800875.0
          389.0              40.0              50.0              31.4   1411822801875.0
          390.0              40.0              50.0              31.1   1411822802875.0
          391.0              40.0              50.0              31.1   1411822803876.0
          392.0              40.0              50.0              31.2   1411822804875.0
          393.0              40.0              50.0              31.4   1411822805873.0
          394.0              40.0              50.0              31.4   1411822806875.0
          395.0              40.0              50.0              31.6   1411822807874.0
          396.0              40.0              50.0              31.2   1411822808875.0
          397.0              40.0              50.0              31.2   1411822809876.0
          398.0              40.0              50.0              31.1   1411822810875.0
          399.0              40.0              50.0              31.0   1411822811876.0
          400.0              40.0              50.0              31.1   1411822812875.0
          401.0              40.0              50.0              31.0   1411822813876.0
          402.0              40.0              50.0              31.2   1411822814876.0
          403.0              40.0              50.0              31.0   1411822815874.0
          404.0              40.0              50.0              31.0   1411822816875.0
          405.0              40.0              50.0              31.1   1411822817875.0
          406.0              40.0              50.0              31.1   1411822818875.0
          407.0              40.0              50.0              31.0   1411822819875.0
          408.0              40.0              50.0              31.0   1411822820874.0
          409.0              40.0              50.0              31.0   1411822821871.0
          410.0              40.0              50.0              31.1   1411822822872.0
          411.0              40.0              50.0              31.2   1411822823875.0
          412.0              40.0              50.0              31.1   1411822824875.0
          413.0              40.0              50.0              31.4   1411822825876.0
          414.0              40.0              50.0              31.1   1411822826876.0
          415.0              40.0              50.0              31.1   1411822827876.0
          416.0              40.0              50.0              30.9   1411822828875.0
          417.0              40.0              50.0              31.0   1411822829874.0
          418.0              40.0              50.0              31.4   1411822830875.0
          419.0              40.0              50.0              31.1   1411822831876.0
          420.0              40.0              50.0              31.1   1411822832875.0
          421.0              40.0              50.0              31.1   1411822833876.0
          422.0              40.0              50.0              31.2   1411822834875.0
          423.0              40.0              50.0              31.4   1411822835875.0
          424.0              40.0              50.0              31.0   1411822836874.0
          425.0              40.0              50.0              31.4   1411822837874.0
          426.0              40.0              50.0              31.1   1411822838875.0
          427.0              40.0              50.0              31.2   1411822839874.0
          428.0              40.0              50.0              31.1   1411822840875.0
          429.0              40.0              50.0              31.1   1411822841875.0
          430.0              40.0              50.0              31.2   1411822842875.0
          431.0              40.0              50.0              31.2   1411822843875.0
          432.0              40.0              50.0              31.1   1411822844875.0
          433.0              40.0              50.0              31.2   1411822845873.0
          434.0              40.0              50.0              31.2   1411822846876.0
          435.0              40.0              50.0              31.2   1411822847876.0
          436.0              40.0              50.0              31.5   1411822848874.0
          437.0              40.0              50.0              31.2   1411822849876.0
          438.0              40.0              50.0              31.4   1411822850876.0
          439.0              40.0              50.0              31.0   1411822851873.0
          440.0              40.0              50.0              31.1   1411822852875.0
          441.0              40.0              50.0              31.2   1411822853875.0
          442.0              40.0              50.0              31.2   1411822854874.0
          443.0              40.0              50.0              31.1   1411822855875.0
          444.0              40.0              50.0              31.4   1411822856875.0
          445.0              40.0              50.0              31.4   1411822857875.0
          446.0              40.0              50.0              31.2   1411822858875.0
          447.0              40.0              50.0              31.2   1411822859875.0
          448.0              40.0              50.0              31.2   1411822860875.0
          449.0              40.0              50.0              31.2   1411822861875.0
          450.0              40.0              50.0              31.0   1411822862875.0
          451.0              40.0              50.0              31.1   1411822863874.0
          452.0              40.0              50.0              31.0   1411822864874.0
          453.0              40.0              50.0              30.9   1411822865876.0
          454.0              40.0              50.0              31.0   1411822866875.0
          455.0              40.0              50.0              31.0   1411822867875.0
          456.0              40.0              50.0              31.0   1411822868875.0
          457.0              40.0              50.0              31.2   1411822869873.0
          458.0              40.0              50.0              31.2   1411822870875.0
          459.0              40.0              50.0              31.1   1411822871875.0
          460.0              40.0              50.0              31.1   1411822872873.0
          461.0              40.0              50.0              31.1   1411822873875.0
          462.0              40.0              50.0              31.0   1411822874876.0
          463.0              40.0              50.0              31.4   1411822875875.0
          464.0              40.0              50.0              31.1   1411822876875.0
          465.0              40.0              50.0              31.0   1411822877875.0
          466.0              40.0              50.0              31.1   1411822878875.0
          467.0              40.0              50.0              30.9   1411822879877.0
          468.0              40.0              50.0              31.0   1411822880875.0
          469.0              40.0              50.0              31.0   1411822881875.0
          470.0              40.0              50.0              30.9   1411822882876.0
          471.0              40.0              50.0              30.9   1411822883875.0
          472.0              40.0              50.0              30.9   1411822884874.0
          473.0              40.0              50.0              30.9   1411822885875.0
          474.0              40.0              50.0              30.9   1411822886875.0
          475.0              40.0              50.0              30.9   1411822887875.0
          476.0              40.0              50.0              30.8   1411822888875.0
          477.0              40.0              50.0              30.7   1411822889877.0
          478.0              40.0              50.0              30.7   1411822890875.0
          479.0              40.0              50.0              30.7   1411822891875.0
          480.0              40.0              50.0              30.8   1411822892876.0
          481.0              40.0              50.0              30.8   1411822893874.0
          482.0              40.0              50.0              30.9   1411822894875.0
          483.0              40.0              50.0              30.7   1411822895875.0
          484.0              40.0              50.0              30.8   1411822896876.0
          485.0              40.0              50.0              30.9   1411822897876.0
          486.0              40.0              50.0              30.9   1411822898875.0
          487.0              40.0              50.0              30.8   1411822899876.0
          488.0              40.0              50.0              30.8   1411822900875.0
          489.0              40.0              50.0              30.9   1411822901875.0
          490.0              40.0              50.0              30.9   1411822902874.0
          491.0              40.0              50.0              31.0   1411822903876.0
          492.0              40.0              50.0              31.0   1411822904875.0
          493.0              40.0              50.0              31.0   1411822905874.0
          494.0              40.0              50.0              31.0   1411822906875.0
          495.0              40.0              50.0              31.0   1411822907875.0
          496.0              40.0              50.0              31.0   1411822908875.0
          497.0              40.0              50.0              31.1   1411822909875.0
          498.0              40.0              50.0              31.0   1411822910875.0
          499.0              40.0              50.0              31.0   1411822911874.0
          500.0              40.0              50.0              31.0   1411822912874.0
          501.0              40.0              50.0              31.0   1411822913875.0
          502.0              40.0              50.0              30.9   1411822914872.0
          503.0              40.0              50.0              30.9   1411822915874.0
          504.0              40.0              50.0              31.0   1411822916875.0
          505.0              40.0              50.0              30.8   1411822917876.0
          506.0              40.0              50.0              30.9   1411822918875.0
          507.0              40.0              50.0              30.9   1411822919876.0
          508.0              40.0              50.0              30.9   1411822920875.0
          509.0              40.0              50.0              31.0   1411822921876.0
          510.0              40.0              50.0              31.2   1411822922876.0
          511.0              40.0              50.0              31.1   1411822923874.0
          512.0              40.0              50.0              31.1   1411822924876.0
          513.0              40.0              50.0              31.1   1411822925875.0
          514.0              40.0              50.0              31.0   1411822926876.0
          515.0              40.0              50.0              31.0   1411822927876.0
          516.0              40.0              50.0              31.4   1411822928876.0
          517.0              40.0              50.0              31.4   1411822929875.0
          518.0              40.0              50.0              31.1   1411822930875.0
          519.0              40.0              50.0              31.4   1411822931876.0
          520.0              40.0              50.0              31.1   1411822932875.0
          521.0              40.0              50.0              31.4   1411822933874.0
          522.0              40.0              50.0              31.1   1411822934875.0
          523.0              40.0              50.0              31.1   1411822935875.0
          524.0              40.0              50.0              31.1   1411822936875.0
          525.0              40.0              50.0              31.2   1411822937876.0
          526.0              40.0              50.0              31.2   1411822938874.0
          527.0              40.0              50.0              31.0   1411822939876.0
          528.0              40.0              50.0              31.1   1411822940875.0
          529.0              40.0              50.0              31.1   1411822941876.0
          530.0              40.0              50.0              31.2   1411822942875.0
          531.0              40.0              50.0              31.4   1411822943876.0
          532.0              40.0              50.0              31.2   1411822944881.0
          533.0              40.0              50.0              31.4   1411822945876.0
          534.0              40.0              50.0              31.4   1411822946875.0
          535.0              40.0              50.0              31.4   1411822947875.0
          536.0              40.0              50.0              31.2   1411822948875.0
          537.0              40.0              50.0              31.2   1411822949875.0
          538.0              40.0              50.0              31.2   1411822950874.0
          539.0              40.0              50.0              31.2   1411822951875.0
          540.0              40.0              50.0              31.2   1411822952875.0
          541.0              40.0              50.0              31.4   1411822953873.0
          542.0              40.0              50.0              31.4   1411822954875.0
          543.0              40.0              50.0              31.5   1411822955876.0
          544.0              40.0              50.0              31.4   1411822956873.0
          545.0              40.0              50.0              31.5   1411822957875.0
          546.0              40.0              50.0              31.4   1411822958875.0
          547.0              40.0              50.0              31.6   1411822959874.0
          548.0              40.0              50.0              31.4   1411822960875.0
          549.0              40.0              50.0              31.4   1411822961876.0
          550.0              40.0              50.0              31.4   1411822962875.0
          551.0              40.0              50.0              31.2   1411822963875.0
          552.0              40.0              50.0              31.4   1411822964875.0
          553.0              40.0              50.0              31.1   1411822965875.0
          554.0              40.0              50.0              31.1   1411822966876.0
          555.0              40.0              50.0              31.2   1411822967875.0
          556.0              40.0              50.0              30.9   1411822968875.0
          557.0              40.0              50.0              30.9   1411822969875.0
          558.0              40.0              50.0              31.1   1411822970877.0
          559.0              40.0              50.0              31.2   1411822971876.0
          560.0              40.0              50.0              31.0   1411822972875.0
          561.0              40.0              50.0              31.0   1411822973875.0
          562.0              40.0              50.0              31.1   1411822974876.0
          563.0              40.0              50.0              31.0   1411822975875.0
          564.0              40.0              50.0              31.2   1411822976875.0
          565.0              40.0              50.0              30.9   1411822977875.0
          566.0              40.0              50.0              31.1   1411822978875.0
          567.0              40.0              50.0              31.1   1411822979876.0
          568.0              40.0              50.0              31.0   1411822980874.0
          569.0              40.0              50.0              31.2   1411822981875.0
          570.0              40.0              50.0              31.1   1411822982875.0
          571.0              40.0              50.0              31.2   1411822983875.0
          572.0              40.0              50.0              31.1   1411822984876.0
          573.0              40.0              50.0              31.1   1411822985875.0
          574.0              40.0              50.0              31.4   1411822986876.0
          575.0              40.0              50.0              31.4   1411822987876.0
          576.0              40.0              50.0              31.4   1411822988875.0
          577.0              40.0              50.0              31.0   1411822989875.0
          578.0              40.0              50.0              30.9   1411822990876.0
          579.0              40.0              50.0              30.8   1411822991875.0
          580.0              40.0              50.0              31.0   1411822992876.0
          581.0              40.0              50.0              31.1   1411822993876.0
          582.0              40.0              50.0              31.0   1411822994875.0
          583.0              40.0              50.0              31.1   1411822995874.0
          584.0              40.0              50.0              31.1   1411822996867.0
          585.0              40.0              50.0              31.4   1411822997875.0
          586.0              40.0              50.0              31.1   1411822998871.0
          587.0              40.0              50.0              31.2   1411822999872.0
          588.0              40.0              50.0              31.2   1411823000875.0
          589.0              40.0              50.0              31.4   1411823001875.0
          590.0              40.0              50.0              31.2   1411823002870.0
          591.0              40.0              50.0              31.2   1411823003870.0
          592.0              40.0              50.0              31.2   1411823004869.0
          593.0              40.0              50.0              31.0   1411823005867.0
          594.0              40.0              50.0              31.1   1411823006876.0
          595.0              40.0              50.0              31.4   1411823007867.0
          596.0              40.0              50.0              31.2   1411823008867.0
          597.0              40.0              50.0              31.1   1411823009876.0
          598.0              40.0              50.0              31.2   1411823010876.0
          599.0              40.0              50.0              31.1   1411823011876.0
          600.0              40.0              50.0              31.2   1411823012874.0
          601.0              40.0              50.0              31.2   1411823013874.0
          602.0              40.0              50.0              31.1   1411823014875.0
          603.0              40.0              50.0              30.9   1411823015869.0
          604.0              40.0              50.0              31.1   1411823016870.0
          605.0              40.0              50.0              30.9   1411823017875.0
          606.0              40.0              50.0              31.0   1411823018876.0
          607.0              40.0              50.0              31.4   1411823019874.0
          608.0              40.0              50.0              31.2   1411823020875.0
          609.0              40.0              50.0              31.0   1411823021874.0
          610.0              40.0              50.0              31.2   1411823022875.0
          611.0              40.0              50.0              30.9   1411823023875.0
          612.0              40.0              50.0              31.0   1411823024876.0
          613.0              40.0              50.0              31.0   1411823025875.0
          614.0              40.0              50.0              31.0   1411823026875.0
          615.0              40.0              50.0              31.1   1411823027875.0
          616.0              40.0              50.0              31.2   1411823028875.0
          617.0              40.0              50.0              31.2   1411823029874.0
          618.0              40.0              50.0              31.4   1411823030876.0
          619.0              40.0              50.0              31.2   1411823031875.0
          620.0              40.0              50.0              31.2   1411823032874.0
          621.0              40.0              50.0              31.2   1411823033875.0
          622.0              40.0              50.0              31.2   1411823034875.0
          623.0              40.0              50.0              31.2   1411823035875.0
          624.0              40.0              50.0              31.4   1411823036876.0
          625.0              40.0              50.0              31.5   1411823037876.0
          626.0              40.0              50.0              31.2   1411823038874.0
          627.0              40.0              50.0              31.4   1411823039876.0
          628.0              40.0              50.0              31.2   1411823040873.0
          629.0              40.0              50.0              31.5   1411823041875.0
          630.0              40.0              50.0              31.5   1411823042874.0
          631.0              40.0              50.0              31.4   1411823043874.0
          632.0              40.0              50.0              31.4   1411823044867.0
          633.0              40.0              50.0              31.2   1411823045871.0
          634.0              40.0              50.0              31.4   1411823046875.0
          635.0              40.0              50.0              31.2   1411823047875.0
          636.0              40.0              50.0              31.4   1411823048874.0
          637.0              40.0              50.0              31.5   1411823049876.0
          638.0              40.0              50.0              31.1   1411823050870.0
          639.0              40.0              50.0              31.4   1411823051875.0
          640.0              40.0              50.0              31.0   1411823052875.0
          641.0              40.0              50.0              31.1   1411823053875.0
          642.0              40.0              50.0              31.2   1411823054870.0
          643.0              40.0              50.0              31.2   1411823055869.0
          644.0              40.0              50.0              31.2   1411823056866.0
          645.0              40.0              50.0              31.2   1411823057870.0
          646.0              40.0              50.0              31.4   1411823059045.0
          647.0              40.0              50.0              31.2   1411823059867.0
          648.0              40.0              50.0              31.1   1411823060869.0
          649.0              40.0              50.0              31.1   1411823061875.0
          650.0              40.0              50.0              31.0   1411823062876.0
          651.0              40.0              50.0              31.4   1411823063875.0
          652.0              40.0              50.0              31.1   1411823064875.0
          653.0              40.0              50.0              31.4   1411823065876.0
          654.0              40.0              50.0              31.1   1411823066875.0
          655.0              40.0              50.0              31.2   1411823067875.0
          656.0              40.0              50.0              31.2   1411823068875.0
          657.0              40.0              50.0              31.4   1411823069876.0
          658.0              40.0              50.0              31.1   1411823070876.0
          659.0              40.0              50.0              31.2   1411823071874.0
          660.0              40.0              50.0              31.2   1411823072874.0
          661.0              40.0              50.0              31.2   1411823073876.0
          662.0              40.0              50.0              31.0   1411823074875.0
          663.0              40.0              50.0              31.0   1411823075876.0
          664.0              40.0              50.0              30.8   1411823076876.0
          665.0              40.0              50.0              30.8   1411823077875.0
          666.0              40.0              50.0              30.8   1411823078876.0
          667.0              40.0              50.0              30.8   1411823079875.0
          668.0              40.0              50.0              30.8   1411823080867.0
          669.0              40.0              50.0              30.8   1411823081875.0
          670.0              40.0              50.0              30.7   1411823082872.0
          671.0              40.0              50.0              30.8   1411823083873.0
          672.0              40.0              50.0              30.8   1411823084873.0
          673.0              40.0              50.0              30.5   1411823085872.0
          674.0              40.0              50.0              30.9   1411823086876.0
          675.0              40.0              50.0              30.8   1411823087875.0
          676.0              40.0              50.0              30.7   1411823088875.0
          677.0              40.0              50.0              30.8   1411823089875.0
          678.0              40.0              50.0              30.7   1411823090876.0
          679.0              40.0              50.0              30.7   1411823091875.0
          680.0              40.0              50.0              30.8   1411823092878.0
          681.0              40.0              50.0              30.8   1411823093874.0
          682.0              40.0              50.0              30.8   1411823094871.0
          683.0              40.0              50.0              30.8   1411823095870.0
          684.0              40.0              50.0              30.9   1411823096873.0
          685.0              40.0              50.0              30.8   1411823097874.0
          686.0              40.0              50.0              30.9   1411823098867.0
          687.0              40.0              50.0              30.9   1411823099872.0
          688.0              40.0              50.0              30.9   1411823100871.0
          689.0              40.0              50.0              30.8   1411823101873.0
          690.0              40.0              50.0              30.7   1411823102871.0
          691.0              40.0              50.0              30.8   1411823103875.0
          692.0              40.0              50.0              30.8   1411823104875.0
          693.0              40.0              50.0              30.8   1411823105875.0
          694.0              40.0              50.0              30.9   1411823106874.0
          695.0              40.0              50.0              31.0   1411823107875.0
          696.0              40.0              50.0              30.9   1411823108875.0
          697.0              40.0              50.0              30.9   1411823109876.0
          698.0              40.0              50.0              30.9   1411823110871.0
          699.0              40.0              50.0              31.1   1411823111876.0
          700.0              40.0              50.0              31.1   1411823112874.0
          701.0              40.0              50.0              31.1   1411823113875.0
          702.0              40.0              50.0              31.2   1411823114875.0
          703.0              40.0              50.0              31.2   1411823115875.0
          704.0              40.0              50.0              31.4   1411823116875.0
          705.0              40.0              50.0              31.2   1411823117875.0
          706.0              40.0              50.0              31.2   1411823118875.0
          707.0              40.0              50.0              31.4   1411823119875.0
          708.0              40.0              50.0              31.4   1411823120875.0
          709.0              40.0              50.0              31.1   1411823121875.0
          710.0              40.0              50.0              31.1   1411823122875.0
          711.0              40.0              50.0              31.4   1411823123875.0
          712.0              40.0              50.0              31.2   1411823124876.0
          713.0              40.0              50.0              31.2   1411823125875.0
          714.0              40.0              50.0              31.2   1411823126876.0
          715.0              40.0              50.0              31.2   1411823127875.0
          716.0              40.0              50.0              31.1   1411823128875.0
          717.0              40.0              50.0              31.2   1411823129876.0
          718.0              40.0              50.0              31.2   1411823130875.0
          719.0              40.0              50.0              31.4   1411823131875.0
          720.0              40.0              50.0              31.1   1411823132874.0
          721.0              40.0              50.0              31.2   1411823133876.0
          722.0              40.0              50.0              31.4   1411823134875.0
          723.0              40.0              50.0              31.4   1411823135876.0
          724.0              40.0              50.0              31.4   1411823136876.0
          725.0              40.0              50.0              31.4   1411823137875.0
          726.0              40.0              50.0              31.4   1411823138875.0
          727.0              40.0              50.0              31.4   1411823139875.0
          728.0              40.0              50.0              31.4   1411823140875.0
          729.0              40.0              50.0              31.4   1411823141875.0
          730.0              40.0              50.0              31.2   1411823142875.0
          731.0              40.0              50.0              31.2   1411823143875.0
          732.0              40.0              50.0              31.2   1411823144874.0
          733.0              40.0              50.0              31.1   1411823145874.0
          734.0              40.0              50.0              31.1   1411823146875.0
          735.0              40.0              50.0              31.1   1411823147876.0
          736.0              40.0              50.0              30.9   1411823148875.0
          737.0              40.0              50.0              31.1   1411823149875.0
          738.0              40.0              50.0              30.9   1411823150875.0
          739.0              40.0              50.0              30.8   1411823151875.0
          740.0              40.0              50.0              30.8   1411823152876.0
          741.0              40.0              50.0              30.7   1411823153876.0
          742.0              40.0              50.0              30.7   1411823154875.0
          743.0              40.0              50.0              30.8   1411823155876.0
          744.0              40.0              50.0              30.7   1411823156875.0
          745.0              40.0              50.0              30.8   1411823157875.0
          746.0              40.0              50.0              30.9   1411823158875.0
          747.0              40.0              50.0              30.9   1411823159875.0
          748.0              40.0              50.0              30.9   1411823160875.0
          749.0              40.0              50.0              31.1   1411823161875.0
          750.0              40.0              50.0              30.9   1411823162875.0
          751.0              40.0              50.0              31.0   1411823163876.0
          752.0              40.0              50.0              31.0   1411823164875.0
          753.0              40.0              50.0              31.0   1411823165875.0
          754.0              40.0              50.0              31.1   1411823166875.0
          755.0              40.0              50.0              30.9   1411823167875.0
          756.0              40.0              50.0              30.9   1411823168876.0
          757.0              40.0              50.0              30.8   1411823169875.0
          758.0              40.0              50.0              30.8   1411823170875.0
          759.0              40.0              50.0              30.9   1411823171875.0
          760.0              40.0              50.0              30.9   1411823172875.0
          761.0              40.0              50.0              30.9   1411823173875.0
          762.0              40.0              50.0              30.9   1411823174876.0
          763.0              40.0              50.0              30.9   1411823175876.0
          764.0              40.0              50.0              30.9   1411823176876.0
          765.0              40.0              50.0              30.9   1411823177875.0
          766.0              40.0              50.0              30.8   1411823178875.0
          767.0              40.0              50.0              30.8   1411823179875.0
          768.0              40.0              50.0              30.9   1411823180875.0
          769.0              40.0              50.0              30.7   1411823181875.0
          770.0              40.0              50.0              30.8   1411823182875.0
          771.0              40.0              50.0              30.9   1411823183875.0
          772.0              40.0              50.0              30.8   1411823184875.0
          773.0              40.0              50.0              30.7   1411823185875.0
          774.0              40.0              50.0              30.8   1411823186875.0
          775.0              40.0              50.0              30.8   1411823187875.0
          776.0              40.0              50.0              30.8   1411823188876.0
          777.0              40.0              50.0              30.9   1411823189875.0
          778.0              40.0              50.0              30.9   1411823190876.0
          779.0              40.0              50.0              30.8   1411823191875.0
          780.0              40.0              50.0              30.8   1411823192875.0
          781.0              40.0              50.0              30.8   1411823193875.0
          782.0              40.0              50.0              31.1   1411823194875.0
          783.0              40.0              50.0              30.8   1411823195875.0
          784.0              40.0              50.0              30.8   1411823196875.0
          785.0              40.0              50.0              30.8   1411823197874.0
          786.0              40.0              50.0              30.8   1411823198870.0
          787.0              40.0              50.0              30.9   1411823199875.0
          788.0              40.0              50.0              30.7   1411823200875.0
          789.0              40.0              50.0              30.9   1411823201875.0
          790.0              40.0              50.0              30.8   1411823202876.0
          791.0              40.0              50.0              30.8   1411823203877.0
          792.0              40.0              50.0              31.0   1411823204876.0
          793.0              40.0              50.0              30.8   1411823205875.0
          794.0              40.0              50.0              31.0   1411823206875.0
          795.0              40.0              50.0              30.9   1411823207875.0
          796.0              40.0              50.0              30.8   1411823208875.0
          797.0              40.0              50.0              31.1   1411823209875.0
          798.0              40.0              50.0              31.0   1411823210876.0
          799.0              40.0              50.0              31.1   1411823211876.0
          800.0              40.0              50.0              31.1   1411823212877.0
          801.0              40.0              50.0              31.1   1411823213876.0
          802.0              40.0              50.0              31.1   1411823214875.0
          803.0              40.0              50.0              31.2   1411823215874.0
          804.0              40.0              50.0              31.1   1411823216875.0
          805.0              40.0              50.0              31.2   1411823217872.0
          806.0              40.0              50.0              31.1   1411823218872.0
          807.0              40.0              50.0              31.0   1411823219874.0
          808.0              40.0              50.0              31.0   1411823220870.0
          809.0              40.0              50.0              31.0   1411823221875.0
          810.0              40.0              50.0              31.1   1411823222874.0
          811.0              40.0              50.0              31.0   1411823223867.0
          812.0              40.0              50.0              31.0   1411823224876.0
          813.0              40.0              50.0              31.0   1411823225871.0
          814.0              40.0              50.0              31.2   1411823226876.0
          815.0              40.0              50.0              31.1   1411823227874.0
          816.0              40.0              50.0              31.1   1411823228874.0
          817.0              40.0              50.0              31.1   1411823229874.0
          818.0              40.0              50.0              31.0   1411823230875.0
          819.0              40.0              50.0              31.0   1411823231874.0
          820.0              40.0              50.0              31.2   1411823232871.0
          821.0              40.0              50.0              31.1   1411823233869.0
          822.0              40.0              50.0              31.1   1411823234870.0
          823.0              40.0              50.0              31.0   1411823235868.0
          824.0              40.0              50.0              31.1   1411823236870.0
          825.0              40.0              50.0              31.4   1411823237870.0
          826.0              40.0              50.0              31.1   1411823238875.0
          827.0              40.0              50.0              31.1   1411823239874.0
          828.0              40.0              50.0              31.4   1411823240874.0
          829.0              40.0              50.0              31.1   1411823241872.0
          830.0              40.0              50.0              31.2   1411823242875.0
          831.0              40.0              50.0              31.5   1411823243874.0
          832.0              40.0              50.0              31.2   1411823244875.0
          833.0              40.0              50.0              31.5   1411823245875.0
          834.0              40.0              50.0              31.5   1411823246872.0
          835.0              40.0              50.0              31.2   1411823247875.0
          836.0              40.0              50.0              31.4   1411823248874.0
          837.0              40.0              50.0              31.2   1411823249875.0
          838.0              40.0              50.0              31.4   1411823250876.0
          839.0              40.0              50.0              31.1   1411823251875.0
          840.0              40.0              50.0              31.2   1411823252874.0
          841.0              40.0              50.0              31.2   1411823253866.0
          842.0              40.0              50.0              31.5   1411823254872.0
          843.0              40.0              50.0              31.5   1411823255873.0
          844.0              40.0              50.0              31.2   1411823256874.0
          845.0              40.0              50.0              31.2   1411823257905.0
          846.0              40.0              50.0              31.4   1411823258867.0
          847.0              40.0              50.0              31.4   1411823259873.0
          848.0              40.0              50.0              31.2   1411823260875.0
          849.0              40.0              50.0              31.2   1411823261870.0
          850.0              40.0              50.0              31.4   1411823262875.0
          851.0              40.0              50.0              31.1   1411823263875.0
          852.0              40.0              50.0              31.1   1411823264875.0
          853.0              40.0              50.0              31.1   1411823265875.0
          854.0              40.0              50.0              31.2   1411823266875.0
          855.0              40.0              50.0              31.2   1411823267875.0
          856.0              40.0              50.0              31.2   1411823268874.0
          857.0              40.0              50.0              31.1   1411823269874.0
          858.0              40.0              50.0              31.2   1411823270866.0
          859.0              40.0              50.0              31.2   1411823271875.0
          860.0              40.0              50.0              31.2   1411823272869.0
          861.0              40.0              50.0              31.0   1411823273873.0
          862.0              40.0              50.0              31.1   1411823274869.0
          863.0              40.0              50.0              31.1   1411823275867.0
          864.0              40.0              50.0              31.2   1411823276867.0
          865.0              40.0              50.0              31.1   1411823277876.0
          866.0              40.0              50.0              31.2   1411823278872.0
          867.0              40.0              50.0              31.4   1411823279874.0
          868.0              40.0              50.0              31.0   1411823280877.0
