0.50000E+02 0.50000E+02 0.27000E+02
0.10000E+01 0.50000E+02 0.50000E+02 0.27000E+02
0.20000E+01 0.50000E+02 0.50000E+02 0.29300E+02
0.30000E+01 0.50000E+02 0.50000E+02 0.29300E+02
0.40000E+01 0.50000E+02 0.50000E+02 0.29300E+02
0.50000E+01 0.50000E+02 0.50000E+02 0.29300E+02
0.60000E+01 0.50000E+02 0.50000E+02 0.29300E+02
0.70000E+01 0.50000E+02 0.50000E+02 0.29300E+02
0.80000E+01 0.50000E+02 0.50000E+02 0.29100E+02
0.90000E+01 0.50000E+02 0.50000E+02 0.29100E+02
0.10000E+02 0.50000E+02 0.50000E+02 0.29100E+02
0.11000E+02 0.50000E+02 0.50000E+02 0.29100E+02
0.12000E+02 0.50000E+02 0.50000E+02 0.29000E+02
0.13000E+02 0.50000E+02 0.50000E+02 0.29000E+02
0.14000E+02 0.50000E+02 0.50000E+02 0.29100E+02
0.15000E+02 0.50000E+02 0.50000E+02 0.29100E+02
0.16000E+02 0.50000E+02 0.50000E+02 0.29100E+02
0.17000E+02 0.50000E+02 0.50000E+02 0.29100E+02
0.18000E+02 0.50000E+02 0.50000E+02 0.29100E+02
0.19000E+02 0.50000E+02 0.50000E+02 0.29100E+02
0.20000E+02 0.50000E+02 0.50000E+02 0.29300E+02
0.21000E+02 0.50000E+02 0.50000E+02 0.29100E+02
0.22000E+02 0.50000E+02 0.50000E+02 0.29300E+02
0.23000E+02 0.50000E+02 0.50000E+02 0.29300E+02
0.24000E+02 0.50000E+02 0.50000E+02 0.29300E+02
0.25000E+02 0.50000E+02 0.50000E+02 0.29300E+02
0.26000E+02 0.50000E+02 0.50000E+02 0.29300E+02
0.27000E+02 0.50000E+02 0.50000E+02 0.29300E+02
0.28000E+02 0.50000E+02 0.50000E+02 0.30200E+02
0.29000E+02 0.50000E+02 0.50000E+02 0.30200E+02
0.30000E+02 0.50000E+02 0.50000E+02 0.30400E+02
0.31000E+02 0.50000E+02 0.50000E+02 0.30300E+02
0.32000E+02 0.50000E+02 0.50000E+02 0.30400E+02
0.33000E+02 0.50000E+02 0.50000E+02 0.30400E+02
0.34000E+02 0.50000E+02 0.50000E+02 0.30500E+02
0.35000E+02 0.50000E+02 0.50000E+02 0.30500E+02
0.36000E+02 0.50000E+02 0.50000E+02 0.30400E+02
0.37000E+02 0.50000E+02 0.50000E+02 0.30500E+02
0.38000E+02 0.50000E+02 0.50000E+02 0.30400E+02
0.39000E+02 0.50000E+02 0.50000E+02 0.30400E+02
0.40000E+02 0.50000E+02 0.50000E+02 0.30500E+02
0.41000E+02 0.50000E+02 0.50000E+02 0.30500E+02
0.42000E+02 0.50000E+02 0.50000E+02 0.30500E+02
0.43000E+02 0.50000E+02 0.50000E+02 0.30700E+02
0.44000E+02 0.50000E+02 0.50000E+02 0.30700E+02
0.45000E+02 0.50000E+02 0.50000E+02 0.30700E+02
0.46000E+02 0.50000E+02 0.50000E+02 0.30700E+02
0.47000E+02 0.50000E+02 0.50000E+02 0.30700E+02
0.48000E+02 0.50000E+02 0.50000E+02 0.30700E+02
0.49000E+02 0.50000E+02 0.50000E+02 0.30700E+02
0.50000E+02 0.50000E+02 0.50000E+02 0.30800E+02
0.51000E+02 0.50000E+02 0.50000E+02 0.30800E+02
0.52000E+02 0.50000E+02 0.50000E+02 0.30800E+02
0.53000E+02 0.50000E+02 0.50000E+02 0.30800E+02
0.54000E+02 0.50000E+02 0.50000E+02 0.30800E+02
0.55000E+02 0.50000E+02 0.50000E+02 0.30800E+02
0.56000E+02 0.50000E+02 0.50000E+02 0.30900E+02
0.57000E+02 0.50000E+02 0.50000E+02 0.30900E+02
0.58000E+02 0.50000E+02 0.50000E+02 0.30900E+02
0.59000E+02 0.50000E+02 0.50000E+02 0.30900E+02
0.60000E+02 0.50000E+02 0.50000E+02 0.31000E+02
0.61000E+02 0.50000E+02 0.50000E+02 0.31000E+02
0.62000E+02 0.50000E+02 0.50000E+02 0.31000E+02
0.63000E+02 0.50000E+02 0.50000E+02 0.31000E+02
0.64000E+02 0.50000E+02 0.50000E+02 0.31000E+02
0.65000E+02 0.50000E+02 0.50000E+02 0.31000E+02
0.66000E+02 0.50000E+02 0.50000E+02 0.31100E+02
0.67000E+02 0.50000E+02 0.50000E+02 0.31100E+02
0.68000E+02 0.50000E+02 0.50000E+02 0.31000E+02
0.69000E+02 0.50000E+02 0.50000E+02 0.31100E+02
0.70000E+02 0.50000E+02 0.50000E+02 0.31200E+02
0.71000E+02 0.50000E+02 0.50000E+02 0.31200E+02
0.72000E+02 0.50000E+02 0.50000E+02 0.31200E+02
0.73000E+02 0.50000E+02 0.50000E+02 0.31200E+02
0.74000E+02 0.50000E+02 0.50000E+02 0.31400E+02
0.75000E+02 0.50000E+02 0.50000E+02 0.31400E+02
0.76000E+02 0.50000E+02 0.50000E+02 0.31200E+02
0.77000E+02 0.50000E+02 0.50000E+02 0.31200E+02
0.78000E+02 0.50000E+02 0.50000E+02 0.31400E+02
0.79000E+02 0.50000E+02 0.50000E+02 0.31200E+02
0.80000E+02 0.50000E+02 0.50000E+02 0.31500E+02
0.81000E+02 0.50000E+02 0.50000E+02 0.31500E+02
0.82000E+02 0.50000E+02 0.50000E+02 0.31500E+02
0.83000E+02 0.50000E+02 0.50000E+02 0.31500E+02
0.84000E+02 0.50000E+02 0.50000E+02 0.31500E+02
0.85000E+02 0.50000E+02 0.50000E+02 0.31600E+02
0.86000E+02 0.50000E+02 0.50000E+02 0.31500E+02
0.87000E+02 0.50000E+02 0.50000E+02 0.31500E+02
0.88000E+02 0.50000E+02 0.50000E+02 0.31600E+02
0.89000E+02 0.50000E+02 0.50000E+02 0.31600E+02
0.90000E+02 0.50000E+02 0.50000E+02 0.31600E+02
0.91000E+02 0.50000E+02 0.50000E+02 0.31600E+02
0.92000E+02 0.50000E+02 0.50000E+02 0.31600E+02
0.93000E+02 0.50000E+02 0.50000E+02 0.31600E+02
0.94000E+02 0.50000E+02 0.50000E+02 0.31600E+02
0.95000E+02 0.50000E+02 0.50000E+02 0.31600E+02
0.96000E+02 0.50000E+02 0.50000E+02 0.31600E+02
0.97000E+02 0.50000E+02 0.50000E+02 0.31600E+02
0.98000E+02 0.50000E+02 0.50000E+02 0.31700E+02
0.99000E+02 0.50000E+02 0.50000E+02 0.31700E+02
0.10000E+03 0.50000E+02 0.50000E+02 0.31700E+02
0.10100E+03 0.50000E+02 0.50000E+02 0.31700E+02
0.10200E+03 0.50000E+02 0.50000E+02 0.31700E+02
0.10300E+03 0.50000E+02 0.50000E+02 0.31700E+02
0.10400E+03 0.50000E+02 0.50000E+02 0.31700E+02
0.10500E+03 0.50000E+02 0.50000E+02 0.31700E+02
0.10600E+03 0.50000E+02 0.50000E+02 0.31700E+02
0.10700E+03 0.50000E+02 0.50000E+02 0.31700E+02
0.10800E+03 0.50000E+02 0.50000E+02 0.31800E+02
0.10900E+03 0.50000E+02 0.50000E+02 0.31800E+02
0.11000E+03 0.50000E+02 0.50000E+02 0.31700E+02
0.11100E+03 0.50000E+02 0.50000E+02 0.31700E+02
0.11200E+03 0.50000E+02 0.50000E+02 0.31700E+02
0.11300E+03 0.50000E+02 0.50000E+02 0.31800E+02
0.11400E+03 0.50000E+02 0.50000E+02 0.31700E+02
0.11500E+03 0.50000E+02 0.50000E+02 0.31700E+02
0.11600E+03 0.50000E+02 0.50000E+02 0.31800E+02
0.11700E+03 0.50000E+02 0.50000E+02 0.31700E+02
0.11800E+03 0.50000E+02 0.50000E+02 0.31700E+02
0.11900E+03 0.50000E+02 0.50000E+02 0.31700E+02
0.12000E+03 0.50000E+02 0.50000E+02 0.31700E+02
0.12100E+03 0.50000E+02 0.50000E+02 0.31700E+02
0.12200E+03 0.50000E+02 0.50000E+02 0.31800E+02
0.12300E+03 0.50000E+02 0.50000E+02 0.31800E+02
0.12400E+03 0.50000E+02 0.50000E+02 0.31800E+02
0.12500E+03 0.50000E+02 0.50000E+02 0.31800E+02
0.12600E+03 0.50000E+02 0.50000E+02 0.31800E+02
0.12700E+03 0.50000E+02 0.50000E+02 0.31800E+02
0.12800E+03 0.50000E+02 0.50000E+02 0.31800E+02
0.12900E+03 0.50000E+02 0.50000E+02 0.31800E+02
0.13000E+03 0.50000E+02 0.50000E+02 0.31800E+02
0.13100E+03 0.50000E+02 0.50000E+02 0.31800E+02
0.13200E+03 0.50000E+02 0.50000E+02 0.31800E+02
0.13300E+03 0.50000E+02 0.50000E+02 0.31800E+02
0.13400E+03 0.50000E+02 0.50000E+02 0.31800E+02
0.13500E+03 0.50000E+02 0.50000E+02 0.31800E+02
0.13600E+03 0.50000E+02 0.50000E+02 0.31800E+02
0.13700E+03 0.50000E+02 0.50000E+02 0.31800E+02
0.13800E+03 0.50000E+02 0.50000E+02 0.31800E+02
0.13900E+03 0.50000E+02 0.50000E+02 0.31800E+02
0.14000E+03 0.50000E+02 0.50000E+02 0.31900E+02
0.14100E+03 0.50000E+02 0.50000E+02 0.31900E+02
0.14200E+03 0.50000E+02 0.50000E+02 0.31800E+02
0.14300E+03 0.50000E+02 0.50000E+02 0.31800E+02
0.14400E+03 0.50000E+02 0.50000E+02 0.31900E+02
0.14500E+03 0.50000E+02 0.50000E+02 0.31800E+02
0.14600E+03 0.50000E+02 0.50000E+02 0.31800E+02
0.14700E+03 0.50000E+02 0.50000E+02 0.31800E+02
0.14800E+03 0.50000E+02 0.50000E+02 0.32000E+02
0.14900E+03 0.50000E+02 0.50000E+02 0.32000E+02
0.15000E+03 0.50000E+02 0.50000E+02 0.32000E+02
0.15100E+03 0.50000E+02 0.50000E+02 0.32000E+02
0.15200E+03 0.50000E+02 0.50000E+02 0.32000E+02
0.15300E+03 0.50000E+02 0.50000E+02 0.32000E+02
0.15400E+03 0.50000E+02 0.50000E+02 0.32000E+02
0.15500E+03 0.50000E+02 0.50000E+02 0.32000E+02
0.15600E+03 0.50000E+02 0.50000E+02 0.32000E+02
0.15700E+03 0.50000E+02 0.50000E+02 0.32200E+02
0.15800E+03 0.50000E+02 0.50000E+02 0.32200E+02
0.15900E+03 0.50000E+02 0.50000E+02 0.32300E+02
0.16000E+03 0.50000E+02 0.50000E+02 0.32300E+02
0.16100E+03 0.50000E+02 0.50000E+02 0.32300E+02
0.16200E+03 0.50000E+02 0.50000E+02 0.32300E+02
0.16300E+03 0.50000E+02 0.50000E+02 0.32300E+02
0.16400E+03 0.50000E+02 0.50000E+02 0.32300E+02
0.16500E+03 0.50000E+02 0.50000E+02 0.32300E+02
0.16600E+03 0.50000E+02 0.50000E+02 0.32300E+02
0.16700E+03 0.50000E+02 0.50000E+02 0.32300E+02
0.16800E+03 0.50000E+02 0.50000E+02 0.32400E+02
0.16900E+03 0.50000E+02 0.50000E+02 0.32400E+02
0.17000E+03 0.50000E+02 0.50000E+02 0.32400E+02
0.17100E+03 0.50000E+02 0.50000E+02 0.32400E+02
0.17200E+03 0.50000E+02 0.50000E+02 0.32400E+02
0.17300E+03 0.50000E+02 0.50000E+02 0.32400E+02
0.17400E+03 0.50000E+02 0.50000E+02 0.32400E+02
0.17500E+03 0.50000E+02 0.50000E+02 0.32400E+02
0.17600E+03 0.50000E+02 0.50000E+02 0.32400E+02
0.17700E+03 0.50000E+02 0.50000E+02 0.32400E+02
0.17800E+03 0.50000E+02 0.50000E+02 0.32400E+02
0.17900E+03 0.50000E+02 0.50000E+02 0.32400E+02
0.18000E+03 0.50000E+02 0.50000E+02 0.32500E+02
0.18100E+03 0.50000E+02 0.50000E+02 0.32500E+02
0.18200E+03 0.50000E+02 0.50000E+02 0.32500E+02
0.18300E+03 0.50000E+02 0.50000E+02 0.32500E+02
0.18400E+03 0.50000E+02 0.50000E+02 0.32500E+02
0.18500E+03 0.50000E+02 0.50000E+02 0.32500E+02
0.18600E+03 0.50000E+02 0.50000E+02 0.32600E+02
0.18700E+03 0.50000E+02 0.50000E+02 0.32600E+02
0.18800E+03 0.50000E+02 0.50000E+02 0.32500E+02
0.18900E+03 0.50000E+02 0.50000E+02 0.32500E+02
0.19000E+03 0.50000E+02 0.50000E+02 0.32500E+02
0.19100E+03 0.50000E+02 0.50000E+02 0.32600E+02
0.19200E+03 0.50000E+02 0.50000E+02 0.32500E+02
0.19300E+03 0.50000E+02 0.50000E+02 0.32500E+02
0.19400E+03 0.50000E+02 0.50000E+02 0.32600E+02
0.19500E+03 0.50000E+02 0.50000E+02 0.32500E+02
0.19600E+03 0.50000E+02 0.50000E+02 0.32600E+02
0.19700E+03 0.50000E+02 0.50000E+02 0.32600E+02
0.19800E+03 0.50000E+02 0.50000E+02 0.32600E+02
0.19900E+03 0.50000E+02 0.50000E+02 0.32600E+02
0.20000E+03 0.50000E+02 0.50000E+02 0.32600E+02
0.20100E+03 0.50000E+02 0.50000E+02 0.32600E+02
0.20200E+03 0.50000E+02 0.50000E+02 0.32600E+02
0.20300E+03 0.50000E+02 0.50000E+02 0.32600E+02
0.20400E+03 0.50000E+02 0.50000E+02 0.32700E+02
0.20500E+03 0.50000E+02 0.50000E+02 0.32700E+02
0.20600E+03 0.50000E+02 0.50000E+02 0.32700E+02
0.20700E+03 0.50000E+02 0.50000E+02 0.32700E+02
0.20800E+03 0.50000E+02 0.50000E+02 0.32600E+02
0.20900E+03 0.50000E+02 0.50000E+02 0.32900E+02
0.21000E+03 0.50000E+02 0.50000E+02 0.32700E+02
0.21100E+03 0.50000E+02 0.50000E+02 0.32700E+02
0.21200E+03 0.50000E+02 0.50000E+02 0.32700E+02
0.21300E+03 0.50000E+02 0.50000E+02 0.32700E+02
0.21400E+03 0.50000E+02 0.50000E+02 0.32700E+02
0.21500E+03 0.50000E+02 0.50000E+02 0.32700E+02
0.21600E+03 0.50000E+02 0.50000E+02 0.32700E+02
0.21700E+03 0.50000E+02 0.50000E+02 0.32700E+02
0.21800E+03 0.50000E+02 0.50000E+02 0.32700E+02
0.21900E+03 0.50000E+02 0.50000E+02 0.32700E+02
0.22000E+03 0.50000E+02 0.50000E+02 0.32700E+02
0.22100E+03 0.50000E+02 0.50000E+02 0.32700E+02
0.22200E+03 0.50000E+02 0.50000E+02 0.32700E+02
0.22300E+03 0.50000E+02 0.50000E+02 0.32600E+02
0.22400E+03 0.50000E+02 0.50000E+02 0.32700E+02
0.22500E+03 0.50000E+02 0.50000E+02 0.32700E+02
0.22600E+03 0.50000E+02 0.50000E+02 0.32700E+02
0.22700E+03 0.50000E+02 0.50000E+02 0.32700E+02
0.22800E+03 0.50000E+02 0.50000E+02 0.32700E+02
0.22900E+03 0.50000E+02 0.50000E+02 0.32700E+02
0.23000E+03 0.50000E+02 0.50000E+02 0.32900E+02
0.23100E+03 0.50000E+02 0.50000E+02 0.32900E+02
0.23200E+03 0.50000E+02 0.50000E+02 0.32900E+02
0.23300E+03 0.50000E+02 0.50000E+02 0.32900E+02
0.23400E+03 0.50000E+02 0.50000E+02 0.33000E+02
0.23500E+03 0.50000E+02 0.50000E+02 0.33000E+02
0.23600E+03 0.50000E+02 0.50000E+02 0.32900E+02
0.23700E+03 0.50000E+02 0.50000E+02 0.32900E+02
0.23800E+03 0.50000E+02 0.50000E+02 0.32700E+02
0.23900E+03 0.50000E+02 0.50000E+02 0.32700E+02
0.24000E+03 0.50000E+02 0.50000E+02 0.32900E+02
0.24100E+03 0.50000E+02 0.50000E+02 0.32900E+02
0.24200E+03 0.50000E+02 0.50000E+02 0.32700E+02
0.24300E+03 0.50000E+02 0.50000E+02 0.32700E+02
0.24400E+03 0.50000E+02 0.50000E+02 0.32900E+02
0.24500E+03 0.50000E+02 0.50000E+02 0.32900E+02
0.24600E+03 0.50000E+02 0.50000E+02 0.32700E+02
0.24700E+03 0.50000E+02 0.50000E+02 0.32700E+02
0.24800E+03 0.50000E+02 0.50000E+02 0.32700E+02
0.24900E+03 0.50000E+02 0.50000E+02 0.32700E+02
0.25000E+03 0.50000E+02 0.50000E+02 0.32700E+02
0.25100E+03 0.50000E+02 0.50000E+02 0.32700E+02
0.25200E+03 0.50000E+02 0.50000E+02 0.32900E+02
0.25300E+03 0.50000E+02 0.50000E+02 0.32700E+02
0.25400E+03 0.50000E+02 0.50000E+02 0.32900E+02
0.25500E+03 0.50000E+02 0.50000E+02 0.32900E+02
0.25600E+03 0.50000E+02 0.50000E+02 0.32900E+02
0.25700E+03 0.50000E+02 0.50000E+02 0.32900E+02
0.25800E+03 0.50000E+02 0.50000E+02 0.32900E+02
0.25900E+03 0.50000E+02 0.50000E+02 0.32900E+02
0.26000E+03 0.50000E+02 0.50000E+02 0.33000E+02
0.26100E+03 0.50000E+02 0.50000E+02 0.33000E+02
0.26200E+03 0.50000E+02 0.50000E+02 0.32900E+02
0.26300E+03 0.50000E+02 0.50000E+02 0.32900E+02
0.26400E+03 0.50000E+02 0.50000E+02 0.33000E+02
0.26500E+03 0.50000E+02 0.50000E+02 0.33000E+02
0.26600E+03 0.50000E+02 0.50000E+02 0.33100E+02
0.26700E+03 0.50000E+02 0.50000E+02 0.33000E+02
0.26800E+03 0.50000E+02 0.50000E+02 0.33000E+02
0.26900E+03 0.50000E+02 0.50000E+02 0.33000E+02
0.27000E+03 0.50000E+02 0.50000E+02 0.33000E+02
0.27100E+03 0.50000E+02 0.50000E+02 0.33000E+02
0.27200E+03 0.50000E+02 0.50000E+02 0.33000E+02
0.27300E+03 0.50000E+02 0.50000E+02 0.33000E+02
0.27400E+03 0.50000E+02 0.50000E+02 0.33000E+02
0.27500E+03 0.50000E+02 0.50000E+02 0.33000E+02
0.27600E+03 0.50000E+02 0.50000E+02 0.33000E+02
0.27700E+03 0.50000E+02 0.50000E+02 0.33000E+02
0.27800E+03 0.50000E+02 0.50000E+02 0.33000E+02
0.27900E+03 0.50000E+02 0.50000E+02 0.33000E+02
0.28000E+03 0.50000E+02 0.50000E+02 0.33000E+02
0.28100E+03 0.50000E+02 0.50000E+02 0.32900E+02
0.28200E+03 0.50000E+02 0.50000E+02 0.33000E+02
0.28300E+03 0.50000E+02 0.50000E+02 0.32900E+02
0.28400E+03 0.50000E+02 0.50000E+02 0.33000E+02
0.28500E+03 0.50000E+02 0.50000E+02 0.33000E+02
0.28600E+03 0.50000E+02 0.50000E+02 0.32900E+02
0.28700E+03 0.50000E+02 0.50000E+02 0.32900E+02
0.28800E+03 0.50000E+02 0.50000E+02 0.32900E+02
0.28900E+03 0.50000E+02 0.50000E+02 0.32900E+02
0.29000E+03 0.50000E+02 0.50000E+02 0.32900E+02
0.29100E+03 0.50000E+02 0.50000E+02 0.32900E+02
0.29200E+03 0.50000E+02 0.50000E+02 0.33000E+02
0.29300E+03 0.50000E+02 0.50000E+02 0.33000E+02
0.29400E+03 0.50000E+02 0.50000E+02 0.32900E+02
0.29500E+03 0.50000E+02 0.50000E+02 0.32900E+02
0.29600E+03 0.50000E+02 0.50000E+02 0.33000E+02
0.29700E+03 0.50000E+02 0.50000E+02 0.33000E+02
0.29800E+03 0.50000E+02 0.50000E+02 0.33000E+02
0.29900E+03 0.50000E+02 0.50000E+02 0.33000E+02
0.30000E+03 0.50000E+02 0.50000E+02 0.33000E+02
0.30100E+03 0.50000E+02 0.50000E+02 0.33000E+02
0.30200E+03 0.50000E+02 0.50000E+02 0.33000E+02
0.30300E+03 0.50000E+02 0.50000E+02 0.33000E+02
0.30400E+03 0.50000E+02 0.50000E+02 0.33000E+02
0.30500E+03 0.50000E+02 0.50000E+02 0.33000E+02
0.30600E+03 0.50000E+02 0.50000E+02 0.33000E+02
0.30700E+03 0.50000E+02 0.50000E+02 0.33000E+02
0.30800E+03 0.50000E+02 0.50000E+02 0.33000E+02
0.30900E+03 0.50000E+02 0.50000E+02 0.33000E+02
0.31000E+03 0.50000E+02 0.50000E+02 0.32900E+02
0.31100E+03 0.50000E+02 0.50000E+02 0.32900E+02
0.31200E+03 0.50000E+02 0.50000E+02 0.32900E+02
0.31300E+03 0.50000E+02 0.50000E+02 0.32900E+02
0.31400E+03 0.50000E+02 0.50000E+02 0.32700E+02
0.31500E+03 0.50000E+02 0.50000E+02 0.32900E+02
0.31600E+03 0.50000E+02 0.50000E+02 0.32900E+02
0.31700E+03 0.50000E+02 0.50000E+02 0.32900E+02
0.31800E+03 0.50000E+02 0.50000E+02 0.32900E+02
0.31900E+03 0.50000E+02 0.50000E+02 0.32900E+02
0.32000E+03 0.50000E+02 0.50000E+02 0.33000E+02
0.32100E+03 0.50000E+02 0.50000E+02 0.33000E+02
0.32200E+03 0.50000E+02 0.50000E+02 0.32900E+02
0.32300E+03 0.50000E+02 0.50000E+02 0.32900E+02
0.32400E+03 0.50000E+02 0.50000E+02 0.32900E+02
0.32500E+03 0.50000E+02 0.50000E+02 0.32900E+02
0.32600E+03 0.50000E+02 0.50000E+02 0.32900E+02
0.32700E+03 0.50000E+02 0.50000E+02 0.32900E+02
0.32800E+03 0.50000E+02 0.50000E+02 0.32900E+02
0.32900E+03 0.50000E+02 0.50000E+02 0.32900E+02
0.33000E+03 0.50000E+02 0.50000E+02 0.32900E+02
0.33100E+03 0.50000E+02 0.50000E+02 0.32900E+02
0.33200E+03 0.50000E+02 0.50000E+02 0.32900E+02
0.33300E+03 0.50000E+02 0.50000E+02 0.32900E+02
0.33400E+03 0.50000E+02 0.50000E+02 0.32700E+02
0.33500E+03 0.50000E+02 0.50000E+02 0.32700E+02
0.33600E+03 0.50000E+02 0.50000E+02 0.32900E+02
0.33700E+03 0.50000E+02 0.50000E+02 0.32900E+02
0.33800E+03 0.50000E+02 0.50000E+02 0.32700E+02
0.33900E+03 0.50000E+02 0.50000E+02 0.32900E+02
0.34000E+03 0.50000E+02 0.50000E+02 0.32900E+02
0.34100E+03 0.50000E+02 0.50000E+02 0.32900E+02
0.34200E+03 0.50000E+02 0.50000E+02 0.32700E+02
0.34300E+03 0.50000E+02 0.50000E+02 0.32700E+02
0.34400E+03 0.50000E+02 0.50000E+02 0.32700E+02
0.34500E+03 0.50000E+02 0.50000E+02 0.32700E+02
0.34600E+03 0.50000E+02 0.50000E+02 0.32900E+02
0.34700E+03 0.50000E+02 0.50000E+02 0.32700E+02
0.34800E+03 0.50000E+02 0.50000E+02 0.32700E+02
0.34900E+03 0.50000E+02 0.50000E+02 0.32700E+02
0.35000E+03 0.50000E+02 0.50000E+02 0.32700E+02
0.35100E+03 0.50000E+02 0.50000E+02 0.32600E+02
0.35200E+03 0.50000E+02 0.50000E+02 0.32600E+02
0.35300E+03 0.50000E+02 0.50000E+02 0.32600E+02
0.35400E+03 0.50000E+02 0.50000E+02 0.32600E+02
0.35500E+03 0.50000E+02 0.50000E+02 0.32600E+02
0.35600E+03 0.50000E+02 0.50000E+02 0.32600E+02
0.35700E+03 0.50000E+02 0.50000E+02 0.32600E+02
0.35800E+03 0.50000E+02 0.50000E+02 0.32700E+02
0.35900E+03 0.50000E+02 0.50000E+02 0.32700E+02
0.36000E+03 0.50000E+02 0.50000E+02 0.32700E+02
0.36100E+03 0.50000E+02 0.50000E+02 0.32700E+02
0.36200E+03 0.50000E+02 0.50000E+02 0.32700E+02
0.36300E+03 0.50000E+02 0.50000E+02 0.32700E+02
0.36400E+03 0.50000E+02 0.50000E+02 0.32900E+02
0.36500E+03 0.50000E+02 0.50000E+02 0.32900E+02
0.36600E+03 0.50000E+02 0.50000E+02 0.32900E+02
0.36700E+03 0.50000E+02 0.50000E+02 0.32700E+02
0.36800E+03 0.50000E+02 0.50000E+02 0.32700E+02
0.36900E+03 0.50000E+02 0.50000E+02 0.32700E+02
0.37000E+03 0.50000E+02 0.50000E+02 0.32700E+02
0.37100E+03 0.50000E+02 0.50000E+02 0.32600E+02
0.37200E+03 0.50000E+02 0.50000E+02 0.32700E+02
0.37300E+03 0.50000E+02 0.50000E+02 0.32700E+02
0.37400E+03 0.50000E+02 0.50000E+02 0.32700E+02
0.37500E+03 0.50000E+02 0.50000E+02 0.32700E+02
0.37600E+03 0.50000E+02 0.50000E+02 0.32700E+02
0.37700E+03 0.50000E+02 0.50000E+02 0.32700E+02
0.37800E+03 0.50000E+02 0.50000E+02 0.32700E+02
0.37900E+03 0.50000E+02 0.50000E+02 0.32700E+02
0.38000E+03 0.50000E+02 0.50000E+02 0.32700E+02
0.38100E+03 0.50000E+02 0.50000E+02 0.32900E+02
0.38200E+03 0.50000E+02 0.50000E+02 0.32900E+02
0.38300E+03 0.50000E+02 0.50000E+02 0.32900E+02
0.38400E+03 0.50000E+02 0.50000E+02 0.32900E+02
0.38500E+03 0.50000E+02 0.50000E+02 0.32900E+02
0.38600E+03 0.50000E+02 0.50000E+02 0.32900E+02
0.38700E+03 0.50000E+02 0.50000E+02 0.32900E+02
0.38800E+03 0.50000E+02 0.50000E+02 0.32900E+02
0.38900E+03 0.50000E+02 0.50000E+02 0.32900E+02
0.39000E+03 0.50000E+02 0.50000E+02 0.32700E+02
0.39100E+03 0.50000E+02 0.50000E+02 0.32700E+02
0.39200E+03 0.50000E+02 0.50000E+02 0.32700E+02
0.39300E+03 0.50000E+02 0.50000E+02 0.32700E+02
0.39400E+03 0.50000E+02 0.50000E+02 0.32700E+02
0.39500E+03 0.50000E+02 0.50000E+02 0.32700E+02
0.39600E+03 0.50000E+02 0.50000E+02 0.32700E+02
0.39700E+03 0.50000E+02 0.50000E+02 0.32700E+02
0.39800E+03 0.50000E+02 0.50000E+02 0.32700E+02
0.39900E+03 0.50000E+02 0.50000E+02 0.32700E+02
0.40000E+03 0.50000E+02 0.50000E+02 0.32600E+02
0.40100E+03 0.50000E+02 0.50000E+02 0.32600E+02
0.40200E+03 0.50000E+02 0.50000E+02 0.32600E+02
0.40300E+03 0.50000E+02 0.50000E+02 0.32600E+02
0.40400E+03 0.50000E+02 0.50000E+02 0.32600E+02
0.40500E+03 0.50000E+02 0.50000E+02 0.32600E+02
0.40600E+03 0.50000E+02 0.50000E+02 0.32600E+02
0.40700E+03 0.50000E+02 0.50000E+02 0.32600E+02
0.40800E+03 0.50000E+02 0.50000E+02 0.32600E+02
0.40900E+03 0.50000E+02 0.50000E+02 0.32600E+02
0.41000E+03 0.50000E+02 0.50000E+02 0.32700E+02
0.41100E+03 0.50000E+02 0.50000E+02 0.32700E+02
0.41200E+03 0.50000E+02 0.50000E+02 0.32600E+02
0.41300E+03 0.50000E+02 0.50000E+02 0.32600E+02
0.41400E+03 0.50000E+02 0.50000E+02 0.32700E+02
0.41500E+03 0.50000E+02 0.50000E+02 0.32900E+02
0.41600E+03 0.50000E+02 0.50000E+02 0.32900E+02
0.41700E+03 0.50000E+02 0.50000E+02 0.32900E+02
0.41800E+03 0.50000E+02 0.50000E+02 0.32900E+02
0.41900E+03 0.50000E+02 0.50000E+02 0.32900E+02
0.42000E+03 0.50000E+02 0.50000E+02 0.32900E+02
0.42100E+03 0.50000E+02 0.50000E+02 0.32900E+02
0.42200E+03 0.50000E+02 0.50000E+02 0.32900E+02
0.42300E+03 0.50000E+02 0.50000E+02 0.32900E+02
0.42400E+03 0.50000E+02 0.50000E+02 0.32900E+02
0.42500E+03 0.50000E+02 0.50000E+02 0.32900E+02
0.42600E+03 0.50000E+02 0.50000E+02 0.32900E+02
0.42700E+03 0.50000E+02 0.50000E+02 0.32900E+02
0.42800E+03 0.50000E+02 0.50000E+02 0.32900E+02
0.42900E+03 0.50000E+02 0.50000E+02 0.32900E+02
0.43000E+03 0.50000E+02 0.50000E+02 0.32900E+02
0.43100E+03 0.50000E+02 0.50000E+02 0.32900E+02
0.43200E+03 0.50000E+02 0.50000E+02 0.32900E+02
0.43300E+03 0.50000E+02 0.50000E+02 0.33000E+02
0.43400E+03 0.50000E+02 0.50000E+02 0.33000E+02
0.43500E+03 0.50000E+02 0.50000E+02 0.33000E+02
0.43600E+03 0.50000E+02 0.50000E+02 0.32900E+02
0.43700E+03 0.50000E+02 0.50000E+02 0.32900E+02
0.43800E+03 0.50000E+02 0.50000E+02 0.33000E+02
0.43900E+03 0.50000E+02 0.50000E+02 0.33000E+02
0.44000E+03 0.50000E+02 0.50000E+02 0.33000E+02
0.44100E+03 0.50000E+02 0.50000E+02 0.33000E+02
0.44200E+03 0.50000E+02 0.50000E+02 0.33000E+02
0.44300E+03 0.50000E+02 0.50000E+02 0.33000E+02
0.44400E+03 0.50000E+02 0.50000E+02 0.33000E+02
0.44500E+03 0.50000E+02 0.50000E+02 0.33000E+02
0.44600E+03 0.50000E+02 0.50000E+02 0.33000E+02
0.44700E+03 0.50000E+02 0.50000E+02 0.33000E+02
0.44800E+03 0.50000E+02 0.50000E+02 0.33000E+02
0.44900E+03 0.50000E+02 0.50000E+02 0.33000E+02
0.45000E+03 0.50000E+02 0.50000E+02 0.33000E+02
0.45100E+03 0.50000E+02 0.50000E+02 0.32900E+02
0.45200E+03 0.50000E+02 0.50000E+02 0.32900E+02
0.45300E+03 0.50000E+02 0.50000E+02 0.32900E+02
0.45400E+03 0.50000E+02 0.50000E+02 0.33000E+02
0.45500E+03 0.50000E+02 0.50000E+02 0.33000E+02
0.45600E+03 0.50000E+02 0.50000E+02 0.33000E+02
0.45700E+03 0.50000E+02 0.50000E+02 0.32900E+02
0.45800E+03 0.50000E+02 0.50000E+02 0.32900E+02
0.45900E+03 0.50000E+02 0.50000E+02 0.32900E+02
0.46000E+03 0.50000E+02 0.50000E+02 0.32900E+02
0.46100E+03 0.50000E+02 0.50000E+02 0.32900E+02
0.46200E+03 0.50000E+02 0.50000E+02 0.32900E+02
0.46300E+03 0.50000E+02 0.50000E+02 0.33000E+02
0.46400E+03 0.50000E+02 0.50000E+02 0.33000E+02
0.46500E+03 0.50000E+02 0.50000E+02 0.33000E+02
0.46600E+03 0.50000E+02 0.50000E+02 0.33000E+02
0.46700E+03 0.50000E+02 0.50000E+02 0.33000E+02
0.46800E+03 0.50000E+02 0.50000E+02 0.33100E+02
0.46900E+03 0.50000E+02 0.50000E+02 0.33100E+02
0.47000E+03 0.50000E+02 0.50000E+02 0.33100E+02
0.47100E+03 0.50000E+02 0.50000E+02 0.33100E+02
0.47200E+03 0.50000E+02 0.50000E+02 0.33100E+02
0.47300E+03 0.50000E+02 0.50000E+02 0.33100E+02
0.47400E+03 0.50000E+02 0.50000E+02 0.33000E+02
0.47500E+03 0.50000E+02 0.50000E+02 0.33000E+02
0.47600E+03 0.50000E+02 0.50000E+02 0.33100E+02
0.47700E+03 0.50000E+02 0.50000E+02 0.33100E+02
0.47800E+03 0.50000E+02 0.50000E+02 0.33100E+02
0.47900E+03 0.50000E+02 0.50000E+02 0.33100E+02
0.48000E+03 0.50000E+02 0.50000E+02 0.33100E+02
0.48100E+03 0.50000E+02 0.50000E+02 0.33000E+02
0.48200E+03 0.50000E+02 0.50000E+02 0.32900E+02
0.48300E+03 0.50000E+02 0.50000E+02 0.32900E+02
0.48400E+03 0.50000E+02 0.50000E+02 0.33000E+02
0.48500E+03 0.50000E+02 0.50000E+02 0.33000E+02
0.48600E+03 0.50000E+02 0.50000E+02 0.33000E+02
0.48700E+03 0.50000E+02 0.50000E+02 0.32900E+02
0.48800E+03 0.50000E+02 0.50000E+02 0.32900E+02
0.48900E+03 0.50000E+02 0.50000E+02 0.32900E+02
0.49000E+03 0.50000E+02 0.50000E+02 0.33000E+02
0.49100E+03 0.50000E+02 0.50000E+02 0.33000E+02
0.49200E+03 0.50000E+02 0.50000E+02 0.33000E+02
0.49300E+03 0.50000E+02 0.50000E+02 0.33000E+02
0.49400E+03 0.50000E+02 0.50000E+02 0.33000E+02
0.49500E+03 0.50000E+02 0.50000E+02 0.33000E+02
0.49600E+03 0.50000E+02 0.50000E+02 0.33000E+02
0.49700E+03 0.50000E+02 0.50000E+02 0.33000E+02
0.49800E+03 0.50000E+02 0.50000E+02 0.33000E+02
0.49900E+03 0.50000E+02 0.50000E+02 0.33000E+02
0.50000E+03 0.50000E+02 0.50000E+02 0.32900E+02
0.50100E+03 0.50000E+02 0.50000E+02 0.32900E+02
0.50200E+03 0.50000E+02 0.50000E+02 0.33000E+02
0.50300E+03 0.50000E+02 0.50000E+02 0.32900E+02
0.50400E+03 0.50000E+02 0.50000E+02 0.33000E+02
0.50500E+03 0.50000E+02 0.50000E+02 0.33000E+02
0.50600E+03 0.50000E+02 0.50000E+02 0.33000E+02
0.50700E+03 0.50000E+02 0.50000E+02 0.33000E+02
0.50800E+03 0.50000E+02 0.50000E+02 0.32900E+02
0.50900E+03 0.50000E+02 0.50000E+02 0.32900E+02
0.51000E+03 0.50000E+02 0.50000E+02 0.33000E+02
0.51100E+03 0.50000E+02 0.50000E+02 0.33000E+02
0.51200E+03 0.50000E+02 0.50000E+02 0.33000E+02
0.51300E+03 0.50000E+02 0.50000E+02 0.33100E+02
0.51400E+03 0.50000E+02 0.50000E+02 0.33200E+02
0.51500E+03 0.50000E+02 0.50000E+02 0.33200E+02
0.51600E+03 0.50000E+02 0.50000E+02 0.33100E+02
0.51700E+03 0.50000E+02 0.50000E+02 0.33100E+02
0.51800E+03 0.50000E+02 0.50000E+02 0.33100E+02
0.51900E+03 0.50000E+02 0.50000E+02 0.33000E+02
0.52000E+03 0.50000E+02 0.50000E+02 0.33100E+02
0.52100E+03 0.50000E+02 0.50000E+02 0.33100E+02
0.52200E+03 0.50000E+02 0.50000E+02 0.33000E+02
0.52300E+03 0.50000E+02 0.50000E+02 0.33000E+02
0.52400E+03 0.50000E+02 0.50000E+02 0.33000E+02
0.52500E+03 0.50000E+02 0.50000E+02 0.33000E+02
0.52600E+03 0.50000E+02 0.50000E+02 0.32900E+02
0.52700E+03 0.50000E+02 0.50000E+02 0.32900E+02
0.52800E+03 0.50000E+02 0.50000E+02 0.33000E+02
0.52900E+03 0.50000E+02 0.50000E+02 0.33000E+02
0.53000E+03 0.50000E+02 0.50000E+02 0.33000E+02
0.53100E+03 0.50000E+02 0.50000E+02 0.33000E+02
0.53200E+03 0.50000E+02 0.50000E+02 0.33000E+02
0.53300E+03 0.50000E+02 0.50000E+02 0.33000E+02
0.53400E+03 0.50000E+02 0.50000E+02 0.33000E+02
0.53500E+03 0.50000E+02 0.50000E+02 0.32900E+02
0.53600E+03 0.50000E+02 0.50000E+02 0.32900E+02
0.53700E+03 0.50000E+02 0.50000E+02 0.32900E+02
0.53800E+03 0.50000E+02 0.50000E+02 0.33000E+02
0.53900E+03 0.50000E+02 0.50000E+02 0.33000E+02
0.54000E+03 0.50000E+02 0.50000E+02 0.32900E+02
0.54100E+03 0.50000E+02 0.50000E+02 0.32900E+02
0.54200E+03 0.50000E+02 0.50000E+02 0.32900E+02
0.54300E+03 0.50000E+02 0.50000E+02 0.32900E+02
0.54400E+03 0.50000E+02 0.50000E+02 0.33000E+02
0.54500E+03 0.50000E+02 0.50000E+02 0.33000E+02
0.54600E+03 0.50000E+02 0.50000E+02 0.33000E+02
0.54700E+03 0.50000E+02 0.50000E+02 0.33000E+02
0.54800E+03 0.50000E+02 0.50000E+02 0.33000E+02
0.54900E+03 0.50000E+02 0.50000E+02 0.33000E+02
0.55000E+03 0.50000E+02 0.50000E+02 0.33000E+02
0.55100E+03 0.50000E+02 0.50000E+02 0.33000E+02
0.55200E+03 0.50000E+02 0.50000E+02 0.32900E+02
0.55300E+03 0.50000E+02 0.50000E+02 0.32900E+02
0.55400E+03 0.50000E+02 0.50000E+02 0.32900E+02
0.55500E+03 0.50000E+02 0.50000E+02 0.32900E+02
0.55600E+03 0.50000E+02 0.50000E+02 0.32900E+02
0.55700E+03 0.50000E+02 0.50000E+02 0.32900E+02
0.55800E+03 0.50000E+02 0.50000E+02 0.32700E+02
0.55900E+03 0.50000E+02 0.50000E+02 0.32700E+02
0.56000E+03 0.50000E+02 0.50000E+02 0.33000E+02
0.56100E+03 0.50000E+02 0.50000E+02 0.33000E+02
0.56200E+03 0.50000E+02 0.50000E+02 0.32900E+02
0.56300E+03 0.50000E+02 0.50000E+02 0.32900E+02
0.56400E+03 0.50000E+02 0.50000E+02 0.32900E+02
0.56500E+03 0.50000E+02 0.50000E+02 0.32900E+02
0.56600E+03 0.50000E+02 0.50000E+02 0.32700E+02
0.56700E+03 0.50000E+02 0.50000E+02 0.32700E+02
0.56800E+03 0.50000E+02 0.50000E+02 0.33000E+02
0.56900E+03 0.50000E+02 0.50000E+02 0.32900E+02
0.57000E+03 0.50000E+02 0.50000E+02 0.32900E+02
0.57100E+03 0.50000E+02 0.50000E+02 0.32900E+02
0.57200E+03 0.50000E+02 0.50000E+02 0.32900E+02
0.57300E+03 0.50000E+02 0.50000E+02 0.32900E+02
0.57400E+03 0.50000E+02 0.50000E+02 0.33000E+02
0.57500E+03 0.50000E+02 0.50000E+02 0.33000E+02
0.57600E+03 0.50000E+02 0.50000E+02 0.32900E+02
0.57700E+03 0.50000E+02 0.50000E+02 0.32900E+02
0.57800E+03 0.50000E+02 0.50000E+02 0.32700E+02
0.57900E+03 0.50000E+02 0.50000E+02 0.32700E+02
0.58000E+03 0.50000E+02 0.50000E+02 0.32900E+02
0.58100E+03 0.50000E+02 0.50000E+02 0.32900E+02
0.58200E+03 0.50000E+02 0.50000E+02 0.32900E+02
0.58300E+03 0.50000E+02 0.50000E+02 0.32900E+02
0.58400E+03 0.50000E+02 0.50000E+02 0.32900E+02
0.58500E+03 0.50000E+02 0.50000E+02 0.32900E+02
0.58600E+03 0.50000E+02 0.50000E+02 0.32900E+02
0.58700E+03 0.50000E+02 0.50000E+02 0.32900E+02
0.58800E+03 0.50000E+02 0.50000E+02 0.32700E+02
0.58900E+03 0.50000E+02 0.50000E+02 0.32900E+02
0.59000E+03 0.50000E+02 0.50000E+02 0.32900E+02
0.59100E+03 0.50000E+02 0.50000E+02 0.32900E+02
0.59200E+03 0.50000E+02 0.50000E+02 0.32700E+02
0.59300E+03 0.50000E+02 0.50000E+02 0.32700E+02
0.59400E+03 0.50000E+02 0.50000E+02 0.32700E+02
0.59500E+03 0.50000E+02 0.50000E+02 0.32700E+02
0.59600E+03 0.50000E+02 0.50000E+02 0.32700E+02
0.59700E+03 0.50000E+02 0.50000E+02 0.32700E+02
0.59800E+03 0.50000E+02 0.50000E+02 0.32900E+02
0.59900E+03 0.50000E+02 0.50000E+02 0.32900E+02
0.60000E+03 0.50000E+02 0.50000E+02 0.32900E+02
0.60100E+03 0.50000E+02 0.50000E+02 0.32900E+02
0.60200E+03 0.50000E+02 0.50000E+02 0.32700E+02
0.60300E+03 0.50000E+02 0.50000E+02 0.32700E+02
0.60400E+03 0.50000E+02 0.50000E+02 0.32900E+02
0.60500E+03 0.50000E+02 0.50000E+02 0.32900E+02
0.60600E+03 0.50000E+02 0.50000E+02 0.32700E+02
0.60700E+03 0.50000E+02 0.50000E+02 0.32700E+02
0.60800E+03 0.50000E+02 0.50000E+02 0.32700E+02
0.60900E+03 0.50000E+02 0.50000E+02 0.32700E+02
0.61000E+03 0.50000E+02 0.50000E+02 0.32900E+02
0.61100E+03 0.50000E+02 0.50000E+02 0.32900E+02
0.61200E+03 0.50000E+02 0.50000E+02 0.32700E+02
0.61300E+03 0.50000E+02 0.50000E+02 0.32700E+02
0.61400E+03 0.50000E+02 0.50000E+02 0.32600E+02
0.61500E+03 0.50000E+02 0.50000E+02 0.32600E+02
0.61600E+03 0.50000E+02 0.50000E+02 0.32600E+02
0.61700E+03 0.50000E+02 0.50000E+02 0.32600E+02
0.61800E+03 0.50000E+02 0.50000E+02 0.32600E+02
0.61900E+03 0.50000E+02 0.50000E+02 0.32700E+02
0.62000E+03 0.50000E+02 0.50000E+02 0.32600E+02
0.62100E+03 0.50000E+02 0.50000E+02 0.32600E+02
0.62200E+03 0.50000E+02 0.50000E+02 0.32600E+02
0.62300E+03 0.50000E+02 0.50000E+02 0.32600E+02
0.62400E+03 0.50000E+02 0.50000E+02 0.32600E+02
0.62500E+03 0.50000E+02 0.50000E+02 0.32600E+02
0.62600E+03 0.50000E+02 0.50000E+02 0.32700E+02
0.62700E+03 0.50000E+02 0.50000E+02 0.32700E+02
0.62800E+03 0.75000E+02 0.50000E+02 0.32600E+02
0.62900E+03 0.75000E+02 0.50000E+02 0.32600E+02
0.63000E+03 0.75000E+02 0.50000E+02 0.32600E+02
0.63100E+03 0.75000E+02 0.50000E+02 0.32600E+02
0.63200E+03 0.75000E+02 0.50000E+02 0.32600E+02
0.63300E+03 0.75000E+02 0.50000E+02 0.32700E+02
0.63400E+03 0.75000E+02 0.50000E+02 0.32700E+02
0.63500E+03 0.75000E+02 0.50000E+02 0.32700E+02
0.63600E+03 0.75000E+02 0.50000E+02 0.32900E+02
0.63700E+03 0.75000E+02 0.50000E+02 0.32900E+02
0.63800E+03 0.75000E+02 0.50000E+02 0.32900E+02
0.63900E+03 0.75000E+02 0.50000E+02 0.32900E+02
0.64000E+03 0.75000E+02 0.50000E+02 0.32900E+02
0.64100E+03 0.75000E+02 0.50000E+02 0.32900E+02
0.64200E+03 0.75000E+02 0.50000E+02 0.33000E+02
0.64300E+03 0.75000E+02 0.50000E+02 0.33000E+02
0.64400E+03 0.75000E+02 0.50000E+02 0.33100E+02
0.64500E+03 0.75000E+02 0.50000E+02 0.33000E+02
0.64600E+03 0.75000E+02 0.50000E+02 0.33100E+02
0.64700E+03 0.75000E+02 0.50000E+02 0.33100E+02
0.64800E+03 0.75000E+02 0.50000E+02 0.33200E+02
0.64900E+03 0.75000E+02 0.50000E+02 0.33200E+02
0.65000E+03 0.75000E+02 0.50000E+02 0.33300E+02
0.65100E+03 0.75000E+02 0.50000E+02 0.33300E+02
0.65200E+03 0.75000E+02 0.50000E+02 0.33400E+02
0.65300E+03 0.75000E+02 0.50000E+02 0.33400E+02
0.65400E+03 0.75000E+02 0.50000E+02 0.33600E+02
0.65500E+03 0.75000E+02 0.50000E+02 0.33600E+02
0.65600E+03 0.75000E+02 0.50000E+02 0.33700E+02
0.65700E+03 0.75000E+02 0.50000E+02 0.33700E+02
0.65800E+03 0.75000E+02 0.50000E+02 0.33900E+02
0.65900E+03 0.75000E+02 0.50000E+02 0.33900E+02
0.66000E+03 0.75000E+02 0.50000E+02 0.34000E+02
0.66100E+03 0.75000E+02 0.50000E+02 0.34000E+02
0.66200E+03 0.75000E+02 0.50000E+02 0.34100E+02
0.66300E+03 0.75000E+02 0.50000E+02 0.34100E+02
0.66400E+03 0.75000E+02 0.50000E+02 0.34000E+02
0.66500E+03 0.75000E+02 0.50000E+02 0.34100E+02
0.66600E+03 0.75000E+02 0.50000E+02 0.34300E+02
0.66700E+03 0.75000E+02 0.50000E+02 0.34300E+02
0.66800E+03 0.75000E+02 0.50000E+02 0.34000E+02
0.66900E+03 0.75000E+02 0.50000E+02 0.34000E+02
0.67000E+03 0.75000E+02 0.50000E+02 0.34000E+02
0.67100E+03 0.75000E+02 0.50000E+02 0.34000E+02
0.67200E+03 0.75000E+02 0.50000E+02 0.34000E+02
0.67300E+03 0.75000E+02 0.50000E+02 0.34100E+02
0.67400E+03 0.75000E+02 0.50000E+02 0.34100E+02
0.67500E+03 0.75000E+02 0.50000E+02 0.34300E+02
0.67600E+03 0.75000E+02 0.50000E+02 0.34300E+02
0.67700E+03 0.75000E+02 0.50000E+02 0.34300E+02
0.67800E+03 0.75000E+02 0.50000E+02 0.34400E+02
0.67900E+03 0.75000E+02 0.50000E+02 0.34400E+02
0.68000E+03 0.75000E+02 0.50000E+02 0.34400E+02
0.68100E+03 0.75000E+02 0.50000E+02 0.34400E+02
0.68200E+03 0.75000E+02 0.50000E+02 0.34500E+02
0.68300E+03 0.75000E+02 0.50000E+02 0.34400E+02
0.68400E+03 0.75000E+02 0.50000E+02 0.34400E+02
0.68500E+03 0.75000E+02 0.50000E+02 0.34400E+02
0.68600E+03 0.75000E+02 0.50000E+02 0.34600E+02
0.68700E+03 0.75000E+02 0.50000E+02 0.34600E+02
0.68800E+03 0.75000E+02 0.50000E+02 0.34600E+02
0.68900E+03 0.75000E+02 0.50000E+02 0.34600E+02
0.69000E+03 0.75000E+02 0.50000E+02 0.34700E+02
0.69100E+03 0.75000E+02 0.50000E+02 0.34700E+02
0.69200E+03 0.75000E+02 0.50000E+02 0.34700E+02
0.69300E+03 0.75000E+02 0.50000E+02 0.34700E+02
0.69400E+03 0.75000E+02 0.50000E+02 0.34800E+02
0.69500E+03 0.75000E+02 0.50000E+02 0.34800E+02
0.69600E+03 0.75000E+02 0.50000E+02 0.34800E+02
0.69700E+03 0.75000E+02 0.50000E+02 0.34800E+02
0.69800E+03 0.75000E+02 0.50000E+02 0.34800E+02
0.69900E+03 0.75000E+02 0.50000E+02 0.34800E+02
0.70000E+03 0.75000E+02 0.50000E+02 0.34800E+02
0.70100E+03 0.75000E+02 0.50000E+02 0.34800E+02
0.70200E+03 0.75000E+02 0.50000E+02 0.35000E+02
0.70300E+03 0.75000E+02 0.50000E+02 0.35000E+02
0.70400E+03 0.75000E+02 0.50000E+02 0.34800E+02
0.70500E+03 0.75000E+02 0.50000E+02 0.34700E+02
0.70600E+03 0.75000E+02 0.50000E+02 0.34800E+02
0.70700E+03 0.75000E+02 0.50000E+02 0.34800E+02
0.70800E+03 0.75000E+02 0.50000E+02 0.35100E+02
0.70900E+03 0.75000E+02 0.50000E+02 0.35100E+02
0.71000E+03 0.75000E+02 0.50000E+02 0.35100E+02
0.71100E+03 0.75000E+02 0.50000E+02 0.35100E+02
0.71200E+03 0.75000E+02 0.50000E+02 0.35100E+02
0.71300E+03 0.75000E+02 0.50000E+02 0.35100E+02
0.71400E+03 0.75000E+02 0.50000E+02 0.35200E+02
0.71500E+03 0.75000E+02 0.50000E+02 0.35300E+02
0.71600E+03 0.75000E+02 0.50000E+02 0.35400E+02
0.71700E+03 0.75000E+02 0.50000E+02 0.35400E+02
0.71800E+03 0.75000E+02 0.50000E+02 0.35400E+02
0.71900E+03 0.75000E+02 0.50000E+02 0.35300E+02
0.72000E+03 0.75000E+02 0.50000E+02 0.35300E+02
0.72100E+03 0.75000E+02 0.50000E+02 0.35400E+02
0.72200E+03 0.75000E+02 0.50000E+02 0.35300E+02
0.72300E+03 0.75000E+02 0.50000E+02 0.35400E+02
0.72400E+03 0.75000E+02 0.50000E+02 0.35300E+02
0.72500E+03 0.75000E+02 0.50000E+02 0.35300E+02
0.72600E+03 0.75000E+02 0.50000E+02 0.35500E+02
0.72700E+03 0.75000E+02 0.50000E+02 0.35500E+02
0.72800E+03 0.75000E+02 0.50000E+02 0.35400E+02
0.72900E+03 0.75000E+02 0.50000E+02 0.35400E+02
0.73000E+03 0.75000E+02 0.50000E+02 0.35500E+02
0.73100E+03 0.75000E+02 0.50000E+02 0.35500E+02
0.73200E+03 0.75000E+02 0.50000E+02 0.35700E+02
0.73300E+03 0.75000E+02 0.50000E+02 0.35700E+02
0.73400E+03 0.75000E+02 0.50000E+02 0.35500E+02
0.73500E+03 0.75000E+02 0.50000E+02 0.35500E+02
0.73600E+03 0.75000E+02 0.50000E+02 0.35700E+02
0.73700E+03 0.75000E+02 0.50000E+02 0.35800E+02
0.73800E+03 0.75000E+02 0.50000E+02 0.35800E+02
0.73900E+03 0.75000E+02 0.50000E+02 0.35800E+02
0.74000E+03 0.75000E+02 0.50000E+02 0.35800E+02
0.74100E+03 0.75000E+02 0.50000E+02 0.35800E+02
0.74200E+03 0.75000E+02 0.50000E+02 0.35700E+02
0.74300E+03 0.75000E+02 0.50000E+02 0.35500E+02
0.74400E+03 0.75000E+02 0.50000E+02 0.35700E+02
0.74500E+03 0.75000E+02 0.50000E+02 0.35700E+02
0.74600E+03 0.75000E+02 0.50000E+02 0.35800E+02
0.74700E+03 0.75000E+02 0.50000E+02 0.35800E+02
0.74800E+03 0.75000E+02 0.50000E+02 0.35700E+02
0.74900E+03 0.75000E+02 0.50000E+02 0.35700E+02
0.75000E+03 0.75000E+02 0.50000E+02 0.35700E+02
0.75100E+03 0.75000E+02 0.50000E+02 0.35700E+02
0.75200E+03 0.75000E+02 0.50000E+02 0.35800E+02
0.75300E+03 0.75000E+02 0.50000E+02 0.35800E+02
0.75400E+03 0.75000E+02 0.50000E+02 0.35800E+02
0.75500E+03 0.75000E+02 0.50000E+02 0.35800E+02
0.75600E+03 0.75000E+02 0.50000E+02 0.35900E+02
0.75700E+03 0.75000E+02 0.50000E+02 0.35900E+02
0.75800E+03 0.75000E+02 0.50000E+02 0.35800E+02
0.75900E+03 0.75000E+02 0.50000E+02 0.35800E+02
0.76000E+03 0.75000E+02 0.50000E+02 0.35900E+02
0.76100E+03 0.75000E+02 0.50000E+02 0.35900E+02
0.76200E+03 0.75000E+02 0.50000E+02 0.35900E+02
0.76300E+03 0.75000E+02 0.50000E+02 0.35900E+02
0.76400E+03 0.75000E+02 0.50000E+02 0.36000E+02
0.76500E+03 0.75000E+02 0.50000E+02 0.36000E+02
0.76600E+03 0.75000E+02 0.50000E+02 0.36100E+02
0.76700E+03 0.75000E+02 0.50000E+02 0.36100E+02
0.76800E+03 0.75000E+02 0.50000E+02 0.36100E+02
0.76900E+03 0.75000E+02 0.50000E+02 0.36100E+02
0.77000E+03 0.75000E+02 0.50000E+02 0.36100E+02
0.77100E+03 0.75000E+02 0.50000E+02 0.36200E+02
0.77200E+03 0.75000E+02 0.50000E+02 0.36000E+02
0.77300E+03 0.75000E+02 0.50000E+02 0.36000E+02
0.77400E+03 0.75000E+02 0.50000E+02 0.36000E+02
0.77500E+03 0.75000E+02 0.50000E+02 0.36000E+02
0.77600E+03 0.75000E+02 0.50000E+02 0.35900E+02
0.77700E+03 0.75000E+02 0.50000E+02 0.36000E+02
0.77800E+03 0.75000E+02 0.50000E+02 0.35900E+02
0.77900E+03 0.75000E+02 0.50000E+02 0.35900E+02
0.78000E+03 0.75000E+02 0.50000E+02 0.35900E+02
0.78100E+03 0.75000E+02 0.50000E+02 0.35900E+02
0.78200E+03 0.75000E+02 0.50000E+02 0.35900E+02
0.78300E+03 0.75000E+02 0.50000E+02 0.35900E+02
0.78400E+03 0.75000E+02 0.50000E+02 0.35900E+02
0.78500E+03 0.75000E+02 0.50000E+02 0.35900E+02
0.78600E+03 0.75000E+02 0.50000E+02 0.35800E+02
0.78700E+03 0.75000E+02 0.50000E+02 0.35800E+02
0.78800E+03 0.75000E+02 0.50000E+02 0.35800E+02
0.78900E+03 0.75000E+02 0.50000E+02 0.35800E+02
0.79000E+03 0.75000E+02 0.50000E+02 0.35800E+02
0.79100E+03 0.75000E+02 0.50000E+02 0.35800E+02
0.79200E+03 0.75000E+02 0.50000E+02 0.35900E+02
0.79300E+03 0.75000E+02 0.50000E+02 0.35900E+02
0.79400E+03 0.75000E+02 0.50000E+02 0.35800E+02
0.79500E+03 0.75000E+02 0.50000E+02 0.35800E+02
0.79600E+03 0.75000E+02 0.50000E+02 0.35800E+02
0.79700E+03 0.75000E+02 0.50000E+02 0.35800E+02
0.79800E+03 0.75000E+02 0.50000E+02 0.35800E+02
0.79900E+03 0.75000E+02 0.50000E+02 0.35800E+02
0.80000E+03 0.75000E+02 0.50000E+02 0.35800E+02
0.80100E+03 0.75000E+02 0.50000E+02 0.35800E+02
0.80200E+03 0.75000E+02 0.50000E+02 0.35900E+02
0.80300E+03 0.75000E+02 0.50000E+02 0.35900E+02
0.80400E+03 0.75000E+02 0.50000E+02 0.36000E+02
0.80500E+03 0.75000E+02 0.50000E+02 0.35900E+02
0.80600E+03 0.75000E+02 0.50000E+02 0.35900E+02
0.80700E+03 0.75000E+02 0.50000E+02 0.35900E+02
0.80800E+03 0.75000E+02 0.50000E+02 0.35800E+02
0.80900E+03 0.75000E+02 0.50000E+02 0.35800E+02
0.81000E+03 0.75000E+02 0.50000E+02 0.35900E+02
0.81100E+03 0.75000E+02 0.50000E+02 0.35900E+02
0.81200E+03 0.75000E+02 0.50000E+02 0.35700E+02
0.81300E+03 0.75000E+02 0.50000E+02 0.35700E+02
0.81400E+03 0.75000E+02 0.50000E+02 0.35900E+02
0.81500E+03 0.75000E+02 0.50000E+02 0.35900E+02
0.81600E+03 0.75000E+02 0.50000E+02 0.35900E+02
0.81700E+03 0.75000E+02 0.50000E+02 0.35900E+02
0.81800E+03 0.75000E+02 0.50000E+02 0.36000E+02
0.81900E+03 0.75000E+02 0.50000E+02 0.36000E+02
0.82000E+03 0.75000E+02 0.50000E+02 0.35900E+02
0.82100E+03 0.75000E+02 0.50000E+02 0.35900E+02
0.82200E+03 0.75000E+02 0.50000E+02 0.36000E+02
0.82300E+03 0.75000E+02 0.50000E+02 0.36000E+02
0.82400E+03 0.75000E+02 0.50000E+02 0.36000E+02
0.82500E+03 0.75000E+02 0.50000E+02 0.35900E+02
0.82600E+03 0.75000E+02 0.50000E+02 0.36000E+02
0.82700E+03 0.75000E+02 0.50000E+02 0.36000E+02
0.82800E+03 0.75000E+02 0.50000E+02 0.36100E+02
0.82900E+03 0.75000E+02 0.50000E+02 0.36100E+02
0.83000E+03 0.75000E+02 0.50000E+02 0.36100E+02
0.83100E+03 0.75000E+02 0.50000E+02 0.36100E+02
0.83200E+03 0.75000E+02 0.50000E+02 0.36200E+02
0.83300E+03 0.75000E+02 0.50000E+02 0.36200E+02
0.83400E+03 0.75000E+02 0.50000E+02 0.36200E+02
0.83500E+03 0.75000E+02 0.50000E+02 0.36200E+02
0.83600E+03 0.75000E+02 0.50000E+02 0.36400E+02
0.83700E+03 0.75000E+02 0.50000E+02 0.36400E+02
0.83800E+03 0.75000E+02 0.50000E+02 0.36400E+02
0.83900E+03 0.75000E+02 0.50000E+02 0.36400E+02
0.84000E+03 0.75000E+02 0.50000E+02 0.36400E+02
0.84100E+03 0.75000E+02 0.50000E+02 0.36400E+02
0.84200E+03 0.75000E+02 0.50000E+02 0.36400E+02
0.84300E+03 0.75000E+02 0.50000E+02 0.36400E+02
0.84400E+03 0.75000E+02 0.50000E+02 0.36500E+02
0.84500E+03 0.75000E+02 0.50000E+02 0.36400E+02
0.84600E+03 0.75000E+02 0.50000E+02 0.36400E+02
0.84700E+03 0.75000E+02 0.50000E+02 0.36400E+02
0.84800E+03 0.75000E+02 0.50000E+02 0.36200E+02
0.84900E+03 0.75000E+02 0.50000E+02 0.36200E+02
0.85000E+03 0.75000E+02 0.50000E+02 0.36400E+02
0.85100E+03 0.75000E+02 0.50000E+02 0.36400E+02
0.85200E+03 0.75000E+02 0.50000E+02 0.36500E+02
0.85300E+03 0.75000E+02 0.50000E+02 0.36500E+02
0.85400E+03 0.75000E+02 0.50000E+02 0.36500E+02
0.85500E+03 0.75000E+02 0.50000E+02 0.36500E+02
0.85600E+03 0.75000E+02 0.50000E+02 0.36600E+02
0.85700E+03 0.75000E+02 0.50000E+02 0.36600E+02
0.85800E+03 0.75000E+02 0.50000E+02 0.36600E+02
0.85900E+03 0.75000E+02 0.50000E+02 0.36600E+02
0.86000E+03 0.75000E+02 0.50000E+02 0.36600E+02
0.86100E+03 0.75000E+02 0.50000E+02 0.36600E+02
0.86200E+03 0.75000E+02 0.50000E+02 0.36600E+02
0.86300E+03 0.75000E+02 0.50000E+02 0.36600E+02
0.86400E+03 0.75000E+02 0.50000E+02 0.36600E+02
0.86500E+03 0.75000E+02 0.50000E+02 0.36600E+02
0.86600E+03 0.75000E+02 0.50000E+02 0.36700E+02
0.86700E+03 0.75000E+02 0.50000E+02 0.36700E+02
0.86800E+03 0.75000E+02 0.50000E+02 0.36800E+02
0.86900E+03 0.75000E+02 0.50000E+02 0.36800E+02
0.87000E+03 0.75000E+02 0.50000E+02 0.36800E+02
0.87100E+03 0.75000E+02 0.50000E+02 0.36800E+02
0.87200E+03 0.75000E+02 0.50000E+02 0.36700E+02
0.87300E+03 0.75000E+02 0.50000E+02 0.36700E+02
0.87400E+03 0.75000E+02 0.50000E+02 0.36700E+02
0.87500E+03 0.75000E+02 0.50000E+02 0.36700E+02
0.87600E+03 0.75000E+02 0.50000E+02 0.36600E+02
0.87700E+03 0.75000E+02 0.50000E+02 0.36600E+02
0.87800E+03 0.75000E+02 0.50000E+02 0.36500E+02
0.87900E+03 0.75000E+02 0.50000E+02 0.36500E+02
0.88000E+03 0.75000E+02 0.50000E+02 0.36500E+02
0.88100E+03 0.75000E+02 0.50000E+02 0.36500E+02
0.88200E+03 0.75000E+02 0.50000E+02 0.36500E+02
0.88300E+03 0.75000E+02 0.50000E+02 0.36500E+02
0.88400E+03 0.75000E+02 0.50000E+02 0.36400E+02
0.88500E+03 0.75000E+02 0.50000E+02 0.36400E+02
0.88600E+03 0.75000E+02 0.50000E+02 0.36400E+02
0.88700E+03 0.75000E+02 0.50000E+02 0.36400E+02
0.88800E+03 0.75000E+02 0.50000E+02 0.36200E+02
0.88900E+03 0.75000E+02 0.50000E+02 0.36200E+02
0.89000E+03 0.75000E+02 0.50000E+02 0.36400E+02
0.89100E+03 0.75000E+02 0.50000E+02 0.36400E+02
0.89200E+03 0.75000E+02 0.50000E+02 0.36200E+02
0.89300E+03 0.75000E+02 0.50000E+02 0.36200E+02
0.89400E+03 0.75000E+02 0.50000E+02 0.36200E+02
0.89500E+03 0.75000E+02 0.50000E+02 0.36400E+02
0.89600E+03 0.75000E+02 0.50000E+02 0.36200E+02
0.89700E+03 0.75000E+02 0.50000E+02 0.36200E+02
0.89800E+03 0.75000E+02 0.50000E+02 0.36200E+02
0.89900E+03 0.75000E+02 0.50000E+02 0.36200E+02
0.90000E+03 0.75000E+02 0.50000E+02 0.36400E+02
0.90100E+03 0.75000E+02 0.50000E+02 0.36400E+02
0.90200E+03 0.75000E+02 0.50000E+02 0.36200E+02
0.90300E+03 0.75000E+02 0.50000E+02 0.36200E+02
0.90400E+03 0.75000E+02 0.50000E+02 0.36200E+02
0.90500E+03 0.75000E+02 0.50000E+02 0.36200E+02
0.90600E+03 0.75000E+02 0.50000E+02 0.36100E+02
0.90700E+03 0.75000E+02 0.50000E+02 0.36100E+02
0.90800E+03 0.75000E+02 0.50000E+02 0.36000E+02
0.90900E+03 0.75000E+02 0.50000E+02 0.36000E+02
0.91000E+03 0.75000E+02 0.50000E+02 0.36100E+02
0.91100E+03 0.75000E+02 0.50000E+02 0.36100E+02
0.91200E+03 0.75000E+02 0.50000E+02 0.36100E+02
0.91300E+03 0.75000E+02 0.50000E+02 0.36000E+02
0.91400E+03 0.75000E+02 0.50000E+02 0.36100E+02
0.91500E+03 0.75000E+02 0.50000E+02 0.36100E+02
0.91600E+03 0.75000E+02 0.50000E+02 0.36100E+02
0.91700E+03 0.75000E+02 0.50000E+02 0.36100E+02
0.91800E+03 0.75000E+02 0.50000E+02 0.36100E+02
0.91900E+03 0.75000E+02 0.50000E+02 0.36100E+02
0.92000E+03 0.75000E+02 0.50000E+02 0.36100E+02
0.92100E+03 0.75000E+02 0.50000E+02 0.36100E+02
0.92200E+03 0.75000E+02 0.50000E+02 0.36200E+02
0.92300E+03 0.75000E+02 0.50000E+02 0.36400E+02
0.92400E+03 0.75000E+02 0.50000E+02 0.36400E+02
0.92500E+03 0.75000E+02 0.50000E+02 0.36400E+02
0.92600E+03 0.75000E+02 0.50000E+02 0.36500E+02
0.92700E+03 0.75000E+02 0.50000E+02 0.36500E+02
0.92800E+03 0.75000E+02 0.50000E+02 0.36400E+02
0.92900E+03 0.75000E+02 0.50000E+02 0.36400E+02
0.93000E+03 0.75000E+02 0.50000E+02 0.36500E+02
0.93100E+03 0.75000E+02 0.50000E+02 0.36500E+02
0.93200E+03 0.75000E+02 0.50000E+02 0.36500E+02
0.93300E+03 0.75000E+02 0.50000E+02 0.36500E+02
0.93400E+03 0.75000E+02 0.50000E+02 0.36600E+02
0.93500E+03 0.75000E+02 0.50000E+02 0.36700E+02
0.93600E+03 0.75000E+02 0.50000E+02 0.36500E+02
0.93700E+03 0.75000E+02 0.50000E+02 0.36500E+02
0.93800E+03 0.75000E+02 0.50000E+02 0.36500E+02
0.93900E+03 0.75000E+02 0.50000E+02 0.36500E+02
0.94000E+03 0.75000E+02 0.50000E+02 0.36500E+02
0.94100E+03 0.75000E+02 0.50000E+02 0.36500E+02
0.94200E+03 0.75000E+02 0.50000E+02 0.36500E+02
0.94300E+03 0.75000E+02 0.50000E+02 0.36500E+02
0.94400E+03 0.75000E+02 0.50000E+02 0.36400E+02
0.94500E+03 0.75000E+02 0.50000E+02 0.36400E+02
0.94600E+03 0.75000E+02 0.50000E+02 0.36400E+02
0.94700E+03 0.75000E+02 0.50000E+02 0.36500E+02
0.94800E+03 0.75000E+02 0.50000E+02 0.36500E+02
0.94900E+03 0.75000E+02 0.50000E+02 0.36500E+02
0.95000E+03 0.75000E+02 0.50000E+02 0.36400E+02
0.95100E+03 0.75000E+02 0.50000E+02 0.36500E+02
0.95200E+03 0.75000E+02 0.50000E+02 0.36500E+02
0.95300E+03 0.75000E+02 0.50000E+02 0.36500E+02
0.95400E+03 0.75000E+02 0.50000E+02 0.36400E+02
0.95500E+03 0.75000E+02 0.50000E+02 0.36500E+02
0.95600E+03 0.75000E+02 0.50000E+02 0.36400E+02
0.95700E+03 0.75000E+02 0.50000E+02 0.36400E+02
0.95800E+03 0.75000E+02 0.50000E+02 0.36400E+02
0.95900E+03 0.75000E+02 0.50000E+02 0.36200E+02
0.96000E+03 0.75000E+02 0.50000E+02 0.36400E+02
0.96100E+03 0.75000E+02 0.50000E+02 0.36400E+02
0.96200E+03 0.75000E+02 0.50000E+02 0.36400E+02
0.96300E+03 0.75000E+02 0.50000E+02 0.36400E+02
0.96400E+03 0.75000E+02 0.50000E+02 0.36400E+02
0.96500E+03 0.75000E+02 0.50000E+02 0.36400E+02
0.96600E+03 0.75000E+02 0.50000E+02 0.36400E+02
0.96700E+03 0.75000E+02 0.50000E+02 0.36400E+02
0.96800E+03 0.75000E+02 0.50000E+02 0.36200E+02
0.96900E+03 0.75000E+02 0.50000E+02 0.36200E+02
0.97000E+03 0.75000E+02 0.50000E+02 0.36400E+02
0.97100E+03 0.75000E+02 0.50000E+02 0.36400E+02
0.97200E+03 0.75000E+02 0.50000E+02 0.36200E+02
0.97300E+03 0.75000E+02 0.50000E+02 0.36200E+02
0.97400E+03 0.75000E+02 0.50000E+02 0.36200E+02
0.97500E+03 0.75000E+02 0.50000E+02 0.36400E+02
0.97600E+03 0.75000E+02 0.50000E+02 0.36500E+02
0.97700E+03 0.75000E+02 0.50000E+02 0.36500E+02
0.97800E+03 0.75000E+02 0.50000E+02 0.36500E+02
0.97900E+03 0.75000E+02 0.50000E+02 0.36500E+02
0.98000E+03 0.75000E+02 0.50000E+02 0.36500E+02
0.98100E+03 0.75000E+02 0.50000E+02 0.36600E+02
0.98200E+03 0.75000E+02 0.50000E+02 0.36600E+02
0.98300E+03 0.75000E+02 0.50000E+02 0.36600E+02
0.98400E+03 0.75000E+02 0.50000E+02 0.36600E+02
0.98500E+03 0.75000E+02 0.50000E+02 0.36600E+02
0.98600E+03 0.75000E+02 0.50000E+02 0.36600E+02
0.98700E+03 0.75000E+02 0.50000E+02 0.36600E+02
0.98800E+03 0.75000E+02 0.50000E+02 0.36600E+02
0.98900E+03 0.75000E+02 0.50000E+02 0.36600E+02
0.99000E+03 0.75000E+02 0.50000E+02 0.36500E+02
0.99100E+03 0.75000E+02 0.50000E+02 0.36700E+02
0.99200E+03 0.75000E+02 0.50000E+02 0.36600E+02
0.99300E+03 0.75000E+02 0.50000E+02 0.36600E+02
0.99400E+03 0.75000E+02 0.50000E+02 0.36500E+02
0.99500E+03 0.75000E+02 0.50000E+02 0.36500E+02
0.99600E+03 0.75000E+02 0.50000E+02 0.36500E+02
0.99700E+03 0.75000E+02 0.50000E+02 0.36500E+02
0.99800E+03 0.75000E+02 0.50000E+02 0.36500E+02
0.99900E+03 0.75000E+02 0.50000E+02 0.36500E+02
0.10000E+04 0.75000E+02 0.50000E+02 0.36400E+02
0.10010E+04 0.75000E+02 0.50000E+02 0.36400E+02
0.10020E+04 0.75000E+02 0.50000E+02 0.36400E+02
0.10030E+04 0.75000E+02 0.50000E+02 0.36400E+02
0.10040E+04 0.75000E+02 0.50000E+02 0.36500E+02
0.10050E+04 0.75000E+02 0.50000E+02 0.36500E+02
0.10060E+04 0.75000E+02 0.50000E+02 0.36500E+02
0.10070E+04 0.75000E+02 0.50000E+02 0.36500E+02
0.10080E+04 0.75000E+02 0.50000E+02 0.36500E+02
0.10090E+04 0.75000E+02 0.50000E+02 0.36500E+02
0.10100E+04 0.75000E+02 0.50000E+02 0.36600E+02
0.10110E+04 0.75000E+02 0.50000E+02 0.36600E+02
0.10120E+04 0.75000E+02 0.50000E+02 0.36500E+02
0.10130E+04 0.75000E+02 0.50000E+02 0.36600E+02
0.10140E+04 0.75000E+02 0.50000E+02 0.36600E+02
0.10150E+04 0.75000E+02 0.50000E+02 0.36500E+02
0.10160E+04 0.75000E+02 0.50000E+02 0.36500E+02
0.10170E+04 0.75000E+02 0.50000E+02 0.36500E+02
0.10180E+04 0.75000E+02 0.50000E+02 0.36400E+02
0.10190E+04 0.75000E+02 0.50000E+02 0.36600E+02
0.10200E+04 0.75000E+02 0.50000E+02 0.36500E+02
0.10210E+04 0.75000E+02 0.50000E+02 0.36500E+02
0.10220E+04 0.75000E+02 0.50000E+02 0.36600E+02
0.10230E+04 0.75000E+02 0.50000E+02 0.36600E+02
0.10240E+04 0.75000E+02 0.50000E+02 0.36600E+02
0.10250E+04 0.75000E+02 0.50000E+02 0.36600E+02
0.10260E+04 0.75000E+02 0.50000E+02 0.36600E+02
0.10270E+04 0.75000E+02 0.50000E+02 0.36600E+02
0.10280E+04 0.75000E+02 0.50000E+02 0.36600E+02
0.10290E+04 0.75000E+02 0.50000E+02 0.36600E+02
0.10300E+04 0.75000E+02 0.50000E+02 0.36600E+02
0.10310E+04 0.75000E+02 0.50000E+02 0.36600E+02
0.10320E+04 0.75000E+02 0.50000E+02 0.36600E+02
0.10330E+04 0.75000E+02 0.50000E+02 0.36600E+02
0.10340E+04 0.75000E+02 0.50000E+02 0.36500E+02
0.10350E+04 0.75000E+02 0.50000E+02 0.36500E+02
0.10360E+04 0.75000E+02 0.50000E+02 0.36600E+02
0.10370E+04 0.75000E+02 0.50000E+02 0.36600E+02
0.10380E+04 0.75000E+02 0.50000E+02 0.36500E+02
0.10390E+04 0.75000E+02 0.50000E+02 0.36500E+02
0.10400E+04 0.75000E+02 0.50000E+02 0.36500E+02
0.10410E+04 0.75000E+02 0.50000E+02 0.36400E+02
0.10420E+04 0.75000E+02 0.50000E+02 0.36400E+02
0.10430E+04 0.75000E+02 0.50000E+02 0.36400E+02
0.10440E+04 0.75000E+02 0.50000E+02 0.36400E+02
0.10450E+04 0.75000E+02 0.50000E+02 0.36500E+02
0.10460E+04 0.75000E+02 0.50000E+02 0.36400E+02
0.10470E+04 0.75000E+02 0.50000E+02 0.36400E+02
0.10480E+04 0.75000E+02 0.50000E+02 0.36200E+02
0.10490E+04 0.75000E+02 0.50000E+02 0.36200E+02
0.10500E+04 0.75000E+02 0.50000E+02 0.36400E+02
0.10510E+04 0.75000E+02 0.50000E+02 0.36400E+02
0.10520E+04 0.75000E+02 0.50000E+02 0.36400E+02
0.10530E+04 0.75000E+02 0.50000E+02 0.36400E+02
0.10540E+04 0.75000E+02 0.50000E+02 0.36200E+02
0.10550E+04 0.75000E+02 0.50000E+02 0.36200E+02
0.10560E+04 0.75000E+02 0.50000E+02 0.36200E+02
0.10570E+04 0.75000E+02 0.50000E+02 0.36200E+02
0.10580E+04 0.75000E+02 0.50000E+02 0.36200E+02
0.10590E+04 0.75000E+02 0.50000E+02 0.36200E+02
0.10600E+04 0.75000E+02 0.50000E+02 0.36200E+02
0.10610E+04 0.75000E+02 0.50000E+02 0.36200E+02
0.10620E+04 0.75000E+02 0.50000E+02 0.36400E+02
0.10630E+04 0.75000E+02 0.50000E+02 0.36400E+02
0.10640E+04 0.75000E+02 0.50000E+02 0.36400E+02
0.10650E+04 0.75000E+02 0.50000E+02 0.36400E+02
0.10660E+04 0.75000E+02 0.50000E+02 0.36400E+02
0.10670E+04 0.75000E+02 0.50000E+02 0.36400E+02
0.10680E+04 0.75000E+02 0.50000E+02 0.36400E+02
0.10690E+04 0.75000E+02 0.50000E+02 0.36400E+02
0.10700E+04 0.75000E+02 0.50000E+02 0.36400E+02
0.10710E+04 0.75000E+02 0.50000E+02 0.36400E+02
0.10720E+04 0.75000E+02 0.50000E+02 0.36500E+02
0.10730E+04 0.75000E+02 0.50000E+02 0.36500E+02
0.10740E+04 0.75000E+02 0.50000E+02 0.36600E+02
0.10750E+04 0.75000E+02 0.50000E+02 0.36600E+02
0.10760E+04 0.75000E+02 0.50000E+02 0.36600E+02
0.10770E+04 0.75000E+02 0.50000E+02 0.36600E+02
0.10780E+04 0.75000E+02 0.50000E+02 0.36700E+02
0.10790E+04 0.75000E+02 0.50000E+02 0.36700E+02
0.10800E+04 0.75000E+02 0.50000E+02 0.36800E+02
0.10810E+04 0.75000E+02 0.50000E+02 0.36800E+02
0.10820E+04 0.75000E+02 0.50000E+02 0.36800E+02
0.10830E+04 0.75000E+02 0.50000E+02 0.36800E+02
0.10840E+04 0.75000E+02 0.50000E+02 0.36800E+02
0.10850E+04 0.75000E+02 0.50000E+02 0.36800E+02
0.10860E+04 0.75000E+02 0.50000E+02 0.36800E+02
0.10870E+04 0.75000E+02 0.50000E+02 0.36800E+02
0.10880E+04 0.75000E+02 0.50000E+02 0.36800E+02
0.10890E+04 0.75000E+02 0.50000E+02 0.36800E+02
0.10900E+04 0.75000E+02 0.50000E+02 0.36800E+02
0.10910E+04 0.75000E+02 0.50000E+02 0.36700E+02
0.10920E+04 0.75000E+02 0.50000E+02 0.36700E+02
0.10930E+04 0.75000E+02 0.50000E+02 0.36700E+02
0.10940E+04 0.75000E+02 0.50000E+02 0.36600E+02
0.10950E+04 0.75000E+02 0.50000E+02 0.36500E+02
0.10960E+04 0.75000E+02 0.50000E+02 0.36500E+02
0.10970E+04 0.75000E+02 0.50000E+02 0.36500E+02
0.10980E+04 0.75000E+02 0.50000E+02 0.36400E+02
0.10990E+04 0.75000E+02 0.50000E+02 0.36400E+02
0.11000E+04 0.75000E+02 0.50000E+02 0.36400E+02
0.11010E+04 0.75000E+02 0.50000E+02 0.36500E+02
0.11020E+04 0.75000E+02 0.50000E+02 0.36400E+02
0.11030E+04 0.75000E+02 0.50000E+02 0.36400E+02
0.11040E+04 0.75000E+02 0.50000E+02 0.36400E+02
0.11050E+04 0.75000E+02 0.50000E+02 0.36400E+02
0.11060E+04 0.75000E+02 0.50000E+02 0.36500E+02
0.11070E+04 0.75000E+02 0.50000E+02 0.36500E+02
0.11080E+04 0.75000E+02 0.50000E+02 0.36500E+02
0.11090E+04 0.75000E+02 0.50000E+02 0.36500E+02
0.11100E+04 0.75000E+02 0.50000E+02 0.36500E+02
0.11110E+04 0.75000E+02 0.50000E+02 0.36500E+02
0.11120E+04 0.75000E+02 0.50000E+02 0.36500E+02
0.11130E+04 0.75000E+02 0.50000E+02 0.36500E+02
0.11140E+04 0.75000E+02 0.50000E+02 0.36600E+02
0.11150E+04 0.75000E+02 0.50000E+02 0.36600E+02
0.11160E+04 0.75000E+02 0.50000E+02 0.36400E+02
0.11170E+04 0.75000E+02 0.50000E+02 0.36400E+02
0.11180E+04 0.75000E+02 0.50000E+02 0.36500E+02
0.11190E+04 0.75000E+02 0.50000E+02 0.36400E+02
0.11200E+04 0.75000E+02 0.50000E+02 0.36200E+02
0.11210E+04 0.75000E+02 0.50000E+02 0.36200E+02
0.11220E+04 0.75000E+02 0.50000E+02 0.36200E+02
0.11230E+04 0.75000E+02 0.50000E+02 0.36200E+02
0.11240E+04 0.75000E+02 0.50000E+02 0.36100E+02
0.11250E+04 0.75000E+02 0.50000E+02 0.36100E+02
0.11260E+04 0.75000E+02 0.50000E+02 0.36000E+02
0.11270E+04 0.75000E+02 0.50000E+02 0.36000E+02
0.11280E+04 0.75000E+02 0.50000E+02 0.36100E+02
0.11290E+04 0.75000E+02 0.50000E+02 0.36000E+02
0.11300E+04 0.75000E+02 0.50000E+02 0.36000E+02
0.11310E+04 0.75000E+02 0.50000E+02 0.36000E+02
0.11320E+04 0.75000E+02 0.50000E+02 0.36000E+02
0.11330E+04 0.75000E+02 0.50000E+02 0.36000E+02
0.11340E+04 0.75000E+02 0.50000E+02 0.36000E+02
0.11350E+04 0.75000E+02 0.50000E+02 0.36000E+02
0.11360E+04 0.75000E+02 0.50000E+02 0.36100E+02
0.11370E+04 0.75000E+02 0.50000E+02 0.36200E+02
0.11380E+04 0.75000E+02 0.50000E+02 0.36200E+02
0.11390E+04 0.75000E+02 0.50000E+02 0.36200E+02
0.11400E+04 0.75000E+02 0.50000E+02 0.36400E+02
0.11410E+04 0.75000E+02 0.50000E+02 0.36400E+02
0.11420E+04 0.75000E+02 0.50000E+02 0.36500E+02
0.11430E+04 0.75000E+02 0.50000E+02 0.36500E+02
0.11440E+04 0.75000E+02 0.50000E+02 0.36600E+02
0.11450E+04 0.75000E+02 0.50000E+02 0.36600E+02
0.11460E+04 0.75000E+02 0.50000E+02 0.36700E+02
0.11470E+04 0.75000E+02 0.50000E+02 0.36700E+02
0.11480E+04 0.75000E+02 0.50000E+02 0.36700E+02
0.11490E+04 0.75000E+02 0.50000E+02 0.36700E+02
0.11500E+04 0.75000E+02 0.50000E+02 0.36700E+02
0.11510E+04 0.75000E+02 0.50000E+02 0.36700E+02
0.11520E+04 0.75000E+02 0.50000E+02 0.36700E+02
0.11530E+04 0.75000E+02 0.50000E+02 0.36700E+02
0.11540E+04 0.75000E+02 0.50000E+02 0.36700E+02
0.11550E+04 0.75000E+02 0.50000E+02 0.36600E+02
0.11560E+04 0.75000E+02 0.50000E+02 0.36600E+02
0.11570E+04 0.75000E+02 0.50000E+02 0.36700E+02
0.11580E+04 0.75000E+02 0.50000E+02 0.36700E+02
0.11590E+04 0.75000E+02 0.50000E+02 0.36700E+02
0.11600E+04 0.75000E+02 0.50000E+02 0.36700E+02
0.11610E+04 0.75000E+02 0.50000E+02 0.36700E+02
0.11620E+04 0.75000E+02 0.50000E+02 0.36700E+02
0.11630E+04 0.75000E+02 0.50000E+02 0.36700E+02
0.11640E+04 0.75000E+02 0.50000E+02 0.36700E+02
0.11650E+04 0.75000E+02 0.50000E+02 0.36700E+02
0.11660E+04 0.75000E+02 0.50000E+02 0.36700E+02
0.11670E+04 0.75000E+02 0.50000E+02 0.36700E+02
0.11680E+04 0.75000E+02 0.50000E+02 0.36600E+02
0.11690E+04 0.75000E+02 0.50000E+02 0.36600E+02
0.11700E+04 0.75000E+02 0.50000E+02 0.36600E+02
0.11710E+04 0.75000E+02 0.50000E+02 0.36600E+02
0.11720E+04 0.75000E+02 0.50000E+02 0.36700E+02
0.11730E+04 0.75000E+02 0.50000E+02 0.36700E+02
0.11740E+04 0.75000E+02 0.50000E+02 0.36700E+02
0.11750E+04 0.75000E+02 0.50000E+02 0.36700E+02
0.11760E+04 0.75000E+02 0.50000E+02 0.36500E+02
0.11770E+04 0.75000E+02 0.50000E+02 0.36500E+02
0.11780E+04 0.75000E+02 0.50000E+02 0.36500E+02
0.11790E+04 0.75000E+02 0.50000E+02 0.36500E+02
0.11800E+04 0.75000E+02 0.50000E+02 0.36700E+02
0.11810E+04 0.75000E+02 0.50000E+02 0.36700E+02
0.11820E+04 0.75000E+02 0.50000E+02 0.36500E+02
0.11830E+04 0.75000E+02 0.50000E+02 0.36500E+02
0.11840E+04 0.75000E+02 0.50000E+02 0.36500E+02
0.11850E+04 0.75000E+02 0.50000E+02 0.36600E+02
0.11860E+04 0.75000E+02 0.50000E+02 0.36600E+02
0.11870E+04 0.75000E+02 0.50000E+02 0.36600E+02
0.11880E+04 0.75000E+02 0.50000E+02 0.36700E+02
0.11890E+04 0.75000E+02 0.50000E+02 0.36600E+02
0.11900E+04 0.75000E+02 0.50000E+02 0.36500E+02
0.11910E+04 0.75000E+02 0.50000E+02 0.36500E+02
0.11920E+04 0.75000E+02 0.50000E+02 0.36500E+02
0.11930E+04 0.75000E+02 0.50000E+02 0.36600E+02
0.11940E+04 0.75000E+02 0.50000E+02 0.36500E+02
0.11950E+04 0.75000E+02 0.50000E+02 0.36500E+02
0.11960E+04 0.75000E+02 0.50000E+02 0.36400E+02
0.11970E+04 0.75000E+02 0.50000E+02 0.36400E+02
0.11980E+04 0.75000E+02 0.50000E+02 0.36400E+02
0.11990E+04 0.75000E+02 0.50000E+02 0.36400E+02
0.12000E+04 0.75000E+02 0.50000E+02 0.36400E+02
0.12010E+04 0.75000E+02 0.50000E+02 0.36400E+02
0.12020E+04 0.75000E+02 0.50000E+02 0.36400E+02
0.12030E+04 0.75000E+02 0.50000E+02 0.36400E+02
0.12040E+04 0.75000E+02 0.50000E+02 0.36400E+02
0.12050E+04 0.75000E+02 0.50000E+02 0.36400E+02
0.12060E+04 0.75000E+02 0.50000E+02 0.36200E+02
0.12070E+04 0.75000E+02 0.50000E+02 0.36200E+02
0.12080E+04 0.75000E+02 0.50000E+02 0.36200E+02
0.12090E+04 0.75000E+02 0.50000E+02 0.36200E+02
0.12100E+04 0.75000E+02 0.50000E+02 0.36200E+02
0.12110E+04 0.75000E+02 0.50000E+02 0.36200E+02
0.12120E+04 0.75000E+02 0.50000E+02 0.36400E+02
0.12130E+04 0.75000E+02 0.50000E+02 0.36400E+02
0.12140E+04 0.75000E+02 0.50000E+02 0.36200E+02
0.12150E+04 0.75000E+02 0.50000E+02 0.36200E+02
0.12160E+04 0.75000E+02 0.50000E+02 0.36200E+02
0.12170E+04 0.75000E+02 0.50000E+02 0.36200E+02
0.12180E+04 0.75000E+02 0.50000E+02 0.36100E+02
0.12190E+04 0.75000E+02 0.50000E+02 0.36100E+02
0.12200E+04 0.75000E+02 0.50000E+02 0.36100E+02
0.12210E+04 0.75000E+02 0.50000E+02 0.36100E+02
0.12220E+04 0.75000E+02 0.50000E+02 0.36100E+02
0.12230E+04 0.75000E+02 0.50000E+02 0.36100E+02
0.12240E+04 0.75000E+02 0.50000E+02 0.36200E+02
0.12250E+04 0.75000E+02 0.50000E+02 0.36100E+02
0.12260E+04 0.75000E+02 0.50000E+02 0.36000E+02
0.12270E+04 0.75000E+02 0.50000E+02 0.36200E+02
0.12280E+04 0.75000E+02 0.50000E+02 0.36200E+02
0.12290E+04 0.75000E+02 0.50000E+02 0.36200E+02
0.12300E+04 0.75000E+02 0.50000E+02 0.36200E+02
0.12310E+04 0.75000E+02 0.50000E+02 0.36200E+02
0.12320E+04 0.75000E+02 0.50000E+02 0.36200E+02
0.12330E+04 0.75000E+02 0.50000E+02 0.36200E+02
0.12340E+04 0.75000E+02 0.50000E+02 0.36100E+02
0.12350E+04 0.75000E+02 0.50000E+02 0.36100E+02
0.12360E+04 0.75000E+02 0.50000E+02 0.36500E+02
0.12370E+04 0.75000E+02 0.50000E+02 0.36500E+02
0.12380E+04 0.75000E+02 0.50000E+02 0.36400E+02
0.12390E+04 0.75000E+02 0.50000E+02 0.36400E+02
0.12400E+04 0.75000E+02 0.50000E+02 0.36500E+02
0.12410E+04 0.75000E+02 0.50000E+02 0.36500E+02
0.12420E+04 0.75000E+02 0.50000E+02 0.36500E+02
0.12430E+04 0.75000E+02 0.50000E+02 0.36400E+02
0.12440E+04 0.75000E+02 0.50000E+02 0.36500E+02
0.12450E+04 0.75000E+02 0.50000E+02 0.36500E+02
0.12460E+04 0.75000E+02 0.50000E+02 0.36500E+02
0.12470E+04 0.75000E+02 0.50000E+02 0.36500E+02
0.12480E+04 0.75000E+02 0.50000E+02 0.36400E+02
0.12490E+04 0.75000E+02 0.50000E+02 0.36500E+02
0.12500E+04 0.75000E+02 0.50000E+02 0.36400E+02
0.12510E+04 0.75000E+02 0.50000E+02 0.36500E+02
0.12520E+04 0.75000E+02 0.50000E+02 0.36500E+02
0.12530E+04 0.75000E+02 0.50000E+02 0.36500E+02
0.12540E+04 0.75000E+02 0.50000E+02 0.36500E+02
0.12550E+04 0.75000E+02 0.50000E+02 0.36500E+02
0.12560E+04 0.75000E+02 0.50000E+02 0.36500E+02
0.12570E+04 0.75000E+02 0.50000E+02 0.36500E+02
0.12580E+04 0.75000E+02 0.50000E+02 0.36500E+02
0.12590E+04 0.75000E+02 0.50000E+02 0.36500E+02
0.12600E+04 0.75000E+02 0.50000E+02 0.36400E+02
0.12610E+04 0.75000E+02 0.50000E+02 0.36400E+02
0.12620E+04 0.75000E+02 0.50000E+02 0.36400E+02
0.12630E+04 0.75000E+02 0.50000E+02 0.36400E+02
0.12640E+04 0.75000E+02 0.50000E+02 0.36500E+02
0.12650E+04 0.75000E+02 0.50000E+02 0.36500E+02
0.12660E+04 0.75000E+02 0.50000E+02 0.36600E+02
0.12670E+04 0.75000E+02 0.50000E+02 0.36600E+02
0.12680E+04 0.75000E+02 0.50000E+02 0.36600E+02
0.12690E+04 0.75000E+02 0.50000E+02 0.36600E+02
0.12700E+04 0.75000E+02 0.50000E+02 0.36800E+02
0.12710E+04 0.75000E+02 0.50000E+02 0.36800E+02
0.12720E+04 0.75000E+02 0.50000E+02 0.36800E+02
0.12730E+04 0.75000E+02 0.50000E+02 0.36800E+02
0.12740E+04 0.75000E+02 0.50000E+02 0.36700E+02
0.12750E+04 0.75000E+02 0.50000E+02 0.36700E+02
0.12760E+04 0.75000E+02 0.50000E+02 0.36700E+02
0.12770E+04 0.75000E+02 0.50000E+02 0.36700E+02
0.12780E+04 0.75000E+02 0.50000E+02 0.36700E+02
0.12790E+04 0.75000E+02 0.50000E+02 0.36700E+02
0.12800E+04 0.75000E+02 0.50000E+02 0.36600E+02
0.12810E+04 0.75000E+02 0.50000E+02 0.36600E+02
0.12820E+04 0.75000E+02 0.50000E+02 0.36500E+02
0.12830E+04 0.75000E+02 0.50000E+02 0.36700E+02
0.12840E+04 0.75000E+02 0.50000E+02 0.36700E+02
0.12850E+04 0.75000E+02 0.50000E+02 0.36700E+02
0.12860E+04 0.75000E+02 0.50000E+02 0.36600E+02
0.12870E+04 0.75000E+02 0.50000E+02 0.36600E+02
0.12880E+04 0.75000E+02 0.50000E+02 0.36600E+02
0.12890E+04 0.75000E+02 0.50000E+02 0.36600E+02
0.12900E+04 0.75000E+02 0.50000E+02 0.36700E+02
0.12910E+04 0.75000E+02 0.50000E+02 0.36700E+02
0.12920E+04 0.75000E+02 0.50000E+02 0.36600E+02
0.12930E+04 0.75000E+02 0.50000E+02 0.36700E+02
0.12940E+04 0.75000E+02 0.50000E+02 0.36600E+02
0.12950E+04 0.75000E+02 0.50000E+02 0.36600E+02
0.12960E+04 0.75000E+02 0.50000E+02 0.36700E+02
0.12970E+04 0.75000E+02 0.50000E+02 0.36700E+02
0.12980E+04 0.75000E+02 0.50000E+02 0.36700E+02
0.12990E+04 0.75000E+02 0.50000E+02 0.36700E+02
0.13000E+04 0.75000E+02 0.50000E+02 0.36700E+02
0.13010E+04 0.75000E+02 0.50000E+02 0.36700E+02
0.13020E+04 0.75000E+02 0.50000E+02 0.36700E+02
0.13030E+04 0.75000E+02 0.50000E+02 0.36700E+02
0.13040E+04 0.75000E+02 0.50000E+02 0.36800E+02
0.13050E+04 0.75000E+02 0.50000E+02 0.36800E+02
0.13060E+04 0.75000E+02 0.50000E+02 0.36800E+02
0.13070E+04 0.75000E+02 0.50000E+02 0.36800E+02
0.13080E+04 0.75000E+02 0.50000E+02 0.36800E+02
0.13090E+04 0.75000E+02 0.50000E+02 0.36800E+02
0.13100E+04 0.75000E+02 0.50000E+02 0.36800E+02
0.13110E+04 0.75000E+02 0.50000E+02 0.36700E+02
0.13120E+04 0.75000E+02 0.50000E+02 0.36800E+02
0.13130E+04 0.75000E+02 0.50000E+02 0.36800E+02
0.13140E+04 0.75000E+02 0.50000E+02 0.36800E+02
0.13150E+04 0.75000E+02 0.50000E+02 0.36800E+02
0.13160E+04 0.75000E+02 0.50000E+02 0.36700E+02
0.13170E+04 0.75000E+02 0.50000E+02 0.36700E+02
0.13180E+04 0.75000E+02 0.50000E+02 0.36800E+02
0.13190E+04 0.75000E+02 0.50000E+02 0.36800E+02
0.13200E+04 0.75000E+02 0.50000E+02 0.36800E+02
0.13210E+04 0.75000E+02 0.50000E+02 0.36800E+02
0.13220E+04 0.75000E+02 0.50000E+02 0.36900E+02
0.13230E+04 0.75000E+02 0.50000E+02 0.36900E+02
0.13240E+04 0.75000E+02 0.50000E+02 0.36900E+02
0.13250E+04 0.75000E+02 0.50000E+02 0.36900E+02
0.13260E+04 0.75000E+02 0.50000E+02 0.36900E+02
0.13270E+04 0.75000E+02 0.50000E+02 0.36900E+02
0.13280E+04 0.75000E+02 0.50000E+02 0.37000E+02
0.13290E+04 0.75000E+02 0.50000E+02 0.37000E+02
0.13300E+04 0.75000E+02 0.50000E+02 0.37000E+02
0.13310E+04 0.75000E+02 0.50000E+02 0.37000E+02
0.13320E+04 0.75000E+02 0.50000E+02 0.37200E+02
0.13330E+04 0.75000E+02 0.50000E+02 0.37200E+02
0.13340E+04 0.75000E+02 0.50000E+02 0.37200E+02
0.13350E+04 0.75000E+02 0.50000E+02 0.37200E+02
0.13360E+04 0.75000E+02 0.50000E+02 0.37200E+02
0.13370E+04 0.75000E+02 0.50000E+02 0.37200E+02
0.13380E+04 0.75000E+02 0.50000E+02 0.37000E+02
0.13390E+04 0.75000E+02 0.50000E+02 0.37000E+02
0.13400E+04 0.75000E+02 0.50000E+02 0.37200E+02
0.13410E+04 0.75000E+02 0.50000E+02 0.37200E+02
0.13420E+04 0.75000E+02 0.50000E+02 0.37200E+02
0.13430E+04 0.75000E+02 0.50000E+02 0.37000E+02
0.13440E+04 0.75000E+02 0.50000E+02 0.37200E+02
0.13450E+04 0.75000E+02 0.50000E+02 0.37000E+02
0.13460E+04 0.75000E+02 0.50000E+02 0.37200E+02
0.13470E+04 0.75000E+02 0.50000E+02 0.37200E+02
0.13480E+04 0.75000E+02 0.50000E+02 0.37200E+02
0.13490E+04 0.75000E+02 0.50000E+02 0.37200E+02
0.13500E+04 0.75000E+02 0.50000E+02 0.37200E+02
0.13510E+04 0.75000E+02 0.50000E+02 0.37200E+02
0.13520E+04 0.75000E+02 0.50000E+02 0.37200E+02
0.13530E+04 0.75000E+02 0.50000E+02 0.37200E+02
0.13540E+04 0.75000E+02 0.50000E+02 0.36900E+02
0.13550E+04 0.75000E+02 0.50000E+02 0.36900E+02
0.13560E+04 0.75000E+02 0.50000E+02 0.37000E+02
0.13570E+04 0.75000E+02 0.50000E+02 0.37000E+02
0.13580E+04 0.75000E+02 0.50000E+02 0.36900E+02
0.13590E+04 0.75000E+02 0.50000E+02 0.36900E+02
0.13600E+04 0.75000E+02 0.50000E+02 0.36900E+02
0.13610E+04 0.75000E+02 0.50000E+02 0.36900E+02
0.13620E+04 0.75000E+02 0.50000E+02 0.36900E+02
0.13630E+04 0.75000E+02 0.50000E+02 0.36900E+02
0.13640E+04 0.75000E+02 0.50000E+02 0.36900E+02
0.13650E+04 0.75000E+02 0.50000E+02 0.36900E+02
0.13660E+04 0.75000E+02 0.50000E+02 0.36800E+02
0.13670E+04 0.75000E+02 0.50000E+02 0.36800E+02
0.13680E+04 0.75000E+02 0.50000E+02 0.36800E+02
0.13690E+04 0.75000E+02 0.50000E+02 0.36800E+02
0.13700E+04 0.75000E+02 0.50000E+02 0.36800E+02
0.13710E+04 0.75000E+02 0.50000E+02 0.36900E+02
0.13720E+04 0.75000E+02 0.50000E+02 0.36900E+02
0.13730E+04 0.75000E+02 0.50000E+02 0.36900E+02
0.13740E+04 0.75000E+02 0.50000E+02 0.36900E+02
0.13750E+04 0.75000E+02 0.50000E+02 0.36900E+02
0.13760E+04 0.75000E+02 0.50000E+02 0.36900E+02
0.13770E+04 0.75000E+02 0.50000E+02 0.36900E+02
0.13780E+04 0.75000E+02 0.50000E+02 0.36900E+02
0.13790E+04 0.75000E+02 0.50000E+02 0.36900E+02
0.13800E+04 0.75000E+02 0.50000E+02 0.36900E+02
0.13810E+04 0.75000E+02 0.50000E+02 0.36900E+02
0.13820E+04 0.75000E+02 0.50000E+02 0.37000E+02
0.13830E+04 0.75000E+02 0.50000E+02 0.37000E+02
0.13840E+04 0.75000E+02 0.50000E+02 0.37000E+02
0.13850E+04 0.75000E+02 0.50000E+02 0.37000E+02
0.13860E+04 0.75000E+02 0.50000E+02 0.37000E+02
0.13870E+04 0.75000E+02 0.50000E+02 0.37000E+02
0.13880E+04 0.75000E+02 0.50000E+02 0.36900E+02
0.13890E+04 0.75000E+02 0.50000E+02 0.36900E+02
0.13900E+04 0.75000E+02 0.50000E+02 0.36900E+02
0.13910E+04 0.75000E+02 0.50000E+02 0.36900E+02
0.13920E+04 0.75000E+02 0.50000E+02 0.37000E+02
0.13930E+04 0.75000E+02 0.50000E+02 0.37000E+02
0.13940E+04 0.75000E+02 0.50000E+02 0.36900E+02
0.13950E+04 0.75000E+02 0.50000E+02 0.36900E+02
0.13960E+04 0.75000E+02 0.50000E+02 0.36800E+02
0.13970E+04 0.75000E+02 0.50000E+02 0.36800E+02
0.13980E+04 0.75000E+02 0.50000E+02 0.36900E+02
0.13990E+04 0.75000E+02 0.50000E+02 0.36800E+02
0.14000E+04 0.75000E+02 0.50000E+02 0.37000E+02
0.14010E+04 0.75000E+02 0.50000E+02 0.36900E+02
0.14020E+04 0.75000E+02 0.50000E+02 0.36900E+02
0.14030E+04 0.75000E+02 0.50000E+02 0.36900E+02
0.14040E+04 0.75000E+02 0.50000E+02 0.36800E+02
0.14050E+04 0.75000E+02 0.50000E+02 0.36800E+02
0.14060E+04 0.75000E+02 0.50000E+02 0.36800E+02
0.14070E+04 0.75000E+02 0.50000E+02 0.36800E+02
0.14080E+04 0.75000E+02 0.50000E+02 0.36800E+02
0.14090E+04 0.75000E+02 0.50000E+02 0.36700E+02
0.14100E+04 0.75000E+02 0.50000E+02 0.36800E+02
0.14110E+04 0.75000E+02 0.50000E+02 0.36800E+02
0.14120E+04 0.75000E+02 0.50000E+02 0.36700E+02
0.14130E+04 0.75000E+02 0.50000E+02 0.36700E+02
0.14140E+04 0.75000E+02 0.50000E+02 0.36700E+02
0.14150E+04 0.75000E+02 0.50000E+02 0.36700E+02
0.14160E+04 0.75000E+02 0.50000E+02 0.36700E+02
0.14170E+04 0.75000E+02 0.50000E+02 0.36700E+02
0.14180E+04 0.75000E+02 0.50000E+02 0.36600E+02
0.14190E+04 0.75000E+02 0.50000E+02 0.36600E+02
0.14200E+04 0.75000E+02 0.50000E+02 0.36700E+02
0.14210E+04 0.75000E+02 0.50000E+02 0.36700E+02
0.14220E+04 0.75000E+02 0.50000E+02 0.36600E+02
0.14230E+04 0.75000E+02 0.50000E+02 0.36700E+02
0.14240E+04 0.75000E+02 0.50000E+02 0.36700E+02
0.14250E+04 0.75000E+02 0.50000E+02 0.36600E+02
0.14260E+04 0.75000E+02 0.50000E+02 0.36600E+02
0.14270E+04 0.75000E+02 0.50000E+02 0.36600E+02
0.14280E+04 0.75000E+02 0.50000E+02 0.36600E+02
0.14290E+04 0.75000E+02 0.50000E+02 0.36600E+02
0.14300E+04 0.75000E+02 0.50000E+02 0.36700E+02
0.14310E+04 0.75000E+02 0.50000E+02 0.36700E+02
0.14320E+04 0.75000E+02 0.50000E+02 0.36800E+02
0.14330E+04 0.75000E+02 0.50000E+02 0.36800E+02
0.14340E+04 0.75000E+02 0.50000E+02 0.36800E+02
0.14350E+04 0.75000E+02 0.50000E+02 0.36800E+02
0.14360E+04 0.75000E+02 0.50000E+02 0.36800E+02
0.14370E+04 0.75000E+02 0.50000E+02 0.36800E+02
0.14380E+04 0.75000E+02 0.50000E+02 0.36800E+02
0.14390E+04 0.75000E+02 0.50000E+02 0.36800E+02
0.14400E+04 0.75000E+02 0.50000E+02 0.36700E+02
0.14410E+04 0.75000E+02 0.50000E+02 0.36700E+02
0.14420E+04 0.75000E+02 0.50000E+02 0.36800E+02
0.14430E+04 0.75000E+02 0.50000E+02 0.36800E+02
0.14440E+04 0.75000E+02 0.50000E+02 0.36700E+02
0.14450E+04 0.75000E+02 0.50000E+02 0.36700E+02
0.14460E+04 0.75000E+02 0.50000E+02 0.36700E+02
0.14470E+04 0.75000E+02 0.50000E+02 0.36700E+02
0.14480E+04 0.75000E+02 0.50000E+02 0.36600E+02
0.14490E+04 0.75000E+02 0.50000E+02 0.36600E+02
0.14500E+04 0.75000E+02 0.50000E+02 0.36500E+02
0.14510E+04 0.75000E+02 0.50000E+02 0.36500E+02
0.14520E+04 0.75000E+02 0.50000E+02 0.36600E+02
0.14530E+04 0.75000E+02 0.50000E+02 0.36600E+02
0.14540E+04 0.75000E+02 0.50000E+02 0.36600E+02
0.14550E+04 0.75000E+02 0.50000E+02 0.36600E+02
0.14560E+04 0.75000E+02 0.50000E+02 0.35200E+02
0.14570E+04 0.75000E+02 0.50000E+02 0.35200E+02
0.14580E+04 0.75000E+02 0.50000E+02 0.35200E+02
0.14590E+04 0.75000E+02 0.50000E+02 0.35200E+02
0.14600E+04 0.75000E+02 0.50000E+02 0.35300E+02
0.14610E+04 0.75000E+02 0.50000E+02 0.35300E+02
0.14620E+04 0.75000E+02 0.50000E+02 0.35300E+02
0.14630E+04 0.75000E+02 0.50000E+02 0.35300E+02
0.14640E+04 0.75000E+02 0.50000E+02 0.35300E+02
0.14650E+04 0.75000E+02 0.50000E+02 0.35300E+02
0.14660E+04 0.75000E+02 0.50000E+02 0.35300E+02
0.14670E+04 0.75000E+02 0.50000E+02 0.35300E+02
0.14680E+04 0.75000E+02 0.50000E+02 0.35300E+02
0.14690E+04 0.75000E+02 0.50000E+02 0.35300E+02
0.14700E+04 0.75000E+02 0.50000E+02 0.35300E+02
0.14710E+04 0.75000E+02 0.50000E+02 0.35300E+02
0.14720E+04 0.75000E+02 0.50000E+02 0.35300E+02
0.14730E+04 0.75000E+02 0.50000E+02 0.35300E+02
0.14740E+04 0.75000E+02 0.50000E+02 0.35300E+02
0.14750E+04 0.75000E+02 0.50000E+02 0.35300E+02
0.14760E+04 0.75000E+02 0.50000E+02 0.35300E+02
0.14770E+04 0.75000E+02 0.50000E+02 0.35300E+02
0.14780E+04 0.75000E+02 0.50000E+02 0.35300E+02
0.14790E+04 0.75000E+02 0.50000E+02 0.35300E+02
0.14800E+04 0.75000E+02 0.50000E+02 0.35200E+02
0.14810E+04 0.75000E+02 0.50000E+02 0.35200E+02
0.14820E+04 0.75000E+02 0.50000E+02 0.35100E+02
0.14830E+04 0.75000E+02 0.50000E+02 0.35100E+02
0.14840E+04 0.75000E+02 0.50000E+02 0.35100E+02
0.14850E+04 0.75000E+02 0.50000E+02 0.35100E+02
0.14860E+04 0.75000E+02 0.50000E+02 0.35000E+02
0.14870E+04 0.75000E+02 0.50000E+02 0.35000E+02
0.14880E+04 0.75000E+02 0.50000E+02 0.35100E+02
0.14890E+04 0.75000E+02 0.50000E+02 0.35100E+02
0.14900E+04 0.75000E+02 0.50000E+02 0.35100E+02
0.14910E+04 0.75000E+02 0.50000E+02 0.35100E+02
0.14920E+04 0.75000E+02 0.50000E+02 0.35100E+02
0.14930E+04 0.75000E+02 0.50000E+02 0.35100E+02
0.14940E+04 0.75000E+02 0.50000E+02 0.35100E+02
0.14950E+04 0.75000E+02 0.50000E+02 0.35100E+02
0.14960E+04 0.75000E+02 0.50000E+02 0.35100E+02
0.14970E+04 0.75000E+02 0.50000E+02 0.35100E+02
0.14980E+04 0.75000E+02 0.50000E+02 0.35000E+02
0.14990E+04 0.75000E+02 0.50000E+02 0.35000E+02
0.15000E+04 0.75000E+02 0.50000E+02 0.35100E+02
0.15010E+04 0.75000E+02 0.50000E+02 0.35100E+02
0.15020E+04 0.75000E+02 0.50000E+02 0.35100E+02
0.15030E+04 0.75000E+02 0.50000E+02 0.35100E+02
0.15040E+04 0.75000E+02 0.50000E+02 0.35100E+02
0.15050E+04 0.75000E+02 0.50000E+02 0.35100E+02
0.15060E+04 0.75000E+02 0.50000E+02 0.35100E+02
0.15070E+04 0.75000E+02 0.50000E+02 0.35100E+02
0.15080E+04 0.75000E+02 0.50000E+02 0.35300E+02
0.15090E+04 0.75000E+02 0.50000E+02 0.35300E+02
0.15100E+04 0.75000E+02 0.50000E+02 0.35200E+02
0.15110E+04 0.75000E+02 0.50000E+02 0.35200E+02
0.15120E+04 0.75000E+02 0.50000E+02 0.35200E+02
0.15130E+04 0.75000E+02 0.50000E+02 0.35200E+02
0.15140E+04 0.75000E+02 0.50000E+02 0.35200E+02
0.15150E+04 0.75000E+02 0.50000E+02 0.35200E+02
0.15160E+04 0.75000E+02 0.50000E+02 0.35100E+02
0.15170E+04 0.75000E+02 0.50000E+02 0.35100E+02
0.15180E+04 0.75000E+02 0.50000E+02 0.35100E+02
0.15190E+04 0.75000E+02 0.50000E+02 0.35100E+02
0.15200E+04 0.75000E+02 0.50000E+02 0.35100E+02
0.15210E+04 0.75000E+02 0.50000E+02 0.35100E+02
0.15220E+04 0.75000E+02 0.50000E+02 0.35100E+02
0.15230E+04 0.75000E+02 0.50000E+02 0.35100E+02
0.15240E+04 0.75000E+02 0.50000E+02 0.35000E+02
0.15250E+04 0.75000E+02 0.50000E+02 0.35000E+02
0.15260E+04 0.75000E+02 0.50000E+02 0.35000E+02
0.15270E+04 0.75000E+02 0.50000E+02 0.35100E+02
0.15280E+04 0.75000E+02 0.50000E+02 0.35000E+02
0.15290E+04 0.75000E+02 0.50000E+02 0.35000E+02
0.15300E+04 0.75000E+02 0.50000E+02 0.35000E+02
0.15310E+04 0.75000E+02 0.50000E+02 0.35000E+02
0.15320E+04 0.75000E+02 0.50000E+02 0.34800E+02
0.15330E+04 0.75000E+02 0.50000E+02 0.34800E+02
0.15340E+04 0.75000E+02 0.50000E+02 0.35000E+02
0.15350E+04 0.75000E+02 0.50000E+02 0.35000E+02
0.15360E+04 0.75000E+02 0.50000E+02 0.35000E+02
0.15370E+04 0.75000E+02 0.50000E+02 0.35000E+02
0.15380E+04 0.75000E+02 0.50000E+02 0.35000E+02
0.15390E+04 0.75000E+02 0.50000E+02 0.35000E+02
0.15400E+04 0.75000E+02 0.50000E+02 0.35000E+02
0.15410E+04 0.75000E+02 0.50000E+02 0.34800E+02
0.15420E+04 0.75000E+02 0.50000E+02 0.35000E+02
0.15430E+04 0.75000E+02 0.50000E+02 0.35000E+02
0.15440E+04 0.75000E+02 0.50000E+02 0.35000E+02
0.15450E+04 0.75000E+02 0.50000E+02 0.35000E+02
0.15460E+04 0.75000E+02 0.50000E+02 0.34800E+02
0.15470E+04 0.75000E+02 0.50000E+02 0.35100E+02
0.15480E+04 0.75000E+02 0.50000E+02 0.35000E+02
0.15490E+04 0.75000E+02 0.50000E+02 0.35000E+02
0.15500E+04 0.75000E+02 0.50000E+02 0.35000E+02
0.15510E+04 0.75000E+02 0.50000E+02 0.35000E+02
0.15520E+04 0.75000E+02 0.50000E+02 0.35000E+02
0.15530E+04 0.75000E+02 0.50000E+02 0.35000E+02
0.15540E+04 0.75000E+02 0.50000E+02 0.35000E+02
0.15550E+04 0.75000E+02 0.50000E+02 0.35000E+02
0.15560E+04 0.75000E+02 0.50000E+02 0.35100E+02
0.15570E+04 0.75000E+02 0.50000E+02 0.35100E+02
0.15580E+04 0.75000E+02 0.50000E+02 0.35200E+02
0.15590E+04 0.75000E+02 0.50000E+02 0.35200E+02
0.15600E+04 0.75000E+02 0.50000E+02 0.35100E+02
0.15610E+04 0.75000E+02 0.50000E+02 0.35100E+02
0.15620E+04 0.75000E+02 0.50000E+02 0.35100E+02
0.15630E+04 0.75000E+02 0.50000E+02 0.35200E+02
0.15640E+04 0.75000E+02 0.50000E+02 0.35100E+02
0.15650E+04 0.75000E+02 0.50000E+02 0.35100E+02
0.15660E+04 0.75000E+02 0.50000E+02 0.35100E+02
0.15670E+04 0.75000E+02 0.50000E+02 0.35100E+02
0.15680E+04 0.75000E+02 0.50000E+02 0.35100E+02
0.15690E+04 0.75000E+02 0.50000E+02 0.35200E+02
0.15700E+04 0.75000E+02 0.50000E+02 0.35100E+02
0.15710E+04 0.75000E+02 0.50000E+02 0.35200E+02
0.15720E+04 0.75000E+02 0.50000E+02 0.35200E+02
0.15730E+04 0.75000E+02 0.50000E+02 0.35200E+02
0.15740E+04 0.75000E+02 0.50000E+02 0.35200E+02
0.15750E+04 0.75000E+02 0.50000E+02 0.35200E+02
0.15760E+04 0.75000E+02 0.50000E+02 0.35200E+02
0.15770E+04 0.75000E+02 0.50000E+02 0.35300E+02
0.15780E+04 0.75000E+02 0.50000E+02 0.35200E+02
0.15790E+04 0.75000E+02 0.50000E+02 0.35200E+02
0.15800E+04 0.75000E+02 0.50000E+02 0.35300E+02
0.15810E+04 0.75000E+02 0.50000E+02 0.35300E+02
0.15820E+04 0.75000E+02 0.50000E+02 0.35300E+02
0.15830E+04 0.75000E+02 0.50000E+02 0.35300E+02
0.15840E+04 0.75000E+02 0.50000E+02 0.35300E+02
0.15850E+04 0.75000E+02 0.50000E+02 0.35300E+02
0.15860E+04 0.75000E+02 0.50000E+02 0.35300E+02
0.15870E+04 0.75000E+02 0.50000E+02 0.35300E+02
0.15880E+04 0.75000E+02 0.50000E+02 0.35300E+02
0.15890E+04 0.75000E+02 0.50000E+02 0.35400E+02
0.15900E+04 0.75000E+02 0.50000E+02 0.35300E+02
0.15910E+04 0.75000E+02 0.50000E+02 0.35300E+02
0.15920E+04 0.75000E+02 0.50000E+02 0.35300E+02
0.15930E+04 0.75000E+02 0.50000E+02 0.35300E+02
0.15940E+04 0.75000E+02 0.50000E+02 0.35300E+02
0.15950E+04 0.75000E+02 0.50000E+02 0.35300E+02
0.15960E+04 0.75000E+02 0.50000E+02 0.35300E+02
0.15970E+04 0.75000E+02 0.50000E+02 0.35300E+02
0.15980E+04 0.75000E+02 0.50000E+02 0.35200E+02
0.15990E+04 0.75000E+02 0.50000E+02 0.35200E+02
0.16000E+04 0.75000E+02 0.50000E+02 0.35300E+02
0.16010E+04 0.75000E+02 0.50000E+02 0.35300E+02
0.16020E+04 0.75000E+02 0.50000E+02 0.35300E+02
0.16030E+04 0.75000E+02 0.50000E+02 0.35300E+02
0.16040E+04 0.75000E+02 0.50000E+02 0.35200E+02
0.16050E+04 0.75000E+02 0.50000E+02 0.35200E+02
0.16060E+04 0.75000E+02 0.50000E+02 0.35300E+02
0.16070E+04 0.75000E+02 0.50000E+02 0.35300E+02
0.16080E+04 0.75000E+02 0.50000E+02 0.35400E+02
0.16090E+04 0.75000E+02 0.50000E+02 0.35400E+02
0.16100E+04 0.75000E+02 0.50000E+02 0.35300E+02
0.16110E+04 0.75000E+02 0.50000E+02 0.35300E+02
0.16120E+04 0.75000E+02 0.50000E+02 0.35200E+02
0.16130E+04 0.75000E+02 0.50000E+02 0.35200E+02
0.16140E+04 0.75000E+02 0.50000E+02 0.35100E+02
0.16150E+04 0.75000E+02 0.50000E+02 0.35100E+02
0.16160E+04 0.75000E+02 0.50000E+02 0.35300E+02
0.16170E+04 0.75000E+02 0.50000E+02 0.35300E+02
0.16180E+04 0.75000E+02 0.50000E+02 0.35300E+02
0.16190E+04 0.75000E+02 0.50000E+02 0.35300E+02
0.16200E+04 0.75000E+02 0.50000E+02 0.35300E+02
0.16210E+04 0.75000E+02 0.50000E+02 0.35300E+02
0.16220E+04 0.75000E+02 0.50000E+02 0.35200E+02
0.16230E+04 0.75000E+02 0.50000E+02 0.35200E+02
0.16240E+04 0.75000E+02 0.50000E+02 0.35200E+02
0.16250E+04 0.75000E+02 0.50000E+02 0.35200E+02
0.16260E+04 0.75000E+02 0.50000E+02 0.35200E+02
0.16270E+04 0.75000E+02 0.50000E+02 0.35100E+02
0.16280E+04 0.75000E+02 0.50000E+02 0.35200E+02
0.16290E+04 0.75000E+02 0.50000E+02 0.35200E+02
0.16300E+04 0.75000E+02 0.50000E+02 0.35200E+02
0.16310E+04 0.75000E+02 0.50000E+02 0.35100E+02
0.16320E+04 0.75000E+02 0.50000E+02 0.35100E+02
0.16330E+04 0.75000E+02 0.50000E+02 0.35100E+02
0.16340E+04 0.75000E+02 0.50000E+02 0.35100E+02
0.16350E+04 0.75000E+02 0.50000E+02 0.35100E+02
0.16360E+04 0.75000E+02 0.50000E+02 0.35200E+02
0.16370E+04 0.75000E+02 0.50000E+02 0.35100E+02
0.16380E+04 0.75000E+02 0.50000E+02 0.35200E+02
0.16390E+04 0.75000E+02 0.50000E+02 0.35200E+02
0.16400E+04 0.75000E+02 0.50000E+02 0.35200E+02
0.16410E+04 0.75000E+02 0.50000E+02 0.35200E+02
0.16420E+04 0.75000E+02 0.50000E+02 0.35200E+02
0.16430E+04 0.75000E+02 0.50000E+02 0.35200E+02
0.16440E+04 0.75000E+02 0.50000E+02 0.35200E+02
0.16450E+04 0.75000E+02 0.50000E+02 0.35100E+02
0.16460E+04 0.75000E+02 0.50000E+02 0.35200E+02
0.16470E+04 0.75000E+02 0.50000E+02 0.35200E+02
0.16480E+04 0.75000E+02 0.50000E+02 0.35200E+02
0.16490E+04 0.75000E+02 0.50000E+02 0.35200E+02
0.16500E+04 0.75000E+02 0.50000E+02 0.35300E+02
0.16510E+04 0.75000E+02 0.50000E+02 0.35300E+02
0.16520E+04 0.75000E+02 0.50000E+02 0.35300E+02
0.16530E+04 0.75000E+02 0.50000E+02 0.35300E+02
0.16540E+04 0.75000E+02 0.50000E+02 0.35200E+02
0.16550E+04 0.75000E+02 0.50000E+02 0.35200E+02
0.16560E+04 0.75000E+02 0.50000E+02 0.35200E+02
0.16570E+04 0.75000E+02 0.50000E+02 0.35200E+02
0.16580E+04 0.75000E+02 0.50000E+02 0.35100E+02
0.16590E+04 0.75000E+02 0.50000E+02 0.35100E+02
0.16600E+04 0.75000E+02 0.50000E+02 0.35100E+02
0.16610E+04 0.75000E+02 0.50000E+02 0.35100E+02
0.16620E+04 0.75000E+02 0.50000E+02 0.35100E+02
0.16630E+04 0.75000E+02 0.50000E+02 0.35100E+02
0.16640E+04 0.75000E+02 0.50000E+02 0.35100E+02
0.16650E+04 0.75000E+02 0.50000E+02 0.35000E+02
0.16660E+04 0.75000E+02 0.50000E+02 0.35200E+02
0.16670E+04 0.75000E+02 0.50000E+02 0.35200E+02
0.16680E+04 0.75000E+02 0.50000E+02 0.35200E+02
0.16690E+04 0.75000E+02 0.50000E+02 0.35200E+02
0.16700E+04 0.75000E+02 0.50000E+02 0.35100E+02
0.16710E+04 0.75000E+02 0.50000E+02 0.35100E+02
0.16720E+04 0.75000E+02 0.50000E+02 0.35100E+02
0.16730E+04 0.75000E+02 0.50000E+02 0.35100E+02
0.16740E+04 0.75000E+02 0.50000E+02 0.35100E+02
0.16750E+04 0.75000E+02 0.50000E+02 0.35100E+02
0.16760E+04 0.75000E+02 0.50000E+02 0.35000E+02
0.16770E+04 0.75000E+02 0.50000E+02 0.35000E+02
0.16780E+04 0.75000E+02 0.50000E+02 0.35100E+02
0.16790E+04 0.75000E+02 0.50000E+02 0.35100E+02
0.16800E+04 0.75000E+02 0.50000E+02 0.35000E+02
0.16810E+04 0.75000E+02 0.50000E+02 0.35000E+02
0.16820E+04 0.75000E+02 0.50000E+02 0.35100E+02
0.16830E+04 0.75000E+02 0.50000E+02 0.35100E+02
0.16840E+04 0.75000E+02 0.50000E+02 0.35100E+02
0.16850E+04 0.75000E+02 0.50000E+02 0.35100E+02
0.16860E+04 0.75000E+02 0.50000E+02 0.35000E+02
0.16870E+04 0.75000E+02 0.50000E+02 0.35100E+02
0.16880E+04 0.75000E+02 0.50000E+02 0.35100E+02
0.16890E+04 0.75000E+02 0.50000E+02 0.35200E+02
0.16900E+04 0.75000E+02 0.50000E+02 0.35100E+02
0.16910E+04 0.75000E+02 0.50000E+02 0.35100E+02
0.16920E+04 0.75000E+02 0.50000E+02 0.35100E+02
0.16930E+04 0.75000E+02 0.50000E+02 0.35100E+02
0.16940E+04 0.75000E+02 0.50000E+02 0.35100E+02
0.16950E+04 0.75000E+02 0.50000E+02 0.35100E+02
0.16960E+04 0.75000E+02 0.50000E+02 0.35200E+02
0.16970E+04 0.75000E+02 0.50000E+02 0.35200E+02
0.16980E+04 0.75000E+02 0.50000E+02 0.35200E+02
0.16990E+04 0.75000E+02 0.50000E+02 0.35200E+02
0.17000E+04 0.75000E+02 0.50000E+02 0.35000E+02
0.17010E+04 0.75000E+02 0.50000E+02 0.35100E+02
0.17020E+04 0.75000E+02 0.50000E+02 0.35000E+02
0.17030E+04 0.75000E+02 0.50000E+02 0.35000E+02
0.17040E+04 0.75000E+02 0.50000E+02 0.35000E+02
0.17050E+04 0.75000E+02 0.50000E+02 0.35000E+02
0.17060E+04 0.75000E+02 0.50000E+02 0.35100E+02
0.17070E+04 0.75000E+02 0.50000E+02 0.35100E+02
0.17080E+04 0.75000E+02 0.50000E+02 0.35100E+02
0.17090E+04 0.75000E+02 0.50000E+02 0.35100E+02
0.17100E+04 0.75000E+02 0.50000E+02 0.35000E+02
0.17110E+04 0.75000E+02 0.50000E+02 0.35000E+02
0.17120E+04 0.75000E+02 0.50000E+02 0.35100E+02
0.17130E+04 0.75000E+02 0.50000E+02 0.35100E+02
0.17140E+04 0.75000E+02 0.50000E+02 0.35100E+02
0.17150E+04 0.75000E+02 0.50000E+02 0.35100E+02
0.17160E+04 0.75000E+02 0.50000E+02 0.35100E+02
0.17170E+04 0.75000E+02 0.50000E+02 0.35100E+02
0.17180E+04 0.75000E+02 0.50000E+02 0.35100E+02
0.17190E+04 0.75000E+02 0.50000E+02 0.35100E+02
0.17200E+04 0.75000E+02 0.50000E+02 0.35100E+02
0.17210E+04 0.75000E+02 0.50000E+02 0.35100E+02
0.17220E+04 0.75000E+02 0.50000E+02 0.35100E+02
0.17230E+04 0.75000E+02 0.50000E+02 0.35100E+02
0.17240E+04 0.75000E+02 0.50000E+02 0.35000E+02
0.17250E+04 0.75000E+02 0.50000E+02 0.35100E+02
0.17260E+04 0.75000E+02 0.50000E+02 0.35000E+02
0.17270E+04 0.75000E+02 0.50000E+02 0.35100E+02
0.17280E+04 0.75000E+02 0.50000E+02 0.35000E+02
0.17290E+04 0.75000E+02 0.50000E+02 0.35000E+02
0.17300E+04 0.75000E+02 0.50000E+02 0.35000E+02
0.17310E+04 0.75000E+02 0.50000E+02 0.35000E+02
0.17320E+04 0.75000E+02 0.50000E+02 0.35000E+02
0.17330E+04 0.75000E+02 0.50000E+02 0.35000E+02
0.17340E+04 0.75000E+02 0.50000E+02 0.35000E+02
0.17350E+04 0.75000E+02 0.50000E+02 0.34800E+02
0.17360E+04 0.75000E+02 0.50000E+02 0.35000E+02
0.17370E+04 0.75000E+02 0.50000E+02 0.35000E+02
0.17380E+04 0.75000E+02 0.50000E+02 0.34800E+02
0.17390E+04 0.75000E+02 0.50000E+02 0.35000E+02
0.17400E+04 0.75000E+02 0.50000E+02 0.35000E+02
0.17410E+04 0.75000E+02 0.50000E+02 0.35000E+02
0.17420E+04 0.75000E+02 0.50000E+02 0.35000E+02
0.17430E+04 0.75000E+02 0.50000E+02 0.35000E+02
0.17440E+04 0.75000E+02 0.50000E+02 0.35100E+02
0.17450E+04 0.75000E+02 0.50000E+02 0.35100E+02
0.17460E+04 0.75000E+02 0.50000E+02 0.35100E+02
0.17470E+04 0.75000E+02 0.50000E+02 0.35100E+02
0.17480E+04 0.75000E+02 0.50000E+02 0.35000E+02
0.17490E+04 0.75000E+02 0.50000E+02 0.35100E+02
0.17500E+04 0.75000E+02 0.50000E+02 0.34800E+02
0.17510E+04 0.75000E+02 0.50000E+02 0.34800E+02
0.17520E+04 0.75000E+02 0.50000E+02 0.34800E+02
0.17530E+04 0.75000E+02 0.50000E+02 0.34800E+02
0.17540E+04 0.75000E+02 0.50000E+02 0.34800E+02
0.17550E+04 0.75000E+02 0.50000E+02 0.34800E+02
0.17560E+04 0.75000E+02 0.50000E+02 0.34700E+02
0.17570E+04 0.75000E+02 0.50000E+02 0.34700E+02
0.17580E+04 0.75000E+02 0.50000E+02 0.34800E+02
0.17590E+04 0.75000E+02 0.50000E+02 0.34700E+02
0.17600E+04 0.75000E+02 0.50000E+02 0.34800E+02
0.17610E+04 0.75000E+02 0.50000E+02 0.34700E+02
0.17620E+04 0.75000E+02 0.50000E+02 0.34700E+02
0.17630E+04 0.75000E+02 0.50000E+02 0.34700E+02
0.17640E+04 0.75000E+02 0.50000E+02 0.34700E+02
0.17650E+04 0.75000E+02 0.50000E+02 0.34700E+02
0.17660E+04 0.75000E+02 0.50000E+02 0.34700E+02
0.17670E+04 0.75000E+02 0.50000E+02 0.34700E+02
0.17680E+04 0.75000E+02 0.50000E+02 0.34600E+02
0.17690E+04 0.75000E+02 0.50000E+02 0.34600E+02
0.17700E+04 0.75000E+02 0.50000E+02 0.34700E+02
0.17710E+04 0.75000E+02 0.50000E+02 0.34700E+02
0.17720E+04 0.75000E+02 0.50000E+02 0.34700E+02
0.17730E+04 0.75000E+02 0.50000E+02 0.34600E+02
0.17740E+04 0.75000E+02 0.50000E+02 0.34700E+02
0.17750E+04 0.75000E+02 0.50000E+02 0.34700E+02
0.17760E+04 0.75000E+02 0.50000E+02 0.34800E+02
0.17770E+04 0.75000E+02 0.50000E+02 0.34800E+02
0.17780E+04 0.75000E+02 0.50000E+02 0.34700E+02
0.17790E+04 0.75000E+02 0.50000E+02 0.34700E+02
0.17800E+04 0.75000E+02 0.50000E+02 0.34800E+02
0.17810E+04 0.75000E+02 0.50000E+02 0.34800E+02
0.17820E+04 0.75000E+02 0.50000E+02 0.34600E+02
0.17830E+04 0.75000E+02 0.50000E+02 0.34700E+02
0.17840E+04 0.75000E+02 0.50000E+02 0.34600E+02
0.17850E+04 0.75000E+02 0.50000E+02 0.34700E+02
0.17860E+04 0.75000E+02 0.50000E+02 0.34700E+02
0.17870E+04 0.75000E+02 0.50000E+02 0.34700E+02
0.17880E+04 0.75000E+02 0.50000E+02 0.34700E+02
0.17890E+04 0.75000E+02 0.50000E+02 0.34700E+02
0.17900E+04 0.75000E+02 0.50000E+02 0.34700E+02
0.17910E+04 0.75000E+02 0.50000E+02 0.34700E+02
0.17920E+04 0.75000E+02 0.50000E+02 0.34700E+02
0.17930E+04 0.75000E+02 0.50000E+02 0.34700E+02
0.17940E+04 0.75000E+02 0.50000E+02 0.34700E+02
0.17950E+04 0.75000E+02 0.50000E+02 0.34700E+02
0.17960E+04 0.75000E+02 0.50000E+02 0.34600E+02
0.17970E+04 0.75000E+02 0.50000E+02 0.34600E+02
0.17980E+04 0.75000E+02 0.50000E+02 0.34700E+02
0.17990E+04 0.75000E+02 0.50000E+02 0.34700E+02
0.18000E+04 0.75000E+02 0.50000E+02 0.34700E+02
0.18010E+04 0.75000E+02 0.50000E+02 0.34700E+02
0.18020E+04 0.75000E+02 0.50000E+02 0.34600E+02
0.18030E+04 0.75000E+02 0.50000E+02 0.34700E+02
0.18040E+04 0.75000E+02 0.50000E+02 0.34600E+02
0.18050E+04 0.75000E+02 0.50000E+02 0.34700E+02
0.18060E+04 0.75000E+02 0.50000E+02 0.34600E+02
0.18070E+04 0.75000E+02 0.50000E+02 0.34600E+02
0.18080E+04 0.75000E+02 0.50000E+02 0.34700E+02
0.18090E+04 0.75000E+02 0.50000E+02 0.34700E+02
0.18100E+04 0.75000E+02 0.50000E+02 0.34600E+02
0.18110E+04 0.75000E+02 0.50000E+02 0.34600E+02
0.18120E+04 0.75000E+02 0.50000E+02 0.34600E+02
0.18130E+04 0.75000E+02 0.50000E+02 0.34600E+02
0.18140E+04 0.75000E+02 0.50000E+02 0.34700E+02
0.18150E+04 0.75000E+02 0.50000E+02 0.34600E+02
0.18160E+04 0.75000E+02 0.50000E+02 0.34700E+02
0.18170E+04 0.75000E+02 0.50000E+02 0.34600E+02
0.18180E+04 0.75000E+02 0.50000E+02 0.34700E+02
0.18190E+04 0.75000E+02 0.50000E+02 0.34700E+02
0.18200E+04 0.75000E+02 0.50000E+02 0.34600E+02
0.18210E+04 0.75000E+02 0.50000E+02 0.34600E+02
0.18220E+04 0.75000E+02 0.50000E+02 0.34700E+02
0.18230E+04 0.75000E+02 0.50000E+02 0.34700E+02
0.18240E+04 0.75000E+02 0.50000E+02 0.34600E+02
0.18250E+04 0.75000E+02 0.50000E+02 0.34600E+02
0.18260E+04 0.75000E+02 0.50000E+02 0.34600E+02
0.18270E+04 0.75000E+02 0.50000E+02 0.34600E+02
0.18280E+04 0.75000E+02 0.50000E+02 0.34600E+02
0.18290E+04 0.75000E+02 0.50000E+02 0.34600E+02
0.18300E+04 0.75000E+02 0.50000E+02 0.34700E+02
0.18310E+04 0.75000E+02 0.50000E+02 0.34800E+02
0.18320E+04 0.75000E+02 0.50000E+02 0.34700E+02
0.18330E+04 0.75000E+02 0.50000E+02 0.34700E+02
0.18340E+04 0.75000E+02 0.50000E+02 0.34800E+02
0.18350E+04 0.75000E+02 0.50000E+02 0.34800E+02
0.18360E+04 0.75000E+02 0.50000E+02 0.34700E+02
0.18370E+04 0.75000E+02 0.50000E+02 0.34700E+02
0.18380E+04 0.75000E+02 0.50000E+02 0.34700E+02
0.18390E+04 0.75000E+02 0.50000E+02 0.34700E+02
0.18400E+04 0.75000E+02 0.50000E+02 0.34700E+02
0.18410E+04 0.75000E+02 0.50000E+02 0.34700E+02
0.18420E+04 0.75000E+02 0.50000E+02 0.34800E+02
0.18430E+04 0.75000E+02 0.50000E+02 0.34800E+02
0.18440E+04 0.75000E+02 0.50000E+02 0.34800E+02
0.18450E+04 0.75000E+02 0.50000E+02 0.34800E+02
0.18460E+04 0.75000E+02 0.50000E+02 0.35000E+02
0.18470E+04 0.75000E+02 0.50000E+02 0.35000E+02
0.18480E+04 0.75000E+02 0.50000E+02 0.35000E+02
0.18490E+04 0.75000E+02 0.50000E+02 0.35000E+02
0.18500E+04 0.75000E+02 0.50000E+02 0.34800E+02
0.18510E+04 0.75000E+02 0.50000E+02 0.35000E+02
0.18520E+04 0.75000E+02 0.50000E+02 0.34800E+02
0.18530E+04 0.75000E+02 0.50000E+02 0.34800E+02
0.18540E+04 0.75000E+02 0.50000E+02 0.35000E+02
0.18550E+04 0.75000E+02 0.50000E+02 0.34800E+02
0.18560E+04 0.75000E+02 0.50000E+02 0.35000E+02
0.18570E+04 0.75000E+02 0.50000E+02 0.35000E+02
0.18580E+04 0.75000E+02 0.50000E+02 0.34800E+02
0.18590E+04 0.75000E+02 0.50000E+02 0.34800E+02
0.18600E+04 0.75000E+02 0.50000E+02 0.35000E+02
0.18610E+04 0.75000E+02 0.50000E+02 0.35000E+02
0.18620E+04 0.75000E+02 0.50000E+02 0.35000E+02
0.18630E+04 0.75000E+02 0.50000E+02 0.35000E+02
0.18640E+04 0.75000E+02 0.50000E+02 0.35000E+02
0.18650E+04 0.75000E+02 0.50000E+02 0.35000E+02
0.18660E+04 0.75000E+02 0.50000E+02 0.35000E+02
0.18670E+04 0.75000E+02 0.50000E+02 0.35000E+02
0.18680E+04 0.75000E+02 0.50000E+02 0.35000E+02
0.18690E+04 0.75000E+02 0.50000E+02 0.35000E+02
0.18700E+04 0.75000E+02 0.50000E+02 0.35000E+02
0.18710E+04 0.75000E+02 0.50000E+02 0.35000E+02
0.18720E+04 0.75000E+02 0.50000E+02 0.35000E+02
0.18730E+04 0.75000E+02 0.50000E+02 0.35000E+02
0.18740E+04 0.75000E+02 0.50000E+02 0.35000E+02
0.18750E+04 0.75000E+02 0.50000E+02 0.35000E+02
0.18760E+04 0.75000E+02 0.50000E+02 0.35000E+02
0.18770E+04 0.75000E+02 0.50000E+02 0.34800E+02
0.18780E+04 0.75000E+02 0.50000E+02 0.34800E+02
0.18790E+04 0.75000E+02 0.50000E+02 0.34800E+02
0.18800E+04 0.75000E+02 0.50000E+02 0.35000E+02
0.18810E+04 0.75000E+02 0.50000E+02 0.35000E+02
0.18820E+04 0.75000E+02 0.50000E+02 0.35000E+02
0.18830E+04 0.75000E+02 0.50000E+02 0.35000E+02
0.18840E+04 0.75000E+02 0.50000E+02 0.35000E+02
0.18850E+04 0.75000E+02 0.50000E+02 0.34800E+02
0.18860E+04 0.75000E+02 0.50000E+02 0.34800E+02
0.18870E+04 0.75000E+02 0.50000E+02 0.34800E+02
0.18880E+04 0.75000E+02 0.50000E+02 0.35000E+02
0.18890E+04 0.75000E+02 0.50000E+02 0.35000E+02
0.18900E+04 0.75000E+02 0.50000E+02 0.35000E+02
0.18910E+04 0.75000E+02 0.50000E+02 0.35000E+02
0.18920E+04 0.75000E+02 0.50000E+02 0.35000E+02
0.18930E+04 0.75000E+02 0.50000E+02 0.35000E+02
0.18940E+04 0.75000E+02 0.50000E+02 0.35000E+02
0.18950E+04 0.75000E+02 0.50000E+02 0.35000E+02
0.18960E+04 0.75000E+02 0.50000E+02 0.35000E+02
0.18970E+04 0.75000E+02 0.50000E+02 0.35000E+02
0.18980E+04 0.75000E+02 0.50000E+02 0.35100E+02
0.18990E+04 0.75000E+02 0.50000E+02 0.35100E+02
0.19000E+04 0.75000E+02 0.50000E+02 0.35000E+02
0.19010E+04 0.75000E+02 0.50000E+02 0.35000E+02
0.19020E+04 0.75000E+02 0.50000E+02 0.35000E+02
0.19030E+04 0.75000E+02 0.50000E+02 0.35000E+02
0.19040E+04 0.75000E+02 0.50000E+02 0.35100E+02
0.19050E+04 0.75000E+02 0.50000E+02 0.35000E+02
0.19060E+04 0.75000E+02 0.50000E+02 0.34800E+02
0.19070E+04 0.75000E+02 0.50000E+02 0.34800E+02
0.19080E+04 0.75000E+02 0.50000E+02 0.35000E+02
0.19090E+04 0.75000E+02 0.50000E+02 0.35000E+02
0.19100E+04 0.75000E+02 0.50000E+02 0.35000E+02
0.19110E+04 0.75000E+02 0.50000E+02 0.35000E+02
0.19120E+04 0.75000E+02 0.50000E+02 0.34800E+02
0.19130E+04 0.75000E+02 0.50000E+02 0.34800E+02
0.19140E+04 0.75000E+02 0.50000E+02 0.34800E+02
0.19150E+04 0.75000E+02 0.50000E+02 0.34800E+02
0.19160E+04 0.75000E+02 0.50000E+02 0.34700E+02
0.19170E+04 0.75000E+02 0.50000E+02 0.34700E+02
0.19180E+04 0.75000E+02 0.50000E+02 0.34700E+02
0.19190E+04 0.75000E+02 0.50000E+02 0.34700E+02
0.19200E+04 0.75000E+02 0.50000E+02 0.34700E+02
0.19210E+04 0.75000E+02 0.50000E+02 0.34700E+02
0.19220E+04 0.75000E+02 0.50000E+02 0.34800E+02
0.19230E+04 0.75000E+02 0.50000E+02 0.34800E+02
0.19240E+04 0.75000E+02 0.50000E+02 0.35000E+02
0.19250E+04 0.75000E+02 0.50000E+02 0.35000E+02
0.19260E+04 0.75000E+02 0.50000E+02 0.34800E+02
0.19270E+04 0.75000E+02 0.50000E+02 0.34800E+02
0.19280E+04 0.75000E+02 0.50000E+02 0.34800E+02
0.19290E+04 0.75000E+02 0.50000E+02 0.34800E+02
0.19300E+04 0.75000E+02 0.50000E+02 0.34800E+02
0.19310E+04 0.75000E+02 0.50000E+02 0.34800E+02
0.19320E+04 0.75000E+02 0.50000E+02 0.34800E+02
0.19330E+04 0.75000E+02 0.50000E+02 0.34800E+02
0.19340E+04 0.75000E+02 0.50000E+02 0.34800E+02
0.19350E+04 0.75000E+02 0.50000E+02 0.34800E+02
0.19360E+04 0.75000E+02 0.50000E+02 0.34700E+02
0.19370E+04 0.75000E+02 0.50000E+02 0.34700E+02
0.19380E+04 0.75000E+02 0.50000E+02 0.34700E+02
0.19390E+04 0.75000E+02 0.50000E+02 0.34700E+02
0.19400E+04 0.75000E+02 0.50000E+02 0.34700E+02
0.19410E+04 0.75000E+02 0.50000E+02 0.34800E+02
0.19420E+04 0.75000E+02 0.50000E+02 0.34700E+02
0.19430E+04 0.75000E+02 0.50000E+02 0.34800E+02
0.19440E+04 0.75000E+02 0.50000E+02 0.34800E+02
0.19450E+04 0.75000E+02 0.50000E+02 0.35000E+02
0.19460E+04 0.75000E+02 0.50000E+02 0.35100E+02
0.19470E+04 0.75000E+02 0.50000E+02 0.35100E+02
0.19480E+04 0.75000E+02 0.50000E+02 0.35000E+02
0.19490E+04 0.75000E+02 0.50000E+02 0.35000E+02
0.19500E+04 0.75000E+02 0.50000E+02 0.35000E+02
0.19510E+04 0.75000E+02 0.50000E+02 0.35000E+02
0.19520E+04 0.75000E+02 0.50000E+02 0.35100E+02
0.19530E+04 0.75000E+02 0.50000E+02 0.35100E+02
0.19540E+04 0.75000E+02 0.50000E+02 0.35100E+02
0.19550E+04 0.75000E+02 0.50000E+02 0.35100E+02
0.19560E+04 0.75000E+02 0.50000E+02 0.35000E+02
0.19570E+04 0.75000E+02 0.50000E+02 0.35000E+02
0.19580E+04 0.75000E+02 0.50000E+02 0.35000E+02
0.19590E+04 0.75000E+02 0.50000E+02 0.35000E+02
0.19600E+04 0.75000E+02 0.50000E+02 0.35000E+02
0.19610E+04 0.75000E+02 0.50000E+02 0.35000E+02
0.19620E+04 0.75000E+02 0.50000E+02 0.35000E+02
0.19630E+04 0.75000E+02 0.50000E+02 0.35000E+02
0.19640E+04 0.75000E+02 0.50000E+02 0.34800E+02
0.19650E+04 0.75000E+02 0.50000E+02 0.34800E+02
0.19660E+04 0.75000E+02 0.50000E+02 0.35000E+02
0.19670E+04 0.75000E+02 0.50000E+02 0.35000E+02
0.19680E+04 0.75000E+02 0.50000E+02 0.35000E+02
0.19690E+04 0.75000E+02 0.50000E+02 0.35000E+02
0.19700E+04 0.75000E+02 0.50000E+02 0.35000E+02
0.19710E+04 0.75000E+02 0.50000E+02 0.35000E+02
0.19720E+04 0.75000E+02 0.50000E+02 0.35000E+02
0.19730E+04 0.75000E+02 0.50000E+02 0.35000E+02
0.19740E+04 0.75000E+02 0.50000E+02 0.35100E+02
0.19750E+04 0.75000E+02 0.50000E+02 0.35100E+02
0.19760E+04 0.75000E+02 0.50000E+02 0.35100E+02
0.19770E+04 0.75000E+02 0.50000E+02 0.35100E+02
0.19780E+04 0.75000E+02 0.50000E+02 0.35100E+02
0.19790E+04 0.75000E+02 0.50000E+02 0.35100E+02
0.19800E+04 0.75000E+02 0.50000E+02 0.35100E+02
0.19810E+04 0.75000E+02 0.50000E+02 0.35100E+02
0.19820E+04 0.75000E+02 0.50000E+02 0.35000E+02
0.19830E+04 0.75000E+02 0.50000E+02 0.35000E+02
0.19840E+04 0.75000E+02 0.50000E+02 0.35000E+02
0.19850E+04 0.75000E+02 0.50000E+02 0.35000E+02
0.19860E+04 0.75000E+02 0.50000E+02 0.34800E+02
0.19870E+04 0.75000E+02 0.50000E+02 0.34800E+02
0.19880E+04 0.75000E+02 0.50000E+02 0.34800E+02
0.19890E+04 0.75000E+02 0.50000E+02 0.34800E+02
0.19900E+04 0.75000E+02 0.50000E+02 0.34800E+02
0.19910E+04 0.75000E+02 0.50000E+02 0.35000E+02
0.19920E+04 0.75000E+02 0.50000E+02 0.34800E+02
0.19930E+04 0.75000E+02 0.50000E+02 0.34800E+02
0.19940E+04 0.75000E+02 0.50000E+02 0.34800E+02
0.19950E+04 0.75000E+02 0.50000E+02 0.34800E+02
0.19960E+04 0.75000E+02 0.50000E+02 0.34700E+02
0.19970E+04 0.75000E+02 0.50000E+02 0.34700E+02
0.19980E+04 0.75000E+02 0.50000E+02 0.34800E+02
0.19990E+04 0.75000E+02 0.50000E+02 0.34800E+02
0.20000E+04 0.75000E+02 0.50000E+02 0.34800E+02
0.20010E+04 0.75000E+02 0.50000E+02 0.35000E+02
0.20020E+04 0.75000E+02 0.50000E+02 0.34800E+02
0.20030E+04 0.75000E+02 0.50000E+02 0.34800E+02
0.20040E+04 0.75000E+02 0.50000E+02 0.34800E+02
0.20050E+04 0.75000E+02 0.50000E+02 0.34800E+02
0.20060E+04 0.75000E+02 0.50000E+02 0.34800E+02
0.20070E+04 0.75000E+02 0.50000E+02 0.34800E+02
0.20080E+04 0.75000E+02 0.50000E+02 0.34800E+02
0.20090E+04 0.75000E+02 0.50000E+02 0.34800E+02
0.20100E+04 0.75000E+02 0.50000E+02 0.35000E+02
0.20110E+04 0.75000E+02 0.50000E+02 0.35000E+02
0.20120E+04 0.75000E+02 0.50000E+02 0.35000E+02
0.20130E+04 0.75000E+02 0.50000E+02 0.35000E+02
0.20140E+04 0.75000E+02 0.50000E+02 0.35000E+02
0.20150E+04 0.75000E+02 0.50000E+02 0.35000E+02
0.20160E+04 0.75000E+02 0.50000E+02 0.35000E+02
0.20170E+04 0.75000E+02 0.50000E+02 0.35000E+02
0.20180E+04 0.75000E+02 0.50000E+02 0.35000E+02
0.20190E+04 0.75000E+02 0.50000E+02 0.35000E+02
0.20200E+04 0.75000E+02 0.50000E+02 0.34800E+02
0.20210E+04 0.75000E+02 0.50000E+02 0.34800E+02
0.20220E+04 0.75000E+02 0.50000E+02 0.34800E+02
0.20230E+04 0.75000E+02 0.50000E+02 0.34800E+02
0.20240E+04 0.75000E+02 0.50000E+02 0.35000E+02
0.20250E+04 0.75000E+02 0.50000E+02 0.34800E+02
0.20260E+04 0.75000E+02 0.50000E+02 0.34800E+02
0.20270E+04 0.75000E+02 0.50000E+02 0.35000E+02
