0.10000E+01 0.50000E+02 0.50000E+02 0.29100E+02
0.20000E+01 0.50000E+02 0.50000E+02 0.29000E+02
0.30000E+01 0.50000E+02 0.50000E+02 0.29100E+02
0.40000E+01 0.50000E+02 0.50000E+02 0.29300E+02
0.50000E+01 0.50000E+02 0.50000E+02 0.29300E+02
0.60000E+01 0.50000E+02 0.50000E+02 0.29300E+02
0.70000E+01 0.50000E+02 0.50000E+02 0.29400E+02
0.80000E+01 0.50000E+02 0.50000E+02 0.29500E+02
0.90000E+01 0.50000E+02 0.50000E+02 0.29500E+02
0.10000E+02 0.50000E+02 0.50000E+02 0.29700E+02
0.11000E+02 0.50000E+02 0.50000E+02 0.29800E+02
0.12000E+02 0.50000E+02 0.50000E+02 0.30000E+02
0.13000E+02 0.50000E+02 0.50000E+02 0.30200E+02
0.14000E+02 0.50000E+02 0.50000E+02 0.30400E+02
0.15000E+02 0.50000E+02 0.50000E+02 0.30700E+02
0.16000E+02 0.50000E+02 0.50000E+02 0.30900E+02
0.17000E+02 0.50000E+02 0.50000E+02 0.31100E+02
0.18000E+02 0.50000E+02 0.50000E+02 0.31400E+02
0.19000E+02 0.50000E+02 0.50000E+02 0.31600E+02
0.20000E+02 0.50000E+02 0.50000E+02 0.31800E+02
0.21000E+02 0.50000E+02 0.50000E+02 0.32000E+02
0.22000E+02 0.50000E+02 0.50000E+02 0.32500E+02
0.23000E+02 0.50000E+02 0.50000E+02 0.32500E+02
0.24000E+02 0.50000E+02 0.50000E+02 0.33000E+02
0.25000E+02 0.50000E+02 0.50000E+02 0.33200E+02
0.26000E+02 0.50000E+02 0.50000E+02 0.33600E+02
0.27000E+02 0.50000E+02 0.50000E+02 0.33700E+02
0.28000E+02 0.50000E+02 0.50000E+02 0.34000E+02
0.29000E+02 0.50000E+02 0.50000E+02 0.34400E+02
0.30000E+02 0.50000E+02 0.50000E+02 0.34600E+02
0.31000E+02 0.50000E+02 0.50000E+02 0.34800E+02
0.32000E+02 0.50000E+02 0.50000E+02 0.35300E+02
0.33000E+02 0.50000E+02 0.50000E+02 0.35500E+02
0.34000E+02 0.50000E+02 0.50000E+02 0.35800E+02
0.35000E+02 0.50000E+02 0.50000E+02 0.36200E+02
