0 0 100 27.40 1398841284572 1398841265104 1398841265115 1398841284722 0.10000E+01
1 50 50 27.40 1398841317352 1398841297880 1398841297890 1398841317498 0.10000E+01
2 50 50 27.30 1398841318342 1398841298874 1398841298885 1398841318492 0.20000E+01
3 50 50 27.40 1398841319341 1398841299873 1398841299884 1398841319491 0.30000E+01
4 50 50 27.40 1398841320339 1398841300867 1398841300878 1398841320487 0.40000E+01
5 50 50 27.40 1398841321335 1398841301753 1398841301763 1398841321370 0.50000E+01
6 50 50 27.50 1398841322340 1398841302759 1398841302770 1398841322378 0.60000E+01
7 50 50 27.50 1398841323346 1398841303769 1398841303779 1398841323387 0.70000E+01
8 50 50 27.60 1398841324335 1398841304753 1398841304763 1398841324370 0.80000E+01
9 50 50 27.60 1398841325338 1398841305751 1398841305762 1398841325371 0.90000E+01
10 50 50 27.70 1398841326340 1398841306754 1398841306765 1398841326502 0.10000E+02
11 50 50 28.00 1398841327351 1398841308008 1398841308018 1398841327626 0.11000E+02
12 50 50 28.10 1398841328353 1398841309000 1398841309011 1398841328618 0.12000E+02
13 50 50 28.20 1398841329345 1398841309996 1398841310007 1398841329615 0.13000E+02
14 50 50 28.20 1398841330342 1398841310754 1398841310765 1398841330372 0.14000E+02
15 50 50 28.60 1398841331341 1398841311754 1398841311764 1398841331371 0.15000E+02
16 50 50 28.70 1398841332340 1398841312753 1398841312764 1398841332372 0.16000E+02
17 50 50 28.70 1398841333340 1398841313754 1398841313764 1398841333372 0.17000E+02
18 50 50 28.80 1398841334340 1398841314755 1398841314766 1398841334373 0.18000E+02
19 50 50 29.10 1398841335343 1398841315760 1398841315771 1398841335378 0.19000E+02
20 50 50 29.30 1398841336346 1398841316762 1398841316772 1398841336379 0.20000E+02
21 50 50 29.50 1398841337348 1398841317762 1398841317772 1398841337380 0.21000E+02
22 50 50 29.60 1398841338348 1398841318764 1398841318774 1398841338381 0.22000E+02
23 50 50 29.70 1398841339350 1398841319765 1398841319775 1398841339381 0.23000E+02
24 50 50 29.80 1398841340350 1398841320766 1398841320776 1398841340383 0.24000E+02
25 50 50 30.10 1398841341352 1398841321766 1398841321777 1398841341384 0.25000E+02
26 50 50 30.30 1398841342352 1398841322766 1398841322777 1398841342384 0.26000E+02
27 50 50 30.40 1398841343354 1398841323767 1398841323779 1398841343386 0.27000E+02
28 50 50 30.50 1398841344335 1398841324749 1398841324760 1398841344367 0.28000E+02
29 50 50 30.70 1398841345335 1398841325749 1398841325760 1398841345367 0.29000E+02
30 50 50 30.90 1398841346336 1398841326750 1398841326760 1398841346367 0.30000E+02
31 50 50 31.10 1398841347337 1398841327750 1398841327761 1398841347368 0.31000E+02
32 50 50 31.10 1398841348337 1398841328757 1398841328768 1398841348374 0.32000E+02
33 50 50 31.40 1398841349344 1398841329757 1398841329768 1398841349375 0.33000E+02
34 50 50 31.50 1398841350344 1398841330759 1398841330770 1398841350378 0.34000E+02
35 50 50 31.50 1398841351346 1398841331760 1398841331771 1398841351377 0.35000E+02
36 50 50 31.80 1398841352347 1398841332760 1398841332770 1398841352378 0.36000E+02
37 50 50 31.80 1398841353346 1398841333760 1398841333770 1398841353377 0.37000E+02
38 50 50 32.00 1398841354345 1398841334759 1398841334770 1398841354376 0.38000E+02
39 50 50 32.20 1398841355345 1398841335758 1398841335770 1398841355377 0.39000E+02
40 50 50 32.20 1398841356346 1398841336760 1398841336770 1398841356376 0.40000E+02
41 50 50 32.30 1398841357346 1398841337760 1398841337771 1398841357377 0.41000E+02
42 50 50 32.50 1398841358346 1398841338758 1398841338770 1398841358376 0.42000E+02
43 50 50 32.50 1398841359345 1398841339758 1398841339769 1398841359376 0.43000E+02
44 50 50 32.70 1398841360345 1398841340758 1398841340769 1398841360375 0.44000E+02
45 50 50 32.70 1398841361345 1398841341758 1398841341770 1398841361377 0.45000E+02
46 50 50 32.90 1398841362345 1398841342760 1398841342771 1398841362378 0.46000E+02
47 50 50 33.10 1398841363346 1398841343762 1398841343773 1398841363379 0.47000E+02
48 50 50 33.10 1398841364348 1398841344763 1398841344774 1398841364381 0.48000E+02
49 50 50 33.10 1398841365350 1398841345765 1398841345776 1398841365383 0.49000E+02
50 50 50 33.20 1398841366351 1398841346767 1398841346778 1398841366385 0.50000E+02
51 50 50 33.40 1398841367353 1398841347766 1398841347776 1398841367383 0.51000E+02
52 50 50 33.40 1398841368352 1398841348768 1398841348779 1398841368385 0.52000E+02
53 50 50 33.60 1398841369335 1398841349748 1398841349760 1398841369367 0.53000E+02
54 50 50 33.60 1398841370335 1398841350749 1398841350760 1398841370366 0.54000E+02
55 50 50 33.70 1398841371335 1398841351751 1398841351763 1398841371369 0.55000E+02
56 50 50 33.70 1398841372337 1398841352753 1398841352764 1398841372371 0.56000E+02
57 50 50 33.90 1398841373337 1398841353754 1398841353766 1398841373372 0.57000E+02
58 50 50 33.90 1398841374341 1398841354756 1398841354768 1398841374375 0.58000E+02
59 50 50 33.90 1398841375345 1398841355760 1398841355771 1398841375377 0.59000E+02
60 50 50 34.00 1398841376346 1398841356758 1398841356769 1398841376375 0.60000E+02
61 50 50 34.10 1398841377344 1398841357758 1398841357770 1398841377376 0.61000E+02
62 50 50 34.10 1398841378345 1398841358761 1398841358771 1398841378378 0.62000E+02
63 50 50 34.30 1398841379345 1398841359760 1398841359771 1398841379377 0.63000E+02
64 50 50 34.30 1398841380347 1398841360763 1398841360773 1398841380380 0.64000E+02
65 50 50 34.30 1398841381348 1398841361763 1398841361774 1398841381380 0.65000E+02
66 50 50 34.40 1398841382349 1398841362767 1398841362778 1398841382384 0.66000E+02
67 50 50 34.50 1398841383353 1398841363770 1398841363780 1398841383386 0.67000E+02
68 50 50 34.40 1398841384335 1398841364750 1398841364761 1398841384367 0.68000E+02
69 50 50 34.50 1398841385336 1398841365750 1398841365761 1398841385367 0.69000E+02
70 50 50 34.60 1398841386336 1398841366750 1398841366761 1398841386367 0.70000E+02
71 50 50 34.60 1398841387338 1398841367755 1398841367766 1398841387372 0.71000E+02
72 50 50 34.60 1398841388342 1398841368757 1398841368767 1398841388373 0.72000E+02
73 50 50 34.60 1398841389341 1398841369756 1398841369767 1398841389373 0.73000E+02
74 50 50 34.70 1398841390342 1398841370756 1398841370767 1398841390373 0.74000E+02
75 50 50 34.70 1398841391342 1398841371759 1398841371769 1398841391376 0.75000E+02
76 50 50 34.70 1398841392345 1398841372794 1398841372806 1398841392412 0.76000E+02
77 50 50 34.80 1398841393341 1398841373755 1398841373766 1398841393372 0.77000E+02
78 50 50 34.80 1398841394341 1398841374759 1398841374770 1398841394376 0.78000E+02
79 50 50 34.80 1398841395346 1398841375760 1398841375772 1398841395378 0.79000E+02
80 50 50 35.00 1398841396347 1398841376761 1398841376772 1398841396378 0.80000E+02
81 50 50 34.80 1398841397346 1398841377760 1398841377771 1398841397377 0.81000E+02
82 50 50 34.80 1398841398346 1398841378761 1398841378772 1398841398378 0.82000E+02
83 50 50 35.10 1398841399347 1398841379763 1398841379773 1398841399379 0.83000E+02
84 50 50 35.10 1398841400348 1398841380762 1398841380774 1398841400379 0.84000E+02
85 50 50 35.10 1398841401348 1398841381765 1398841381775 1398841401382 0.85000E+02
86 50 50 35.10 1398841402352 1398841382769 1398841382779 1398841402386 0.86000E+02
87 50 50 35.20 1398841403335 1398841383750 1398841383761 1398841403367 0.87000E+02
88 50 50 35.20 1398841404335 1398841384754 1398841384764 1398841404370 0.88000E+02
89 50 50 35.20 1398841405339 1398841385754 1398841385765 1398841405371 0.89000E+02
90 50 50 35.20 1398841406340 1398841386755 1398841386766 1398841406372 0.90000E+02
91 50 50 35.20 1398841407341 1398841387756 1398841387767 1398841407373 0.91000E+02
92 50 50 35.20 1398841408342 1398841388758 1398841388769 1398841408375 0.92000E+02
93 50 50 35.20 1398841409343 1398841389760 1398841389771 1398841409377 0.93000E+02
94 50 50 35.30 1398841410346 1398841390763 1398841390773 1398841410379 0.94000E+02
95 50 50 35.20 1398841411348 1398841391763 1398841391774 1398841411381 0.95000E+02
96 50 50 35.30 1398841412350 1398841392764 1398841392775 1398841412381 0.96000E+02
97 50 50 35.30 1398841413349 1398841393767 1398841393778 1398841413383 0.97000E+02
98 50 50 35.40 1398841414352 1398841394768 1398841394779 1398841414384 0.98000E+02
99 50 50 35.30 1398841415353 1398841395768 1398841395779 1398841415386 0.99000E+02
100 50 50 35.40 1398841416334 1398841396752 1398841396762 1398841416368 0.10000E+03
101 50 50 35.40 1398841417338 1398841397754 1398841397766 1398841417371 0.10100E+03
102 50 50 35.40 1398841418340 1398841398757 1398841398767 1398841418373 0.10200E+03
103 50 50 35.40 1398841419341 1398841399757 1398841399768 1398841419374 0.10300E+03
104 50 50 35.40 1398841420343 1398841400757 1398841400769 1398841420374 0.10400E+03
105 50 50 35.40 1398841421343 1398841401761 1398841401772 1398841421377 0.10500E+03
106 50 50 35.50 1398841422346 1398841402762 1398841402773 1398841422379 0.10600E+03
107 50 50 35.50 1398841423348 1398841403763 1398841403775 1398841423380 0.10700E+03
108 50 50 35.40 1398841424349 1398841404764 1398841404775 1398841424381 0.10800E+03
109 50 50 35.50 1398841425350 1398841405770 1398841405780 1398841425386 0.10900E+03
110 50 50 35.50 1398841426334 1398841406751 1398841406762 1398841426368 0.11000E+03
111 50 50 35.50 1398841427336 1398841407752 1398841407763 1398841427490 0.11100E+03
112 50 50 35.70 1398841428337 1398841408884 1398841408895 1398841428501 0.11200E+03
113 50 50 35.50 1398841429349 1398841409880 1398841409890 1398841429496 0.11300E+03
114 50 50 35.70 1398841430343 1398841410759 1398841410769 1398841430375 0.11400E+03
115 50 50 35.70 1398841431344 1398841411775 1398841411787 1398841431392 0.11500E+03
116 50 50 35.70 1398841432340 1398841412756 1398841412767 1398841432373 0.11600E+03
117 50 50 35.70 1398841433342 1398841413757 1398841413768 1398841433374 0.11700E+03
118 50 50 35.80 1398841434342 1398841414759 1398841414769 1398841434375 0.11800E+03
119 50 50 35.70 1398841435343 1398841415761 1398841415772 1398841435379 0.11900E+03
120 50 50 35.70 1398841436348 1398841416763 1398841416774 1398841436379 0.12000E+03
121 50 50 35.70 1398841437349 1398841417768 1398841417780 1398841437386 0.12100E+03
122 50 50 35.70 1398841438354 1398841418769 1398841418779 1398841438385 0.12200E+03
123 50 50 35.80 1398841439353 1398841419770 1398841419781 1398841439386 0.12300E+03
124 50 50 35.80 1398841440335 1398841420753 1398841420764 1398841440370 0.12400E+03
125 50 50 35.80 1398841441339 1398841421756 1398841421768 1398841441373 0.12500E+03
126 50 50 35.80 1398841442342 1398841422759 1398841422769 1398841442375 0.12600E+03
127 50 50 35.70 1398841443344 1398841423762 1398841423773 1398841443379 0.12700E+03
128 50 50 35.80 1398841444347 1398841424765 1398841424775 1398841444381 0.12800E+03
129 50 50 35.80 1398841445350 1398841425768 1398841425779 1398841445385 0.12900E+03
130 50 50 35.80 1398841446354 1398841426769 1398841426780 1398841446386 0.13000E+03
131 50 50 35.90 1398841447334 1398841427751 1398841427762 1398841447368 0.13100E+03
132 50 50 35.90 1398841448336 1398841428755 1398841428767 1398841448372 0.13200E+03
133 50 50 35.90 1398841449341 1398841429758 1398841429769 1398841449375 0.13300E+03
134 50 50 35.90 1398841450343 1398841430759 1398841430771 1398841450376 0.13400E+03
135 50 50 35.90 1398841451345 1398841431761 1398841431772 1398841451377 0.13500E+03
136 50 50 35.90 1398841452378 1398841432794 1398841432806 1398841452411 0.13600E+03
137 50 50 36.00 1398841453340 1398841433757 1398841433767 1398841453373 0.13700E+03
138 50 50 36.00 1398841454342 1398841434760 1398841434771 1398841454376 0.13800E+03
139 50 50 35.90 1398841455345 1398841435762 1398841435773 1398841455378 0.13900E+03
140 50 50 36.00 1398841456347 1398841436765 1398841436776 1398841456381 0.14000E+03
141 50 50 36.00 1398841457350 1398841437767 1398841437778 1398841457383 0.14100E+03
142 50 50 36.10 1398841458352 1398841438770 1398841438781 1398841458386 0.14200E+03
143 50 50 36.10 1398841459335 1398841439751 1398841439762 1398841459367 0.14300E+03
144 50 50 36.00 1398841460335 1398841440757 1398841440767 1398841460373 0.14400E+03
145 50 50 36.00 1398841461341 1398841441768 1398841441778 1398841461384 0.14500E+03
146 50 50 36.00 1398841462352 1398841442768 1398841442779 1398841462385 0.14600E+03
147 50 50 36.10 1398841463353 1398841443770 1398841443780 1398841463386 0.14700E+03
148 50 50 36.10 1398841464334 1398841444751 1398841444762 1398841464368 0.14800E+03
149 50 50 36.00 1398841465336 1398841445757 1398841445767 1398841465373 0.14900E+03
150 50 50 36.00 1398841466342 1398841446759 1398841446770 1398841466375 0.15000E+03
151 50 50 36.10 1398841467346 1398841447762 1398841447773 1398841467378 0.15100E+03
152 50 50 36.00 1398841468347 1398841448766 1398841448778 1398841468383 0.15200E+03
153 50 50 36.10 1398841469351 1398841449770 1398841449782 1398841469386 0.15300E+03
154 50 50 36.10 1398841470335 1398841450752 1398841450762 1398841470368 0.15400E+03
155 50 50 36.10 1398841471336 1398841451753 1398841451765 1398841471370 0.15500E+03
156 50 50 36.10 1398841472338 1398841452757 1398841452768 1398841472373 0.15600E+03
157 50 50 36.10 1398841473342 1398841453765 1398841453776 1398841473381 0.15700E+03
158 50 50 36.10 1398841474350 1398841454767 1398841454778 1398841474383 0.15800E+03
159 50 50 36.10 1398841475351 1398841455768 1398841455779 1398841475384 0.15900E+03
160 50 50 36.10 1398841476352 1398841456769 1398841456780 1398841476385 0.16000E+03
161 50 50 36.00 1398841477354 1398841457771 1398841457782 1398841477387 0.16100E+03
162 50 50 36.10 1398841478336 1398841458753 1398841458764 1398841478369 0.16200E+03
163 50 50 36.10 1398841479337 1398841459755 1398841459765 1398841479370 0.16300E+03
164 50 50 36.10 1398841480339 1398841460757 1398841460768 1398841480373 0.16400E+03
165 50 50 36.10 1398841481342 1398841461759 1398841461770 1398841481376 0.16500E+03
166 50 50 36.20 1398841482345 1398841462761 1398841462772 1398841482377 0.16600E+03
167 50 50 36.10 1398841483345 1398841463763 1398841463775 1398841483380 0.16700E+03
168 50 50 36.10 1398841484348 1398841464763 1398841464774 1398841484379 0.16800E+03
169 50 50 36.10 1398841485349 1398841465766 1398841465777 1398841485382 0.16900E+03
170 50 50 36.20 1398841486350 1398841466766 1398841466777 1398841486382 0.17000E+03
171 50 50 36.10 1398841487350 1398841467768 1398841467778 1398841487383 0.17100E+03
172 50 50 36.10 1398841488352 1398841468768 1398841468779 1398841488384 0.17200E+03
173 50 50 36.10 1398841489351 1398841469767 1398841469778 1398841489383 0.17300E+03
174 50 50 36.10 1398841490352 1398841470771 1398841470782 1398841490386 0.17400E+03
175 50 50 36.10 1398841491335 1398841471753 1398841471764 1398841491368 0.17500E+03
176 50 50 36.10 1398841492337 1398841472756 1398841472766 1398841492371 0.17600E+03
177 50 50 36.10 1398841493339 1398841473759 1398841473770 1398841493375 0.17700E+03
178 50 50 36.20 1398841494343 1398841474761 1398841474772 1398841494377 0.17800E+03
179 50 50 36.20 1398841495344 1398841475760 1398841475770 1398841495375 0.17900E+03
180 50 50 36.10 1398841496342 1398841476758 1398841476770 1398841496374 0.18000E+03
181 50 50 36.10 1398841497341 1398841477760 1398841477771 1398841497376 0.18100E+03
182 50 50 36.20 1398841498345 1398841478763 1398841478774 1398841498379 0.18200E+03
183 50 50 36.20 1398841499348 1398841479764 1398841479775 1398841499379 0.18300E+03
184 50 50 36.10 1398841500348 1398841480765 1398841480775 1398841500380 0.18400E+03
185 50 50 36.20 1398841501349 1398841481767 1398841481778 1398841501383 0.18500E+03
186 50 50 36.10 1398841502351 1398841482767 1398841482777 1398841502382 0.18600E+03
187 50 50 36.10 1398841503349 1398841483767 1398841483778 1398841503383 0.18700E+03
188 50 50 36.10 1398841504348 1398841484764 1398841484774 1398841504379 0.18800E+03
189 50 50 36.20 1398841505347 1398841485763 1398841485774 1398841505379 0.18900E+03
190 50 50 36.10 1398841506347 1398841486765 1398841486776 1398841506380 0.19000E+03
191 50 50 36.20 1398841507348 1398841487765 1398841487776 1398841507381 0.19100E+03
192 50 50 36.20 1398841508347 1398841488764 1398841488775 1398841508380 0.19200E+03
193 50 50 36.20 1398841509345 1398841489762 1398841489773 1398841509378 0.19300E+03
194 50 50 36.20 1398841510345 1398841490761 1398841490772 1398841510377 0.19400E+03
195 50 50 36.20 1398841511344 1398841491762 1398841491774 1398841511379 0.19500E+03
196 50 50 36.10 1398841512346 1398841492763 1398841492775 1398841512379 0.19600E+03
197 50 50 36.20 1398841513346 1398841493762 1398841493774 1398841513379 0.19700E+03
198 50 50 36.20 1398841514345 1398841494764 1398841494774 1398841514378 0.19800E+03
199 50 50 36.20 1398841515345 1398841495764 1398841495774 1398841515379 0.19900E+03
200 50 50 36.20 1398841516348 1398841496766 1398841496776 1398841516381 0.20000E+03
201 50 50 36.20 1398841517348 1398841497764 1398841497775 1398841517380 0.20100E+03
202 50 50 36.20 1398841518348 1398841498768 1398841498778 1398841518383 0.20200E+03
203 50 50 36.20 1398841519350 1398841499767 1398841499778 1398841519382 0.20300E+03
204 50 50 36.20 1398841520351 1398841500767 1398841500779 1398841520383 0.20400E+03
205 50 50 36.20 1398841521352 1398841501771 1398841501781 1398841521386 0.20500E+03
206 50 50 36.20 1398841522354 1398841502778 1398841502788 1398841522393 0.20600E+03
207 50 50 36.10 1398841523341 1398841503758 1398841503769 1398841523374 0.20700E+03
208 50 50 36.20 1398841524342 1398841504760 1398841504770 1398841524375 0.20800E+03
209 50 50 36.20 1398841525343 1398841505760 1398841505770 1398841525375 0.20900E+03
210 50 50 36.20 1398841526342 1398841506759 1398841506770 1398841526375 0.21000E+03
211 50 50 36.10 1398841527343 1398841507762 1398841507773 1398841527377 0.21100E+03
212 50 50 36.20 1398841528345 1398841508773 1398841508784 1398841528389 0.21200E+03
213 50 50 36.20 1398841529336 1398841509753 1398841509764 1398841529368 0.21300E+03
214 50 50 36.20 1398841530335 1398841510751 1398841510762 1398841530367 0.21400E+03
215 50 50 36.20 1398841531335 1398841511753 1398841511763 1398841531367 0.21500E+03
216 50 50 36.20 1398841532336 1398841512761 1398841512772 1398841532376 0.21600E+03
217 50 50 36.20 1398841533345 1398841513765 1398841513776 1398841533380 0.21700E+03
218 50 50 36.20 1398841534348 1398841514766 1398841514777 1398841534381 0.21800E+03
219 50 50 36.20 1398841535349 1398841515767 1398841515778 1398841535383 0.21900E+03
220 50 50 36.20 1398841536350 1398841516775 1398841516785 1398841536389 0.22000E+03
221 50 50 36.40 1398841537338 1398841517775 1398841517785 1398841537390 0.22100E+03
222 50 50 36.20 1398841538339 1398841518758 1398841518768 1398841538373 0.22200E+03
223 50 50 36.40 1398841539341 1398841519759 1398841519770 1398841539374 0.22300E+03
224 50 50 36.20 1398841540342 1398841520758 1398841520769 1398841540373 0.22400E+03
225 50 50 36.20 1398841541340 1398841521759 1398841521770 1398841541374 0.22500E+03
226 50 50 36.40 1398841542342 1398841522761 1398841522772 1398841542378 0.22600E+03
227 50 50 36.40 1398841543346 1398841523762 1398841523772 1398841543377 0.22700E+03
228 50 50 36.40 1398841544345 1398841524761 1398841524772 1398841544376 0.22800E+03
229 50 50 36.40 1398841545344 1398841525762 1398841525773 1398841545378 0.22900E+03
230 50 50 36.40 1398841546346 1398841526766 1398841526776 1398841546505 0.23000E+03
231 50 50 36.20 1398841547352 1398841527899 1398841527910 1398841547514 0.23100E+03
232 50 50 36.40 1398841548369 1398841528888 1398841528899 1398841548502 0.23200E+03
233 50 50 36.20 1398841549350 1398841529885 1398841529896 1398841549500 0.23300E+03
234 50 50 36.20 1398841550348 1398841530766 1398841530777 1398841550382 0.23400E+03
235 50 50 36.40 1398841551348 1398841531764 1398841531775 1398841551379 0.23500E+03
236 50 50 36.40 1398841552346 1398841532762 1398841532774 1398841552378 0.23600E+03
237 50 50 36.40 1398841553346 1398841533764 1398841533774 1398841553378 0.23700E+03
238 50 50 36.20 1398841554347 1398841534764 1398841534775 1398841554379 0.23800E+03
239 50 50 36.40 1398841555348 1398841535765 1398841535776 1398841555380 0.23900E+03
240 50 50 36.40 1398841556349 1398841536767 1398841536777 1398841556381 0.24000E+03
241 50 50 36.40 1398841557348 1398841537766 1398841537776 1398841557380 0.24100E+03
242 50 50 36.40 1398841558348 1398841538766 1398841538778 1398841558382 0.24200E+03
243 50 50 36.40 1398841559348 1398841539764 1398841539775 1398841559379 0.24300E+03
244 50 50 36.40 1398841560347 1398841540766 1398841540777 1398841560380 0.24400E+03
245 50 50 36.40 1398841561349 1398841541765 1398841541776 1398841561380 0.24500E+03
246 50 50 36.40 1398841562348 1398841542767 1398841542778 1398841562382 0.24600E+03
247 50 50 36.20 1398841563350 1398841543767 1398841543778 1398841563382 0.24700E+03
248 50 50 36.40 1398841564351 1398841544779 1398841544789 1398841564393 0.24800E+03
249 50 50 36.40 1398841565341 1398841545777 1398841545788 1398841565392 0.24900E+03
250 50 50 36.20 1398841566340 1398841546770 1398841546781 1398841566385 0.25000E+03
251 50 50 36.50 1398841567333 1398841547750 1398841547762 1398841567366 0.25100E+03
252 50 50 36.40 1398841568335 1398841548762 1398841548772 1398841568376 0.25200E+03
253 50 50 36.40 1398841569344 1398841549765 1398841549776 1398841569380 0.25300E+03
254 50 50 36.40 1398841570348 1398841550771 1398841550781 1398841570385 0.25400E+03
255 50 50 36.40 1398841571354 1398841551778 1398841551788 1398841571392 0.25500E+03
256 50 50 36.50 1398841572340 1398841552763 1398841552773 1398841572378 0.25600E+03
257 50 50 36.40 1398841573345 1398841553770 1398841553780 1398841573385 0.25700E+03
258 50 50 36.40 1398841574352 1398841554774 1398841554786 1398841574390 0.25800E+03
259 50 50 36.50 1398841575338 1398841555760 1398841555770 1398841575374 0.25900E+03
260 50 50 36.50 1398841576342 1398841556758 1398841556769 1398841576373 0.26000E+03
261 50 50 36.40 1398841577341 1398841557758 1398841557769 1398841577373 0.26100E+03
262 50 50 36.50 1398841578340 1398841558758 1398841558768 1398841578372 0.26200E+03
263 50 50 36.50 1398841579339 1398841559759 1398841559770 1398841579374 0.26300E+03
264 50 50 36.40 1398841580342 1398841560760 1398841560771 1398841580377 0.26400E+03
265 50 50 36.50 1398841581345 1398841561763 1398841561774 1398841581378 0.26500E+03
266 50 50 36.50 1398841582345 1398841562763 1398841562774 1398841582377 0.26600E+03
267 50 50 36.50 1398841583346 1398841563763 1398841563774 1398841583377 0.26700E+03
268 50 50 36.50 1398841584346 1398841564765 1398841564775 1398841584379 0.26800E+03
269 50 50 36.50 1398841585346 1398841565766 1398841565777 1398841585380 0.26900E+03
270 50 50 36.50 1398841586346 1398841566767 1398841566778 1398841586381 0.27000E+03
271 50 50 36.50 1398841587347 1398841567767 1398841567777 1398841587381 0.27100E+03
272 50 50 36.50 1398841588349 1398841568768 1398841568779 1398841588383 0.27200E+03
273 50 50 36.50 1398841589351 1398841569769 1398841569780 1398841589384 0.27300E+03
274 50 50 36.50 1398841590352 1398841570768 1398841570779 1398841590382 0.27400E+03
275 50 50 36.60 1398841591349 1398841571766 1398841571777 1398841591380 0.27500E+03
276 50 50 36.50 1398841592347 1398841572766 1398841572778 1398841592381 0.27600E+03
277 50 50 36.50 1398841593347 1398841573764 1398841573776 1398841593382 0.27700E+03
278 50 50 36.50 1398841594349 1398841574768 1398841574779 1398841594383 0.27800E+03
279 50 50 36.60 1398841595349 1398841575778 1398841575788 1398841595391 0.27900E+03
280 50 50 36.60 1398841596338 1398841576757 1398841576767 1398841596372 0.28000E+03
281 50 50 36.60 1398841597338 1398841577766 1398841577776 1398841597380 0.28100E+03
282 50 50 36.50 1398841598348 1398841578765 1398841578775 1398841598379 0.28200E+03
283 50 50 36.60 1398841599345 1398841579779 1398841579791 1398841599394 0.28300E+03
284 50 50 36.50 1398841600342 1398841580760 1398841580771 1398841600374 0.28400E+03
285 50 50 36.50 1398841601343 1398841581762 1398841581773 1398841601378 0.28500E+03
286 50 50 36.50 1398841602345 1398841582765 1398841582776 1398841602380 0.28600E+03
287 50 50 36.50 1398841603349 1398841583766 1398841583777 1398841603380 0.28700E+03
288 50 50 36.60 1398841604368 1398841584786 1398841584796 1398841604400 0.28800E+03
289 50 50 36.60 1398841605347 1398841585769 1398841585780 1398841605384 0.28900E+03
290 50 50 36.60 1398841606353 1398841586772 1398841586782 1398841606387 0.29000E+03
291 50 50 36.40 1398841607335 1398841587753 1398841587763 1398841607367 0.29100E+03
292 50 50 36.60 1398841608335 1398841588756 1398841588767 1398841608370 0.29200E+03
293 50 50 36.60 1398841609338 1398841589761 1398841589772 1398841609376 0.29300E+03
294 50 50 36.50 1398841610344 1398841590763 1398841590774 1398841610377 0.29400E+03
295 50 50 36.50 1398841611345 1398841591765 1398841591776 1398841611380 0.29500E+03
296 50 50 36.50 1398841612348 1398841592765 1398841592776 1398841612380 0.29600E+03
297 50 50 36.60 1398841613348 1398841593768 1398841593779 1398841613382 0.29700E+03
298 50 50 36.50 1398841614349 1398841594768 1398841594779 1398841614382 0.29800E+03
299 50 50 36.50 1398841615350 1398841595771 1398841595781 1398841615385 0.29900E+03
300 50 50 36.60 1398841616351 1398841596770 1398841596780 1398841616384 0.30000E+03
301 60 50 36.50 1398841617352 1398841597770 1398841597780 1398841617383 0.30100E+03
302 60 50 36.50 1398841618349 1398841598767 1398841598779 1398841618382 0.30200E+03
303 60 50 36.50 1398841619350 1398841599767 1398841599778 1398841619381 0.30300E+03
304 60 50 36.50 1398841620349 1398841600768 1398841600779 1398841620382 0.30400E+03
305 60 50 36.50 1398841621350 1398841601768 1398841601779 1398841621382 0.30500E+03
306 60 50 36.60 1398841622350 1398841602770 1398841602782 1398841622384 0.30600E+03
307 60 50 36.60 1398841623351 1398841603770 1398841603781 1398841623385 0.30700E+03
308 60 50 36.60 1398841624352 1398841604774 1398841604784 1398841624388 0.30800E+03
309 60 50 36.60 1398841625354 1398841605775 1398841605786 1398841625389 0.30900E+03
310 60 50 36.70 1398841626336 1398841606754 1398841606764 1398841626367 0.31000E+03
311 60 50 36.70 1398841627335 1398841607756 1398841607767 1398841627370 0.31100E+03
312 60 50 36.70 1398841628337 1398841608760 1398841608771 1398841628374 0.31200E+03
313 60 50 36.80 1398841629340 1398841609767 1398841609778 1398841629381 0.31300E+03
314 60 50 36.80 1398841630351 1398841610773 1398841610783 1398841630387 0.31400E+03
315 60 50 36.90 1398841631354 1398841611812 1398841611822 1398841631426 0.31500E+03
316 60 50 36.90 1398841632354 1398841612788 1398841612799 1398841632402 0.31600E+03
317 60 50 36.90 1398841633351 1398841613782 1398841613794 1398841633399 0.31700E+03
318 60 50 36.90 1398841634347 1398841614769 1398841614779 1398841634383 0.31800E+03
319 60 50 36.90 1398841635350 1398841615775 1398841615786 1398841635389 0.31900E+03
320 60 50 37.00 1398841636337 1398841616760 1398841616771 1398841636374 0.32000E+03
321 60 50 37.00 1398841637342 1398841617761 1398841617771 1398841637375 0.32100E+03
322 60 50 37.20 1398841638343 1398841618766 1398841618776 1398841638380 0.32200E+03
323 60 50 37.20 1398841639349 1398841619774 1398841619784 1398841639388 0.32300E+03
324 60 50 37.20 1398841640354 1398841620777 1398841620788 1398841640391 0.32400E+03
325 60 50 37.30 1398841641338 1398841621763 1398841621774 1398841641378 0.32500E+03
326 60 50 37.30 1398841642347 1398841622769 1398841622780 1398841642383 0.32600E+03
327 60 50 37.40 1398841643351 1398841623775 1398841623786 1398841643389 0.32700E+03
328 60 50 37.40 1398841644339 1398841624766 1398841624777 1398841644381 0.32800E+03
329 60 50 37.40 1398841645347 1398841625777 1398841625787 1398841645391 0.32900E+03
330 60 50 37.50 1398841646339 1398841626769 1398841626780 1398841646384 0.33000E+03
331 40 50 37.60 1398841647351 1398841627773 1398841627784 1398841647387 0.33100E+03
332 40 50 37.50 1398841648335 1398841628762 1398841628773 1398841648377 0.33200E+03
333 40 50 37.50 1398841649345 1398841629769 1398841629780 1398841649383 0.33300E+03
334 40 50 37.60 1398841650350 1398841630774 1398841630785 1398841650388 0.33400E+03
335 40 50 37.60 1398841651336 1398841631764 1398841631775 1398841651379 0.33500E+03
336 40 50 37.50 1398841652347 1398841632776 1398841632787 1398841652391 0.33600E+03
337 40 50 37.60 1398841653339 1398841633762 1398841633772 1398841653375 0.33700E+03
338 40 50 37.50 1398841654343 1398841634768 1398841634779 1398841654382 0.33800E+03
339 40 50 37.50 1398841655350 1398841635778 1398841635789 1398841655393 0.33900E+03
340 40 50 37.50 1398841656341 1398841636777 1398841636788 1398841656393 0.34000E+03
341 40 50 37.50 1398841657341 1398841637766 1398841637777 1398841657382 0.34100E+03
342 40 50 37.40 1398841658349 1398841638775 1398841638786 1398841658390 0.34200E+03
343 40 50 37.30 1398841659337 1398841639764 1398841639774 1398841659378 0.34300E+03
344 40 50 37.30 1398841660346 1398841640769 1398841640780 1398841660383 0.34400E+03
345 40 50 37.30 1398841661351 1398841641774 1398841641786 1398841661389 0.34500E+03
346 40 50 37.20 1398841662337 1398841642765 1398841642775 1398841662379 0.34600E+03
347 40 50 37.00 1398841663346 1398841643778 1398841643788 1398841663392 0.34700E+03
348 40 50 37.00 1398841664340 1398841644772 1398841644782 1398841664386 0.34800E+03
349 40 50 36.90 1398841665354 1398841645800 1398841645811 1398841665413 0.34900E+03
350 60 50 36.90 1398841666342 1398841646905 1398841646916 1398841666518 0.35000E+03
351 60 50 36.80 1398841667345 1398841647898 1398841647909 1398841667511 0.35100E+03
352 60 50 36.80 1398841668338 1398841648889 1398841648900 1398841668503 0.35200E+03
353 60 50 36.80 1398841669350 1398841649879 1398841649889 1398841669492 0.35300E+03
354 60 50 36.70 1398841670339 1398841650763 1398841650774 1398841670377 0.35400E+03
355 60 50 36.70 1398841671345 1398841651768 1398841651779 1398841671382 0.35500E+03
356 60 50 36.60 1398841672349 1398841652769 1398841652780 1398841672383 0.35600E+03
357 60 50 36.70 1398841673351 1398841653779 1398841653790 1398841673393 0.35700E+03
358 60 50 36.60 1398841674340 1398841654764 1398841654774 1398841674377 0.35800E+03
359 60 50 36.60 1398841675504 1398841655927 1398841655937 1398841675540 0.35900E+03
360 60 50 36.70 1398841676345 1398841656768 1398841656779 1398841676382 0.36000E+03
361 60 50 36.70 1398841677349 1398841657771 1398841657783 1398841677385 0.36100E+03
362 60 50 36.70 1398841678350 1398841658772 1398841658783 1398841678386 0.36200E+03
363 60 50 36.80 1398841679353 1398841659783 1398841659794 1398841679398 0.36300E+03
364 60 50 36.70 1398841680345 1398841660788 1398841660799 1398841680402 0.36400E+03
365 60 50 36.80 1398841681349 1398841661771 1398841661782 1398841681384 0.36500E+03
366 60 50 36.90 1398841682352 1398841662777 1398841662787 1398841682390 0.36600E+03
367 60 50 36.90 1398841683337 1398841663759 1398841663769 1398841683372 0.36700E+03
368 60 50 36.90 1398841684341 1398841664764 1398841664775 1398841684378 0.36800E+03
369 60 50 36.90 1398841685345 1398841665766 1398841665776 1398841685379 0.36900E+03
370 60 50 36.90 1398841686348 1398841666769 1398841666781 1398841686383 0.37000E+03
371 60 50 37.00 1398841687351 1398841667770 1398841667781 1398841687385 0.37100E+03
372 60 50 37.00 1398841688353 1398841668778 1398841668788 1398841688391 0.37200E+03
373 60 50 37.00 1398841689336 1398841669761 1398841669771 1398841689374 0.37300E+03
374 60 50 37.20 1398841690340 1398841670759 1398841670770 1398841690372 0.37400E+03
375 60 50 37.20 1398841691339 1398841671764 1398841671775 1398841691378 0.37500E+03
376 60 50 37.20 1398841692344 1398841672770 1398841672781 1398841692385 0.37600E+03
377 60 50 37.30 1398841693353 1398841673783 1398841673794 1398841693398 0.37700E+03
378 60 50 37.30 1398841694344 1398841674779 1398841674789 1398841694394 0.37800E+03
379 60 50 37.40 1398841695341 1398841675763 1398841675774 1398841695376 0.37900E+03
380 60 50 37.50 1398841696344 1398841676767 1398841676778 1398841696380 0.38000E+03
381 60 50 37.50 1398841697348 1398841677772 1398841677782 1398841697386 0.38100E+03
382 60 50 37.50 1398841698353 1398841678773 1398841678784 1398841698386 0.38200E+03
383 60 50 37.60 1398841699353 1398841679781 1398841679792 1398841699395 0.38300E+03
384 60 50 37.50 1398841700342 1398841680768 1398841680779 1398841700382 0.38400E+03
385 60 50 37.60 1398841701349 1398841681782 1398841681793 1398841701397 0.38500E+03
386 60 50 37.60 1398841702345 1398841682771 1398841682782 1398841702385 0.38600E+03
387 60 50 37.70 1398841703352 1398841683779 1398841683789 1398841703393 0.38700E+03
388 60 50 37.70 1398841704340 1398841684769 1398841684781 1398841704384 0.38800E+03
389 60 50 37.70 1398841705352 1398841685790 1398841685800 1398841705404 0.38900E+03
390 60 50 37.70 1398841706352 1398841686778 1398841686789 1398841706392 0.39000E+03
391 40 50 37.70 1398841707340 1398841687770 1398841687782 1398841707385 0.39100E+03
392 40 50 38.00 1398841708353 1398841688785 1398841688797 1398841708400 0.39200E+03
393 40 50 38.00 1398841709347 1398841689778 1398841689788 1398841709392 0.39300E+03
394 40 50 38.00 1398841710340 1398841690761 1398841690772 1398841710374 0.39400E+03
395 40 50 37.90 1398841711343 1398841691768 1398841691778 1398841711382 0.39500E+03
396 40 50 37.90 1398841712350 1398841692772 1398841692783 1398841712385 0.39600E+03
397 40 50 37.90 1398841713353 1398841693779 1398841693790 1398841713394 0.39700E+03
398 40 50 37.90 1398841714341 1398841694766 1398841694776 1398841714379 0.39800E+03
399 40 50 37.90 1398841715347 1398841695771 1398841695782 1398841715384 0.39900E+03
400 40 50 37.70 1398841716351 1398841696786 1398841696796 1398841716401 0.40000E+03
401 40 50 37.70 1398841717350 1398841697776 1398841697787 1398841717389 0.40100E+03
402 60 50 37.70 1398841718337 1398841698776 1398841698787 1398841718391 0.40200E+03
403 60 50 37.50 1398841719340 1398841699778 1398841699788 1398841719392 0.40300E+03
404 60 50 37.60 1398841720341 1398841700768 1398841700779 1398841720382 0.40400E+03
405 60 50 37.60 1398841721349 1398841701789 1398841701800 1398841721405 0.40500E+03
406 60 50 37.50 1398841722352 1398841702779 1398841702790 1398841722393 0.40600E+03
407 60 50 37.40 1398841723340 1398841703766 1398841703777 1398841723379 0.40700E+03
408 60 50 37.40 1398841724348 1398841704776 1398841704786 1398841724389 0.40800E+03
409 60 50 37.40 1398841725336 1398841705767 1398841705778 1398841725382 0.40900E+03
410 60 50 37.40 1398841726350 1398841706782 1398841706793 1398841726396 0.41000E+03
411 60 50 37.40 1398841727344 1398841707777 1398841707788 1398841727392 0.41100E+03
412 60 50 37.40 1398841728339 1398841708771 1398841708782 1398841728386 0.41200E+03
413 60 50 37.40 1398841729353 1398841709780 1398841709791 1398841729394 0.41300E+03
414 60 50 37.30 1398841730339 1398841710763 1398841710773 1398841730375 0.41400E+03
415 60 50 37.40 1398841731343 1398841711767 1398841711778 1398841731380 0.41500E+03
416 60 50 37.40 1398841732348 1398841712785 1398841712796 1398841732400 0.41600E+03
417 60 50 37.40 1398841733346 1398841713788 1398841713800 1398841733405 0.41700E+03
418 60 50 37.50 1398841734352 1398841714793 1398841714803 1398841734409 0.41800E+03
419 60 50 37.50 1398841735336 1398841715761 1398841715772 1398841735374 0.41900E+03
420 60 50 37.50 1398841736343 1398841716767 1398841716778 1398841736381 0.42000E+03
421 60 50 37.50 1398841737350 1398841717778 1398841717787 1398841737390 0.42100E+03
422 60 50 37.60 1398841738337 1398841718769 1398841718779 1398841738383 0.42200E+03
423 60 50 37.60 1398841739351 1398841719786 1398841719797 1398841739401 0.42300E+03
424 60 50 37.70 1398841740348 1398841720787 1398841720798 1398841740402 0.42400E+03
425 60 50 37.70 1398841741349 1398841721778 1398841721788 1398841741391 0.42500E+03
426 40 50 37.70 1398841742338 1398841722762 1398841722773 1398841742375 0.42600E+03
427 40 50 37.60 1398841743339 1398841723768 1398841723779 1398841743382 0.42700E+03
428 40 50 37.70 1398841744349 1398841724784 1398841724795 1398841744399 0.42800E+03
429 40 50 37.90 1398841745346 1398841725794 1398841725805 1398841745410 0.42900E+03
430 40 50 37.70 1398841746338 1398841726768 1398841726778 1398841746381 0.43000E+03
431 40 50 37.70 1398841747349 1398841727775 1398841727785 1398841747387 0.43100E+03
432 40 50 37.70 1398841748355 1398841728782 1398841728793 1398841748395 0.43200E+03
433 40 50 37.50 1398841749343 1398841734794 1398841734804 1398841754409 0.43300E+03
439 40 50 37.40 1398841755338 1398841735776 1398841735787 1398841755391 0.43900E+03
440 40 50 37.40 1398841756339 1398841736778 1398841736788 1398841756392 0.44000E+03
441 40 50 37.40 1398841757340 1398841737800 1398841737812 1398841757417 0.44100E+03
442 40 50 37.30 1398841758345 1398841738794 1398841738805 1398841758408 0.44200E+03
443 40 50 37.30 1398841759336 1398841739759 1398841739771 1398841759373 0.44300E+03
444 40 50 37.20 1398841760341 1398841740770 1398841740782 1398841760384 0.44400E+03
445 40 50 37.20 1398841761351 1398841741783 1398841741794 1398841761397 0.44500E+03
446 40 50 36.90 1398841762344 1398841742782 1398841742793 1398841762396 0.44600E+03
447 40 50 37.00 1398841763344 1398841743773 1398841743784 1398841763386 0.44700E+03
448 40 50 36.90 1398841764354 1398841744777 1398841744788 1398841764390 0.44800E+03
449 40 50 36.80 1398841765337 1398841745765 1398841745775 1398841765377 0.44900E+03
450 40 50 36.70 1398841766345 1398841746780 1398841746792 1398841766395 0.45000E+03
451 40 50 36.60 1398841767342 1398841747781 1398841747792 1398841767396 0.45100E+03
452 40 50 36.60 1398841768344 1398841748771 1398841748781 1398841768383 0.45200E+03
453 40 50 36.60 1398841769350 1398841749774 1398841749786 1398841769388 0.45300E+03
454 40 50 36.50 1398841770335 1398841750760 1398841750770 1398841770372 0.45400E+03
455 40 50 36.50 1398841771340 1398841751771 1398841751782 1398841771385 0.45500E+03
456 40 50 36.40 1398841772353 1398841752779 1398841752790 1398841772392 0.45600E+03
457 40 50 36.20 1398841773340 1398841753765 1398841753776 1398841773377 0.45700E+03
458 40 50 36.40 1398841774345 1398841754765 1398841754776 1398841774378 0.45800E+03
459 40 50 36.10 1398841775346 1398841755782 1398841755792 1398841775396 0.45900E+03
460 40 50 36.20 1398841776343 1398841756778 1398841756788 1398841776391 0.46000E+03
461 40 50 36.20 1398841777340 1398841757776 1398841757786 1398841777389 0.46100E+03
462 40 50 36.10 1398841778337 1398841758761 1398841758772 1398841778373 0.46200E+03
463 60 50 36.10 1398841779341 1398841759774 1398841759785 1398841779387 0.46300E+03
464 60 50 36.00 1398841780335 1398841760774 1398841760785 1398841780388 0.46400E+03
465 60 50 36.00 1398841781335 1398841761769 1398841761780 1398841781382 0.46500E+03
466 60 50 35.90 1398841782350 1398841762792 1398841762803 1398841782408 0.46600E+03
467 60 50 35.90 1398841783336 1398841763761 1398841763772 1398841783374 0.46700E+03
468 60 50 35.90 1398841784341 1398841764773 1398841764783 1398841784385 0.46800E+03
469 60 50 35.90 1398841785353 1398841765788 1398841765799 1398841785402 0.46900E+03
470 60 50 36.00 1398841786349 1398841766917 1398841766928 1398841786531 0.47000E+03
471 60 50 36.00 1398841787338 1398841767903 1398841767914 1398841787517 0.47100E+03
472 60 50 36.00 1398841788343 1398841768907 1398841768918 1398841788521 0.47200E+03
473 60 50 36.00 1398841789348 1398841769890 1398841769902 1398841789503 0.47300E+03
474 60 50 36.10 1398841790351 1398841770774 1398841770785 1398841790387 0.47400E+03
475 60 50 36.20 1398841791384 1398841776811 1398841776822 1398841796424 0.47500E+03
481 60 50 36.50 1398841797354 1398841777786 1398841777796 1398841797398 0.48100E+03
482 60 50 36.50 1398841798345 1398841778765 1398841778775 1398841798376 0.48200E+03
483 60 50 36.50 1398841799343 1398841779763 1398841779774 1398841799376 0.48300E+03
484 60 50 36.60 1398841800344 1398841780764 1398841780775 1398841800376 0.48400E+03
485 60 50 36.60 1398841801343 1398841781764 1398841781774 1398841801375 0.48500E+03
486 60 50 36.70 1398841802343 1398841782762 1398841782773 1398841802374 0.48600E+03
487 60 50 36.80 1398841803342 1398841783762 1398841783774 1398841803375 0.48700E+03
488 60 50 36.70 1398841804342 1398841784764 1398841784775 1398841804376 0.48800E+03
489 60 50 36.90 1398841805344 1398841785764 1398841785775 1398841805378 0.48900E+03
490 60 50 36.80 1398841806346 1398841786768 1398841786779 1398841806381 0.49000E+03
491 60 50 36.80 1398841807349 1398841787770 1398841787781 1398841807382 0.49100E+03
492 60 50 37.00 1398841808350 1398841788772 1398841788783 1398841808385 0.49200E+03
493 60 50 36.90 1398841809353 1398841789772 1398841789783 1398841809384 0.49300E+03
494 60 50 37.00 1398841810351 1398841790773 1398841790784 1398841810385 0.49400E+03
495 60 50 37.20 1398841811353 1398841791772 1398841791783 1398841811385 0.49500E+03
496 60 50 37.20 1398841812353 1398841792773 1398841792784 1398841812385 0.49600E+03
497 60 50 37.20 1398841813352 1398841793772 1398841793782 1398841813383 0.49700E+03
498 60 50 37.40 1398841814351 1398841794772 1398841794783 1398841814383 0.49800E+03
499 40 50 37.60 1398841815351 1398841800779 1398841800790 1398841820392 0.49900E+03
505 40 50 37.60 1398841821342 1398841801765 1398841801777 1398841821377 0.50500E+03
506 40 50 37.60 1398841822345 1398841802766 1398841802776 1398841822377 0.50600E+03
507 40 50 37.60 1398841823344 1398841808772 1398841808783 1398841828385 0.50700E+03
513 40 50 37.60 1398841829354 1398841809775 1398841809786 1398841829388 0.51300E+03
514 40 50 37.60 1398841830336 1398841810757 1398841810768 1398841830369 0.51400E+03
515 40 50 37.60 1398841831337 1398841811759 1398841811769 1398841831369 0.51500E+03
516 40 50 37.50 1398841832337 1398841812757 1398841812768 1398841832369 0.51600E+03
517 40 50 37.40 1398841833337 1398841813759 1398841813769 1398841833371 0.51700E+03
518 40 50 37.40 1398841834338 1398841814758 1398841814769 1398841834370 0.51800E+03
519 40 50 37.40 1398841835338 1398841815761 1398841815772 1398841835372 0.51900E+03
520 40 50 37.40 1398841836340 1398841816762 1398841816773 1398841836376 0.52000E+03
521 40 50 37.30 1398841837343 1398841817764 1398841817774 1398841837375 0.52100E+03
522 40 50 37.20 1398841838342 1398841818766 1398841818777 1398841838378 0.52200E+03
523 40 50 37.20 1398841839345 1398841819766 1398841819777 1398841839378 0.52300E+03
524 40 50 37.00 1398841840345 1398841820766 1398841820776 1398841840376 0.52400E+03
525 40 50 36.90 1398841841343 1398841821765 1398841821775 1398841841376 0.52500E+03
526 40 50 36.90 1398841842342 1398841822762 1398841822774 1398841842374 0.52600E+03
527 40 50 36.90 1398841843344 1398841823766 1398841823778 1398841843378 0.52700E+03
528 40 50 36.80 1398841844346 1398841824766 1398841824777 1398841844378 0.52800E+03
529 40 50 36.80 1398841845342 1398841825763 1398841825774 1398841845375 0.52900E+03
530 40 50 36.70 1398841846342 1398841826763 1398841826773 1398841846374 0.53000E+03
531 40 50 36.70 1398841847341 1398841827762 1398841827773 1398841847373 0.53100E+03
532 40 50 36.70 1398841848339 1398841828761 1398841828771 1398841848372 0.53200E+03
533 40 50 36.60 1398841849340 1398841829771 1398841829781 1398841849382 0.53300E+03
534 40 50 36.50 1398841850350 1398841830770 1398841830781 1398841850382 0.53400E+03
535 40 50 36.50 1398841851349 1398841831769 1398841831780 1398841851380 0.53500E+03
536 40 50 36.50 1398841852347 1398841832769 1398841832780 1398841852381 0.53600E+03
537 40 50 36.50 1398841853348 1398841833768 1398841833780 1398841853380 0.53700E+03
538 40 50 36.40 1398841854348 1398841834768 1398841834779 1398841854381 0.53800E+03
539 40 50 36.20 1398841855347 1398841835768 1398841835778 1398841855379 0.53900E+03
540 40 50 36.20 1398841856346 1398841836767 1398841836778 1398841856380 0.54000E+03
541 40 50 36.10 1398841857347 1398841837769 1398841837780 1398841857381 0.54100E+03
542 40 50 36.10 1398841858348 1398841838769 1398841838780 1398841858382 0.54200E+03
543 60 50 36.00 1398841859349 1398841839775 1398841839785 1398841859385 0.54300E+03
544 60 50 36.10 1398841860353 1398841840782 1398841840793 1398841860394 0.54400E+03
545 60 50 36.00 1398841861341 1398841841774 1398841841785 1398841861386 0.54500E+03
546 60 50 36.00 1398841862355 1398841842783 1398841842794 1398841862395 0.54600E+03
547 60 50 36.00 1398841863342 1398841843766 1398841843778 1398841863378 0.54700E+03
548 60 50 35.90 1398841864345 1398841844770 1398841844780 1398841864380 0.54800E+03
549 60 50 36.00 1398841865348 1398841845768 1398841845779 1398841865379 0.54900E+03
550 60 50 36.00 1398841866347 1398841846773 1398841846784 1398841866385 0.55000E+03
551 60 50 36.00 1398841867352 1398841847777 1398841847787 1398841867388 0.55100E+03
552 60 50 36.00 1398841868335 1398841848772 1398841848783 1398841868385 0.55200E+03
553 60 50 36.10 1398841869352 1398841849774 1398841849786 1398841869386 0.55300E+03
554 60 50 36.00 1398841870353 1398841850792 1398841850804 1398841870438 0.55400E+03
555 60 50 36.10 1398841871345 1398841851776 1398841851786 1398841871388 0.55500E+03
556 60 50 36.10 1398841872353 1398841852784 1398841852795 1398841872396 0.55600E+03
557 60 50 36.10 1398841873343 1398841853781 1398841853792 1398841873393 0.55700E+03
558 60 50 36.20 1398841874341 1398841854768 1398841854778 1398841874379 0.55800E+03
559 60 50 36.20 1398841875347 1398841855768 1398841855779 1398841875379 0.55900E+03
560 60 50 36.40 1398841876346 1398841856797 1398841856807 1398841876410 0.56000E+03
561 60 50 36.50 1398841877338 1398841857779 1398841857790 1398841877393 0.56100E+03
562 60 50 36.50 1398841878340 1398841858781 1398841858792 1398841878394 0.56200E+03
563 60 50 36.60 1398841879342 1398841859772 1398841859783 1398841879386 0.56300E+03
564 60 50 36.70 1398841880354 1398841860780 1398841860791 1398841880393 0.56400E+03
565 60 50 36.70 1398841881340 1398841861778 1398841861788 1398841881390 0.56500E+03
566 60 50 36.70 1398841882337 1398841862769 1398841862780 1398841882380 0.56600E+03
567 60 50 36.80 1398841883348 1398841863780 1398841863791 1398841883392 0.56700E+03
568 60 50 36.80 1398841884339 1398841864778 1398841864788 1398841884391 0.56800E+03
569 60 50 36.90 1398841885339 1398841865761 1398841865772 1398841885373 0.56900E+03
570 60 50 36.90 1398841886340 1398841866762 1398841866773 1398841886373 0.57000E+03
571 60 50 36.90 1398841887339 1398841867764 1398841867775 1398841887375 0.57100E+03
572 60 50 37.00 1398841888343 1398841868782 1398841868793 1398841888395 0.57200E+03
573 60 50 37.20 1398841889343 1398841869777 1398841869788 1398841889390 0.57300E+03
574 60 50 37.20 1398841890337 1398841870766 1398841870777 1398841890377 0.57400E+03
575 60 50 37.30 1398841891345 1398841871780 1398841871790 1398841891391 0.57500E+03
576 60 50 37.30 1398841892339 1398841872766 1398841872776 1398841892376 0.57600E+03
577 60 50 37.40 1398841893344 1398841873774 1398841873785 1398841893385 0.57700E+03
578 60 50 37.40 1398841894353 1398841874783 1398841874793 1398841894394 0.57800E+03
579 60 50 37.40 1398841895341 1398841875774 1398841875784 1398841895385 0.57900E+03
580 60 50 37.50 1398841896353 1398841876876 1398841876888 1398841896490 0.58000E+03
581 40 50 37.50 1398841897338 1398841877770 1398841877782 1398841897383 0.58100E+03
582 40 50 37.60 1398841898351 1398841878785 1398841878797 1398841898398 0.58200E+03
583 40 50 37.60 1398841899345 1398841879780 1398841879791 1398841899393 0.58300E+03
584 40 50 37.60 1398841900340 1398841880777 1398841880789 1398841900390 0.58400E+03
585 40 50 37.60 1398841901338 1398841881771 1398841881782 1398841901384 0.58500E+03
586 40 50 37.70 1398841902351 1398841882786 1398841882797 1398841902398 0.58600E+03
587 40 50 37.70 1398841903346 1398841883786 1398841883796 1398841903398 0.58700E+03
588 40 50 37.70 1398841904344 1398841884782 1398841884793 1398841904395 0.58800E+03
589 40 50 37.70 1398841905342 1398841885765 1398841885775 1398841905375 0.58900E+03
590 40 50 37.70 1398841906343 1398841886765 1398841886776 1398841906831 0.59000E+03
591 40 50 37.60 1398841907336 1398841887892 1398841887903 1398841907503 0.59100E+03
592 40 50 37.60 1398841908348 1398841888893 1398841888905 1398841908505 0.59200E+03
593 40 50 37.50 1398841909350 1398841889897 1398841889908 1398841909509 0.59300E+03
594 40 50 37.50 1398841910336 1398841890770 1398841890780 1398841910382 0.59400E+03
595 40 50 37.40 1398841911348 1398841891783 1398841891794 1398841911397 0.59500E+03
596 40 50 37.30 1398841912343 1398841892774 1398841892785 1398841912386 0.59600E+03
597 40 50 37.40 1398841913352 1398841893794 1398841893805 1398841913407 0.59700E+03
598 40 50 37.30 1398841914354 1398841894798 1398841894809 1398841914412 0.59800E+03
599 40 50 37.20 1398841915339 1398841895773 1398841895784 1398841915386 0.59900E+03
600 40 50 37.20 1398841916352 1398841896791 1398841896802 1398841916404 0.60000E+03
601 40 50 37.00 1398841917352 1398841897777 1398841897787 1398841917387 0.60100E+03
602 40 50 37.00 1398841918334 1398841898765 1398841898776 1398841918376 0.60200E+03
603 40 50 37.00 1398841919343 1398841899777 1398841899788 1398841919389 0.60300E+03
604 40 50 36.90 1398841920336 1398841900798 1398841900809 1398841920410 0.60400E+03
605 40 50 36.80 1398841921338 1398841901774 1398841901785 1398841921388 0.60500E+03
606 40 50 36.80 1398841922354 1398841902790 1398841902801 1398841922403 0.60600E+03
607 40 50 36.70 1398841923350 1398841903790 1398841903801 1398841923403 0.60700E+03
608 40 50 36.70 1398841924350 1398841904789 1398841904800 1398841924400 0.60800E+03
609 40 50 36.70 1398841925348 1398841905781 1398841905792 1398841925392 0.60900E+03
610 40 50 36.60 1398841926339 1398841906774 1398841906785 1398841926386 0.61000E+03
611 40 50 36.50 1398841927353 1398841907785 1398841907796 1398841927397 0.61100E+03
612 40 50 36.50 1398841928345 1398841908782 1398841908792 1398841928394 0.61200E+03
613 40 50 36.40 1398841929341 1398841909781 1398841909792 1398841929394 0.61300E+03
614 40 50 36.40 1398841930340 1398841910781 1398841910792 1398841930393 0.61400E+03
615 40 50 36.50 1398841931340 1398841911778 1398841911789 1398841931392 0.61500E+03
616 40 50 36.40 1398841932339 1398841912767 1398841912777 1398841932377 0.61600E+03
617 40 50 36.20 1398841933345 1398841913780 1398841913791 1398841933392 0.61700E+03
618 40 50 36.20 1398841934339 1398841914764 1398841914775 1398841934375 0.61800E+03
619 40 50 36.20 1398841935341 1398841915773 1398841915784 1398841935384 0.61900E+03
620 40 50 36.20 1398841936351 1398841916786 1398841916797 1398841936398 0.62000E+03
621 40 50 36.00 1398841937346 1398841917903 1398841917913 1398841937513 0.62100E+03
622 40 50 36.00 1398841938340 1398841918763 1398841918775 1398841938375 0.62200E+03
623 40 50 36.00 1398841939342 1398841919764 1398841919776 1398841939375 0.62300E+03
624 40 50 36.00 1398841940343 1398841920770 1398841920780 1398841940380 0.62400E+03
625 40 50 35.90 1398841941347 1398841921778 1398841921789 1398841941390 0.62500E+03
626 40 50 35.90 1398841942338 1398841922776 1398841922787 1398841942389 0.62600E+03
627 60 50 35.90 1398841943335 1398841923772 1398841923784 1398841943385 0.62700E+03
628 60 50 35.80 1398841944351 1398841924788 1398841924799 1398841944401 0.62800E+03
629 60 50 35.80 1398841945349 1398841925779 1398841925789 1398841945390 0.62900E+03
630 60 50 35.80 1398841946338 1398841926769 1398841926780 1398841946381 0.63000E+03
631 60 50 35.80 1398841947348 1398841927782 1398841927793 1398841947393 0.63100E+03
632 60 50 35.80 1398841948342 1398841928779 1398841928790 1398841948392 0.63200E+03
633 60 50 35.80 1398841949339 1398841929774 1398841929785 1398841949386 0.63300E+03
634 60 50 35.80 1398841950353 1398841930781 1398841930792 1398841950391 0.63400E+03
635 60 50 35.80 1398841951339 1398841931771 1398841931781 1398841951381 0.63500E+03
636 60 50 35.90 1398841952349 1398841932780 1398841932790 1398841952391 0.63600E+03
637 60 50 35.90 1398841953338 1398841933762 1398841933773 1398841953372 0.63700E+03
638 60 50 35.90 1398841954340 1398841934775 1398841934786 1398841954385 0.63800E+03
639 60 50 36.00 1398841955353 1398841935782 1398841935793 1398841955393 0.63900E+03
640 40 50 36.00 1398841956341 1398841936776 1398841936788 1398841956389 0.64000E+03
641 40 50 36.10 1398841957337 1398841937764 1398841937775 1398841957374 0.64100E+03
642 40 50 36.10 1398841958341 1398841938770 1398841938781 1398841958380 0.64200E+03
643 40 50 36.10 1398841959348 1398841939771 1398841939782 1398841959381 0.64300E+03
644 40 50 36.20 1398841960349 1398841940777 1398841940787 1398841960387 0.64400E+03
645 40 50 36.20 1398841961354 1398841941786 1398841941796 1398841961396 0.64500E+03
646 40 50 36.40 1398841962343 1398841942779 1398841942790 1398841962391 0.64600E+03
647 40 50 36.40 1398841963337 1398841943774 1398841943785 1398841963386 0.64700E+03
648 40 50 36.40 1398841964353 1398841944794 1398841944805 1398841964406 0.64800E+03
649 40 50 36.40 1398841965353 1398841945790 1398841945801 1398841965401 0.64900E+03
650 40 50 36.50 1398841966349 1398841946782 1398841946794 1398841966394 0.65000E+03
651 40 50 36.40 1398841967341 1398841947778 1398841947788 1398841967389 0.65100E+03
652 40 50 36.20 1398841968337 1398841948766 1398841948776 1398841968375 0.65200E+03
653 40 50 36.40 1398841969343 1398841949775 1398841949786 1398841969386 0.65300E+03
654 40 50 36.40 1398841970354 1398841950774 1398841950785 1398841970385 0.65400E+03
655 40 50 36.40 1398841971353 1398841951779 1398841951791 1398841971390 0.65500E+03
656 40 50 36.20 1398841972337 1398841952764 1398841952774 1398841972373 0.65600E+03
657 40 50 36.20 1398841973339 1398841953789 1398841953799 1398841973398 0.65700E+03
658 40 50 36.20 1398841974347 1398841954774 1398841954784 1398841974383 0.65800E+03
659 40 50 36.20 1398841975351 1398841955778 1398841955789 1398841975388 0.65900E+03
660 40 50 36.10 1398841976335 1398841956762 1398841956773 1398841976372 0.66000E+03
661 40 50 36.10 1398841977339 1398841957765 1398841957775 1398841977374 0.66100E+03
662 40 50 36.10 1398841978342 1398841958768 1398841958779 1398841978377 0.66200E+03
663 40 50 36.00 1398841979345 1398841959774 1398841959784 1398841979383 0.66300E+03
664 40 50 36.10 1398841980351 1398841960781 1398841960792 1398841980391 0.66400E+03
665 40 50 36.00 1398841981339 1398841961763 1398841961774 1398841981374 0.66500E+03
666 40 50 36.00 1398841982341 1398841962785 1398841962796 1398841982395 0.66600E+03
667 40 50 36.00 1398841983342 1398841963788 1398841963799 1398841983399 0.66700E+03
668 40 50 35.90 1398841984347 1398841964786 1398841964797 1398841984398 0.66800E+03
669 40 50 35.90 1398841985345 1398841965780 1398841965790 1398841985390 0.66900E+03
670 40 50 35.80 1398841986338 1398841966774 1398841966785 1398841986385 0.67000E+03
671 40 50 35.90 1398841987353 1398841967781 1398841967792 1398841987391 0.67100E+03
672 40 50 35.80 1398841988339 1398841968769 1398841968780 1398841988380 0.67200E+03
673 60 50 35.80 1398841989348 1398841969779 1398841969790 1398841989389 0.67300E+03
674 60 50 35.80 1398841990336 1398841970774 1398841970784 1398841990385 0.67400E+03
675 60 50 35.80 1398841991352 1398841971774 1398841971786 1398841991384 0.67500E+03
676 60 50 35.70 1398841992352 1398841972778 1398841972789 1398841992388 0.67600E+03
677 60 50 35.80 1398841993336 1398841973768 1398841973779 1398841993378 0.67700E+03
678 60 50 35.80 1398841994346 1398841974769 1398841974780 1398841994379 0.67800E+03
679 60 50 35.80 1398841995346 1398841975769 1398841975780 1398841995378 0.67900E+03
680 60 50 35.70 1398841996345 1398841976768 1398841976779 1398841996377 0.68000E+03
681 60 50 35.80 1398841997345 1398841977770 1398841977782 1398841997380 0.68100E+03
682 60 50 35.70 1398841998348 1398841978773 1398841978784 1398841998382 0.68200E+03
683 60 50 35.80 1398841999350 1398841979771 1398841979782 1398841999381 0.68300E+03
684 60 50 35.90 1398842000348 1398841980770 1398841980780 1398842000379 0.68400E+03
685 60 50 36.00 1398842001346 1398841981776 1398841981787 1398842001386 0.68500E+03
686 60 50 35.90 1398842002353 1398841982778 1398841982788 1398842002387 0.68600E+03
687 60 50 36.00 1398842003355 1398841983780 1398841983790 1398842003390 0.68700E+03
688 60 50 36.10 1398842004336 1398841984767 1398841984777 1398842004376 0.68800E+03
689 60 50 36.10 1398842005343 1398841985773 1398841985784 1398842005383 0.68900E+03
690 60 50 36.20 1398842006349 1398841986777 1398841986788 1398842006386 0.69000E+03
691 60 50 36.40 1398842007354 1398841987780 1398841987791 1398842007389 0.69100E+03
692 60 50 36.40 1398842008336 1398841988764 1398841988775 1398842008373 0.69200E+03
693 60 50 36.50 1398842009340 1398841989767 1398841989777 1398842009376 0.69300E+03
694 60 50 36.50 1398842010344 1398841990771 1398841990782 1398842010381 0.69400E+03
695 60 50 36.60 1398842011353 1398841991779 1398841991791 1398842011390 0.69500E+03
696 60 50 36.70 1398842012337 1398841992765 1398841992775 1398842012373 0.69600E+03
697 60 50 36.70 1398842013340 1398841993846 1398841993857 1398842013457 0.69700E+03
698 60 50 36.70 1398842014344 1398841994778 1398841994788 1398842014388 0.69800E+03
699 60 50 36.70 1398842015355 1398841995777 1398841995787 1398842015386 0.69900E+03
700 60 50 36.90 1398842016353 1398841996779 1398841996790 1398842016388 0.70000E+03
701 60 50 36.90 1398842017335 1398841997763 1398841997774 1398842017373 0.70100E+03
702 60 50 37.00 1398842018340 1398841998768 1398841998779 1398842018377 0.70200E+03
703 60 50 37.20 1398842019345 1398841999775 1398841999785 1398842019384 0.70300E+03
704 60 50 37.20 1398842020351 1398842000784 1398842000795 1398842020395 0.70400E+03
705 60 50 37.20 1398842021342 1398842001779 1398842001790 1398842021390 0.70500E+03
706 60 50 37.20 1398842022337 1398842002766 1398842002776 1398842022375 0.70600E+03
707 60 50 37.30 1398842023341 1398842003774 1398842003784 1398842023383 0.70700E+03
708 60 50 37.40 1398842024350 1398842004783 1398842004794 1398842024393 0.70800E+03
709 60 50 37.40 1398842025338 1398842005781 1398842005791 1398842025392 0.70900E+03
710 40 50 37.40 1398842026339 1398842006773 1398842006784 1398842026505 0.71000E+03
711 40 50 37.50 1398842027351 1398842007907 1398842007918 1398842027516 0.71100E+03
712 40 50 37.50 1398842028343 1398842008904 1398842008914 1398842028513 0.71200E+03
713 40 50 37.50 1398842029340 1398842009892 1398842009903 1398842029502 0.71300E+03
714 40 50 37.60 1398842030348 1398842010775 1398842010785 1398842030385 0.71400E+03
715 40 50 37.60 1398842031352 1398842011780 1398842011790 1398842031388 0.71500E+03
716 40 50 37.70 1398842032336 1398842012764 1398842012775 1398842032373 0.71600E+03
717 40 50 37.50 1398842033340 1398842013769 1398842013780 1398842033378 0.71700E+03
718 40 50 37.60 1398842034345 1398842014783 1398842014794 1398842034396 0.71800E+03
719 40 50 37.50 1398842035342 1398842015785 1398842015796 1398842035396 0.71900E+03
720 40 50 37.50 1398842036344 1398842016772 1398842016784 1398842036382 0.72000E+03
721 40 50 37.50 1398842037349 1398842017779 1398842017789 1398842037388 0.72100E+03
722 40 50 37.40 1398842038335 1398842018765 1398842018776 1398842038374 0.72200E+03
723 40 50 37.30 1398842039342 1398842019775 1398842019785 1398842039383 0.72300E+03
724 40 50 37.30 1398842040351 1398842020781 1398842020792 1398842040390 0.72400E+03
725 40 50 37.30 1398842041337 1398842021767 1398842021779 1398842041377 0.72500E+03
726 40 50 37.30 1398842042344 1398842022774 1398842022785 1398842042383 0.72600E+03
727 40 50 37.20 1398842043351 1398842023787 1398842023798 1398842043397 0.72700E+03
728 40 50 37.00 1398842044344 1398842024775 1398842024786 1398842044384 0.72800E+03
729 40 50 37.00 1398842045351 1398842025781 1398842025791 1398842045390 0.72900E+03
730 40 50 37.00 1398842046337 1398842026766 1398842026777 1398842046376 0.73000E+03
731 40 50 36.90 1398842047343 1398842027772 1398842027782 1398842047380 0.73100E+03
732 40 50 36.90 1398842048348 1398842028776 1398842028787 1398842048385 0.73200E+03
733 40 50 36.80 1398842049352 1398842029781 1398842029792 1398842049391 0.73300E+03
734 40 50 36.80 1398842050338 1398842030767 1398842030778 1398842050376 0.73400E+03
735 40 50 36.80 1398842051344 1398842031782 1398842031792 1398842051393 0.73500E+03
736 40 50 36.70 1398842052340 1398842032769 1398842032779 1398842052377 0.73600E+03
737 40 50 36.60 1398842053345 1398842033774 1398842033785 1398842053383 0.73700E+03
738 40 50 36.60 1398842054350 1398842034781 1398842034792 1398842054390 0.73800E+03
739 40 50 36.60 1398842055337 1398842035760 1398842035771 1398842055369 0.73900E+03
740 40 50 36.50 1398842056336 1398842036764 1398842036775 1398842056374 0.74000E+03
741 40 50 36.40 1398842057342 1398842037771 1398842037781 1398842057379 0.74100E+03
742 40 50 36.40 1398842058346 1398842038774 1398842038784 1398842058382 0.74200E+03
743 40 50 36.40 1398842059350 1398842039778 1398842039789 1398842059387 0.74300E+03
744 40 50 36.20 1398842060352 1398842040785 1398842040796 1398842060395 0.74400E+03
745 40 50 36.20 1398842061341 1398842041778 1398842041789 1398842061389 0.74500E+03
746 40 50 36.20 1398842062354 1398842042790 1398842042801 1398842062401 0.74600E+03
747 40 50 36.10 1398842063349 1398842043776 1398842043787 1398842063386 0.74700E+03
748 40 50 36.20 1398842064353 1398842044779 1398842044790 1398842064388 0.74800E+03
749 40 50 36.00 1398842065335 1398842045766 1398842045777 1398842065375 0.74900E+03
750 60 50 35.90 1398842066341 1398842046786 1398842046797 1398842066397 0.75000E+03
751 60 50 35.90 1398842067345 1398842047770 1398842047781 1398842067378 0.75100E+03
752 60 50 35.90 1398842068346 1398842048772 1398842048783 1398842068380 0.75200E+03
753 60 50 35.80 1398842069348 1398842049776 1398842049788 1398842069386 0.75300E+03
754 60 50 35.80 1398842070353 1398842050782 1398842050793 1398842070390 0.75400E+03
755 60 50 35.90 1398842071338 1398842051770 1398842051782 1398842071380 0.75500E+03
756 60 50 35.90 1398842072346 1398842052776 1398842052786 1398842072385 0.75600E+03
757 60 50 35.90 1398842073352 1398842053796 1398842053807 1398842073405 0.75700E+03
758 60 50 35.90 1398842074353 1398842054789 1398842054800 1398842074399 0.75800E+03
759 60 50 36.00 1398842075346 1398842055786 1398842055797 1398842075397 0.75900E+03
760 60 50 36.00 1398842076345 1398842056775 1398842056787 1398842076385 0.76000E+03
761 60 50 36.00 1398842077351 1398842057775 1398842057786 1398842077383 0.76100E+03
762 60 50 36.10 1398842078349 1398842058802 1398842058812 1398842078410 0.76200E+03
763 60 50 36.10 1398842079338 1398842059779 1398842059789 1398842079387 0.76300E+03
764 60 50 36.10 1398842080355 1398842060789 1398842060800 1398842080398 0.76400E+03
765 60 50 36.10 1398842081345 1398842061771 1398842061781 1398842081379 0.76500E+03
766 60 50 36.40 1398842082347 1398842062775 1398842062786 1398842082384 0.76600E+03
767 60 50 36.20 1398842083351 1398842063776 1398842063787 1398842083384 0.76700E+03
768 40 50 36.50 1398842084352 1398842064780 1398842064790 1398842084388 0.76800E+03
769 40 50 36.50 1398842085355 1398842065778 1398842065789 1398842085386 0.76900E+03
770 40 50 36.50 1398842086354 1398842066779 1398842066790 1398842086387 0.77000E+03
771 40 50 36.60 1398842087353 1398842067776 1398842067787 1398842087385 0.77100E+03
772 40 50 36.60 1398842088352 1398842068782 1398842068793 1398842088391 0.77200E+03
773 40 50 36.70 1398842089338 1398842069774 1398842069785 1398842089383 0.77300E+03
774 40 50 36.70 1398842090350 1398842070780 1398842070791 1398842090390 0.77400E+03
775 40 50 36.70 1398842091336 1398842071765 1398842071776 1398842091374 0.77500E+03
776 40 50 36.70 1398842092341 1398842072769 1398842072780 1398842092378 0.77600E+03
777 40 50 36.70 1398842093345 1398842073776 1398842073786 1398842093385 0.77700E+03
778 40 50 36.70 1398842094352 1398842074788 1398842074799 1398842094397 0.77800E+03
779 40 50 36.60 1398842095344 1398842075788 1398842075799 1398842095399 0.77900E+03
780 40 50 36.70 1398842096346 1398842076780 1398842076792 1398842096389 0.78000E+03
781 40 50 36.60 1398842097337 1398842077766 1398842077777 1398842097374 0.78100E+03
782 40 50 36.60 1398842098342 1398842078785 1398842078796 1398842098396 0.78200E+03
783 40 50 36.70 1398842099342 1398842079779 1398842079791 1398842099390 0.78300E+03
784 40 50 36.60 1398842100336 1398842080777 1398842080788 1398842100387 0.78400E+03
785 40 50 36.50 1398842101334 1398842081781 1398842081791 1398842101392 0.78500E+03
786 40 50 36.50 1398842102338 1398842082766 1398842082777 1398842102375 0.78600E+03
787 40 50 36.50 1398842103344 1398842083772 1398842083784 1398842103381 0.78700E+03
788 40 50 36.50 1398842104345 1398842084776 1398842084786 1398842104384 0.78800E+03
789 40 50 36.40 1398842105349 1398842085775 1398842085786 1398842105383 0.78900E+03
790 40 50 36.40 1398842106351 1398842086782 1398842086792 1398842106391 0.79000E+03
791 40 50 36.40 1398842107338 1398842087765 1398842087776 1398842107373 0.79100E+03
792 40 50 36.20 1398842108341 1398842088772 1398842088783 1398842108380 0.79200E+03
793 40 50 36.20 1398842109346 1398842089769 1398842089780 1398842109377 0.79300E+03
794 40 50 36.10 1398842110344 1398842090771 1398842090782 1398842110379 0.79400E+03
795 40 50 36.10 1398842111346 1398842091769 1398842091780 1398842111378 0.79500E+03
796 40 50 36.10 1398842112344 1398842092772 1398842092783 1398842112381 0.79600E+03
797 40 50 36.00 1398842113348 1398842093772 1398842093783 1398842113379 0.79700E+03
798 40 50 36.00 1398842114347 1398842094772 1398842094783 1398842114380 0.79800E+03
799 40 50 36.00 1398842115348 1398842095772 1398842095783 1398842115380 0.79900E+03
800 60 50 35.90 1398842116348 1398842096773 1398842096783 1398842116381 0.80000E+03
801 60 50 35.90 1398842117347 1398842097773 1398842097784 1398842117381 0.80100E+03
802 60 50 35.90 1398842118348 1398842098772 1398842098783 1398842118381 0.80200E+03
803 60 50 35.90 1398842119347 1398842099770 1398842099781 1398842119378 0.80300E+03
804 60 50 35.90 1398842120345 1398842100770 1398842100781 1398842120378 0.80400E+03
805 60 50 35.90 1398842121346 1398842101773 1398842101784 1398842121381 0.80500E+03
806 60 50 35.90 1398842122348 1398842102774 1398842102785 1398842122382 0.80600E+03
807 60 50 35.90 1398842123349 1398842103773 1398842103783 1398842123380 0.80700E+03
808 60 50 36.00 1398842124348 1398842104782 1398842104794 1398842124390 0.80800E+03
809 60 50 36.00 1398842125338 1398842105774 1398842105785 1398842125382 0.80900E+03
810 60 50 36.00 1398842126350 1398842106774 1398842106784 1398842126381 0.81000E+03
811 60 50 36.00 1398842127348 1398842107772 1398842107783 1398842127380 0.81100E+03
812 60 50 36.10 1398842128347 1398842108773 1398842108783 1398842128380 0.81200E+03
813 60 50 36.10 1398842129347 1398842109772 1398842109783 1398842129380 0.81300E+03
814 60 50 36.20 1398842130348 1398842110772 1398842110783 1398842130380 0.81400E+03
815 60 50 36.20 1398842131347 1398842111774 1398842111786 1398842131382 0.81500E+03
816 60 50 36.40 1398842132348 1398842112772 1398842112782 1398842132379 0.81600E+03
817 60 50 36.40 1398842133347 1398842113773 1398842113783 1398842133380 0.81700E+03
818 60 50 36.50 1398842134348 1398842114775 1398842114787 1398842134384 0.81800E+03
819 60 50 36.50 1398842135351 1398842115776 1398842115788 1398842135385 0.81900E+03
820 40 50 36.60 1398842136350 1398842116775 1398842116786 1398842136382 0.82000E+03
821 40 50 36.70 1398842137350 1398842117774 1398842117785 1398842137382 0.82100E+03
822 40 50 36.70 1398842138349 1398842118772 1398842118783 1398842138380 0.82200E+03
823 40 50 36.80 1398842139347 1398842119772 1398842119782 1398842139379 0.82300E+03
824 40 50 36.80 1398842140345 1398842120769 1398842120780 1398842140377 0.82400E+03
825 40 50 36.80 1398842141344 1398842121771 1398842121782 1398842141379 0.82500E+03
826 40 50 36.90 1398842142346 1398842122770 1398842122781 1398842142378 0.82600E+03
827 40 50 36.90 1398842143345 1398842123770 1398842123781 1398842143378 0.82700E+03
828 40 50 36.80 1398842144346 1398842124772 1398842124782 1398842144378 0.82800E+03
829 40 50 36.90 1398842145346 1398842125772 1398842125783 1398842145380 0.82900E+03
830 40 50 36.80 1398842146347 1398842126772 1398842126783 1398842146506 0.83000E+03
831 40 50 36.90 1398842147352 1398842127907 1398842127917 1398842147514 0.83100E+03
832 40 50 36.80 1398842148340 1398842128897 1398842128907 1398842148503 0.83200E+03
833 40 50 36.80 1398842149350 1398842129887 1398842129898 1398842149495 0.83300E+03
834 40 50 36.70 1398842150340 1398842130766 1398842130777 1398842150374 0.83400E+03
835 40 50 36.80 1398842151341 1398842131771 1398842131782 1398842151378 0.83500E+03
836 40 50 36.70 1398842152346 1398842132772 1398842132783 1398842152381 0.83600E+03
837 40 50 36.60 1398842153349 1398842133775 1398842133785 1398842153382 0.83700E+03
838 40 50 36.60 1398842154349 1398842134776 1398842134787 1398842154384 0.83800E+03
839 40 50 36.60 1398842155351 1398842135775 1398842135786 1398842155383 0.83900E+03
840 60 50 36.50 1398842156350 1398842136773 1398842136784 1398842156381 0.84000E+03
841 60 50 36.50 1398842157348 1398842137774 1398842137785 1398842157381 0.84100E+03
842 60 50 36.60 1398842158349 1398842138780 1398842138792 1398842158388 0.84200E+03
843 60 50 36.50 1398842159355 1398842139779 1398842139791 1398842159388 0.84300E+03
844 60 50 36.40 1398842160335 1398842140761 1398842140772 1398842160368 0.84400E+03
845 60 50 36.50 1398842161336 1398842141761 1398842141772 1398842161369 0.84500E+03
846 60 50 36.40 1398842162336 1398842142762 1398842142773 1398842162370 0.84600E+03
847 60 50 36.50 1398842163337 1398842143762 1398842143773 1398842163370 0.84700E+03
848 60 50 36.50 1398842164337 1398842144763 1398842144774 1398842164371 0.84800E+03
849 60 50 36.40 1398842165338 1398842145764 1398842145775 1398842165372 0.84900E+03
850 60 50 36.60 1398842166338 1398842146768 1398842146779 1398842166375 0.85000E+03
851 60 50 36.60 1398842167342 1398842147767 1398842147778 1398842167375 0.85100E+03
852 60 50 36.50 1398842168342 1398842148771 1398842148781 1398842168378 0.85200E+03
853 60 50 36.50 1398842169344 1398842149772 1398842149783 1398842169380 0.85300E+03
854 60 50 36.70 1398842170347 1398842150776 1398842150787 1398842170383 0.85400E+03
855 60 50 36.70 1398842171351 1398842151775 1398842151785 1398842171381 0.85500E+03
856 60 50 36.70 1398842172349 1398842152780 1398842152790 1398842172386 0.85600E+03
857 60 50 36.70 1398842173335 1398842153765 1398842153775 1398842173373 0.85700E+03
858 60 50 36.80 1398842174340 1398842154770 1398842154780 1398842174376 0.85800E+03
859 40 50 36.80 1398842175343 1398842155769 1398842155779 1398842175375 0.85900E+03
860 40 50 36.90 1398842176340 1398842156766 1398842156777 1398842176373 0.86000E+03
861 40 50 36.90 1398842177341 1398842157765 1398842157776 1398842177372 0.86100E+03
862 40 50 37.00 1398842178339 1398842158766 1398842158778 1398842178374 0.86200E+03
863 40 50 36.90 1398842179341 1398842159767 1398842159778 1398842179374 0.86300E+03
864 40 50 37.00 1398842180342 1398842160767 1398842160778 1398842180375 0.86400E+03
865 40 50 37.00 1398842181341 1398842161774 1398842161784 1398842181380 0.86500E+03
866 40 50 37.20 1398842182347 1398842162777 1398842162788 1398842182384 0.86600E+03
867 40 50 37.00 1398842183352 1398842163776 1398842163787 1398842183383 0.86700E+03
868 40 50 37.00 1398842184351 1398842164775 1398842164786 1398842184382 0.86800E+03
869 40 50 37.00 1398842185350 1398842165775 1398842165787 1398842185383 0.86900E+03
870 40 50 37.00 1398842186348 1398842166774 1398842166785 1398842186381 0.87000E+03
871 40 50 37.00 1398842187348 1398842167773 1398842167784 1398842187380 0.87100E+03
872 40 50 36.90 1398842188348 1398842168774 1398842168785 1398842188382 0.87200E+03
873 40 50 36.90 1398842189349 1398842169780 1398842169790 1398842189386 0.87300E+03
874 40 50 36.80 1398842190354 1398842170778 1398842170790 1398842190386 0.87400E+03
875 40 50 36.80 1398842191353 1398842171779 1398842171789 1398842191385 0.87500E+03
876 40 50 36.70 1398842192352 1398842172778 1398842172788 1398842192384 0.87600E+03
877 40 50 36.70 1398842193351 1398842173777 1398842173789 1398842193385 0.87700E+03
878 40 50 36.70 1398842194352 1398842174778 1398842174789 1398842194384 0.87800E+03
879 40 50 36.70 1398842195352 1398842175777 1398842175788 1398842195384 0.87900E+03
880 40 50 36.50 1398842196351 1398842176777 1398842176787 1398842196384 0.88000E+03
881 40 50 36.60 1398842197351 1398842177784 1398842177794 1398842197390 0.88100E+03
882 40 50 36.50 1398842198338 1398842178765 1398842178775 1398842198371 0.88200E+03
883 40 50 36.50 1398842199338 1398842179766 1398842179777 1398842199373 0.88300E+03
884 40 50 36.40 1398842200340 1398842180767 1398842180778 1398842200374 0.88400E+03
885 40 50 36.40 1398842201341 1398842181771 1398842181782 1398842201378 0.88500E+03
886 40 50 36.40 1398842202345 1398842182774 1398842182785 1398842202381 0.88600E+03
887 40 50 36.20 1398842203348 1398842183784 1398842183795 1398842203391 0.88700E+03
888 40 50 36.20 1398842204337 1398842184764 1398842184775 1398842204372 0.88800E+03
889 40 50 36.10 1398842205338 1398842185765 1398842185775 1398842205371 0.88900E+03
890 40 50 36.10 1398842206338 1398842186770 1398842186781 1398842206377 0.89000E+03
891 40 50 36.10 1398842207344 1398842187771 1398842187782 1398842207378 0.89100E+03
892 40 50 36.00 1398842208344 1398842188771 1398842188782 1398842208378 0.89200E+03
893 40 50 36.00 1398842209345 1398842189771 1398842189782 1398842209378 0.89300E+03
894 40 50 36.00 1398842210344 1398842190770 1398842190781 1398842210377 0.89400E+03
895 40 50 35.90 1398842211345 1398842191775 1398842191785 1398842211381 0.89500E+03
896 40 50 36.00 1398842212349 1398842192776 1398842192787 1398842212383 0.89600E+03
897 40 50 35.90 1398842213350 1398842193790 1398842193800 1398842213396 0.89700E+03
898 40 50 35.80 1398842214343 1398842194770 1398842194781 1398842214377 0.89800E+03
899 40 50 35.80 1398842215344 1398842195771 1398842195782 1398842215378 0.89900E+03
900 40 50 35.80 1398842216345 1398842196771 1398842196781 1398842216377 0.90000E+03
901 40 50 35.80 1398842217344 1398842197792 1398842197804 1398842217400 0.90100E+03
902 40 50 35.80 1398842218347 1398842198788 1398842198799 1398842218395 0.90200E+03
903 40 50 35.70 1398842219342 1398842199768 1398842199778 1398842219374 0.90300E+03
904 40 50 35.70 1398842220341 1398842200769 1398842200779 1398842220375 0.90400E+03
905 60 50 35.70 1398842221342 1398842201768 1398842201778 1398842221374 0.90500E+03
906 60 50 35.70 1398842222340 1398842202768 1398842202780 1398842222375 0.90600E+03
907 60 50 35.50 1398842223342 1398842203768 1398842203780 1398842223375 0.90700E+03
908 60 50 35.70 1398842224340 1398842204766 1398842204777 1398842224373 0.90800E+03
909 60 50 35.50 1398842225338 1398842205764 1398842205775 1398842225370 0.90900E+03
910 60 50 35.50 1398842226338 1398842206765 1398842206776 1398842226371 0.91000E+03
911 60 50 35.50 1398842227338 1398842207765 1398842207775 1398842227371 0.91100E+03
912 60 50 35.70 1398842228338 1398842208763 1398842208773 1398842228369 0.91200E+03
913 60 50 35.70 1398842229335 1398842209760 1398842209771 1398842229367 0.91300E+03
914 60 50 35.80 1398842230354 1398842210778 1398842210788 1398842230384 0.91400E+03
915 60 50 35.80 1398842231351 1398842211778 1398842211788 1398842231384 0.91500E+03
916 60 50 35.80 1398842232351 1398842212781 1398842212791 1398842232388 0.91600E+03
917 60 50 35.80 1398842233335 1398842213763 1398842213773 1398842233369 0.91700E+03
918 60 50 35.90 1398842234336 1398842214764 1398842214774 1398842234370 0.91800E+03
919 60 50 35.90 1398842235338 1398842215767 1398842215778 1398842235373 0.91900E+03
920 60 50 35.90 1398842236340 1398842216773 1398842216784 1398842236381 0.92000E+03
921 60 50 36.10 1398842237347 1398842217773 1398842217784 1398842237380 0.92100E+03
922 60 50 36.00 1398842238347 1398842218774 1398842218786 1398842238382 0.92200E+03
923 60 50 36.10 1398842239349 1398842219774 1398842219785 1398842239380 0.92300E+03
924 60 50 36.20 1398842240348 1398842220779 1398842220789 1398842240385 0.92400E+03
925 60 50 36.20 1398842241352 1398842221781 1398842221791 1398842241387 0.92500E+03
926 60 50 36.40 1398842242353 1398842222784 1398842222795 1398842242391 0.92600E+03
927 60 50 36.50 1398842243337 1398842223771 1398842223782 1398842243378 0.92700E+03
928 60 50 36.50 1398842244346 1398842224778 1398842224789 1398842244384 0.92800E+03
929 60 50 36.60 1398842245352 1398842225786 1398842225797 1398842245393 0.92900E+03
930 60 50 36.60 1398842246340 1398842226769 1398842226781 1398842246376 0.93000E+03
931 60 50 36.80 1398842247342 1398842227774 1398842227784 1398842247380 0.93100E+03
932 60 50 36.90 1398842248347 1398842228777 1398842228788 1398842248384 0.93200E+03
933 60 50 36.90 1398842249352 1398842229781 1398842229792 1398842249388 0.93300E+03
934 60 50 36.90 1398842250334 1398842230766 1398842230777 1398842250374 0.93400E+03
935 60 50 37.00 1398842251340 1398842231770 1398842231781 1398842251377 0.93500E+03
936 60 50 37.00 1398842252344 1398842232776 1398842232787 1398842252383 0.93600E+03
937 60 50 37.00 1398842253351 1398842233780 1398842233791 1398842253386 0.93700E+03
938 60 50 37.40 1398842254353 1398842239791 1398842239801 1398842259397 0.93800E+03
944 40 50 37.50 1398842260346 1398842240778 1398842240789 1398842260385 0.94400E+03
945 40 50 37.50 1398842261352 1398842241786 1398842241797 1398842261393 0.94500E+03
946 40 50 37.50 1398842262340 1398842242771 1398842242782 1398842262377 0.94600E+03
947 40 50 37.60 1398842263344 1398842243774 1398842243785 1398842263380 0.94700E+03
948 40 50 37.60 1398842264347 1398842244777 1398842244787 1398842264383 0.94800E+03
949 40 50 37.60 1398842265349 1398842245782 1398842245793 1398842265389 0.94900E+03
950 40 50 37.60 1398842266336 1398842246770 1398842246782 1398842266505 0.95000E+03
951 40 50 37.50 1398842267352 1398842247909 1398842247920 1398842267515 0.95100E+03
952 40 50 37.60 1398842268341 1398842248902 1398842248912 1398842268508 0.95200E+03
953 40 50 37.50 1398842269354 1398842249891 1398842249902 1398842269497 0.95300E+03
954 40 50 37.50 1398842270344 1398842250776 1398842250787 1398842270383 0.95400E+03
955 40 50 37.50 1398842271350 1398842251783 1398842251794 1398842271389 0.95500E+03
956 40 50 37.40 1398842272336 1398842252764 1398842252774 1398842272369 0.95600E+03
957 40 50 37.40 1398842273336 1398842253767 1398842253777 1398842273372 0.95700E+03
958 40 50 37.40 1398842274340 1398842254780 1398842254791 1398842274387 0.95800E+03
959 40 50 37.30 1398842275355 1398842255785 1398842255796 1398842275392 0.95900E+03
960 40 50 37.30 1398842276339 1398842256784 1398842256795 1398842276393 0.96000E+03
961 40 50 37.20 1398842277339 1398842257770 1398842257781 1398842277377 0.96100E+03
962 40 50 37.00 1398842278344 1398842258780 1398842258791 1398842278387 0.96200E+03
963 40 50 37.00 1398842279354 1398842259788 1398842259799 1398842279395 0.96300E+03
964 40 50 36.90 1398842280342 1398842260774 1398842260785 1398842280381 0.96400E+03
965 60 50 36.80 1398842281349 1398842261787 1398842261797 1398842281394 0.96500E+03
966 60 50 36.80 1398842282365 1398842262821 1398842262833 1398842282429 0.96600E+03
967 60 50 36.80 1398842283336 1398842263766 1398842263777 1398842283372 0.96700E+03
968 60 50 36.80 1398842284340 1398842264771 1398842264781 1398842284376 0.96800E+03
969 60 50 36.70 1398842285344 1398842265773 1398842265784 1398842285379 0.96900E+03
970 60 50 36.70 1398842286346 1398842266775 1398842266786 1398842286381 0.97000E+03
971 60 50 36.70 1398842287466 1398842267898 1398842267909 1398842287505 0.97100E+03
972 60 50 36.70 1398842288351 1398842268793 1398842268804 1398842288402 0.97200E+03
973 60 50 36.60 1398842289349 1398842269781 1398842269793 1398842289389 0.97300E+03
974 60 50 36.70 1398842290336 1398842270769 1398842270780 1398842290376 0.97400E+03
975 60 50 36.80 1398842291342 1398842271783 1398842271794 1398842291392 0.97500E+03
976 60 50 36.70 1398842292338 1398842272811 1398842272822 1398842292419 0.97600E+03
977 60 50 36.70 1398842293346 1398842273787 1398842273799 1398842293394 0.97700E+03
978 60 50 36.80 1398842294342 1398842274771 1398842274781 1398842294376 0.97800E+03
979 60 50 36.80 1398842295343 1398842275776 1398842275787 1398842295383 0.97900E+03
980 60 50 36.90 1398842296350 1398842276788 1398842276799 1398842296395 0.98000E+03
981 60 50 36.90 1398842297342 1398842277769 1398842277780 1398842297375 0.98100E+03
982 60 50 36.90 1398842298342 1398842278776 1398842278787 1398842298382 0.98200E+03
983 60 50 37.00 1398842299350 1398842279784 1398842279795 1398842299390 0.98300E+03
984 60 50 37.00 1398842300336 1398842280769 1398842280780 1398842300375 0.98400E+03
985 60 50 37.00 1398842301342 1398842281776 1398842281786 1398842301381 0.98500E+03
986 60 50 37.20 1398842302349 1398842282777 1398842282789 1398842302383 0.98600E+03
987 60 50 37.20 1398842303351 1398842283783 1398842283794 1398842303389 0.98700E+03
988 60 50 37.30 1398842304336 1398842284771 1398842284781 1398842304376 0.98800E+03
989 60 50 37.30 1398842305343 1398842285788 1398842285799 1398842305396 0.98900E+03
990 60 50 37.30 1398842306343 1398842286774 1398842286786 1398842306381 0.99000E+03
991 60 50 37.40 1398842307348 1398842287779 1398842287790 1398842307385 0.99100E+03
992 60 50 37.40 1398842308352 1398842288793 1398842288803 1398842308399 0.99200E+03
993 60 50 37.40 1398842309345 1398842289778 1398842289790 1398842309385 0.99300E+03
994 60 50 37.50 1398842310352 1398842290782 1398842290793 1398842310388 0.99400E+03
995 60 50 37.50 1398842311355 1398842291800 1398842291811 1398842311409 0.99500E+03
996 60 50 37.50 1398842312355 1398842292786 1398842292796 1398842312391 0.99600E+03
997 60 50 37.60 1398842313338 1398842293789 1398842293800 1398842313399 0.99700E+03
998 60 50 37.60 1398842314345 1398842294774 1398842294786 1398842314381 0.99800E+03
999 60 50 37.70 1398842315348 1398842295780 1398842295791 1398842315386 0.99900E+03
1000 60 50 37.70 1398842316353 1398842296788 1398842296799 1398842316395 0.10000E+04
