0.10000E+01 0.10000E+03 0.50000E+02 0.27500E+02
0.20000E+01 0.10000E+03 0.50000E+02 0.32700E+02
0.30000E+01 0.10000E+03 0.50000E+02 0.32500E+02
0.40000E+01 0.10000E+03 0.50000E+02 0.32500E+02
0.50000E+01 0.10000E+03 0.50000E+02 0.32400E+02
0.60000E+01 0.10000E+03 0.50000E+02 0.32400E+02
0.70000E+01 0.10000E+03 0.50000E+02 0.32500E+02
0.80000E+01 0.10000E+03 0.50000E+02 0.32600E+02
0.90000E+01 0.10000E+03 0.50000E+02 0.32600E+02
0.10000E+02 0.10000E+03 0.50000E+02 0.32600E+02
0.11000E+02 0.10000E+03 0.50000E+02 0.32700E+02
0.12000E+02 0.10000E+03 0.50000E+02 0.33000E+02
0.13000E+02 0.10000E+03 0.50000E+02 0.33100E+02
0.14000E+02 0.10000E+03 0.50000E+02 0.33200E+02
0.15000E+02 0.10000E+03 0.50000E+02 0.33400E+02
0.16000E+02 0.10000E+03 0.50000E+02 0.33400E+02
0.17000E+02 0.10000E+03 0.50000E+02 0.33800E+02
0.18000E+02 0.10000E+03 0.50000E+02 0.33900E+02
0.19000E+02 0.10000E+03 0.50000E+02 0.34300E+02
0.20000E+02 0.10000E+03 0.50000E+02 0.34400E+02
0.21000E+02 0.10000E+03 0.50000E+02 0.35500E+02
0.22000E+02 0.10000E+03 0.50000E+02 0.35400E+02
0.23000E+02 0.10000E+03 0.50000E+02 0.35500E+02
0.24000E+02 0.10000E+03 0.50000E+02 0.35400E+02
0.25000E+02 0.10000E+03 0.50000E+02 0.35500E+02
0.26000E+02 0.10000E+03 0.50000E+02 0.35500E+02
0.27000E+02 0.10000E+03 0.50000E+02 0.35500E+02
0.28000E+02 0.10000E+03 0.50000E+02 0.35800E+02
0.29000E+02 0.10000E+03 0.50000E+02 0.35800E+02
0.30000E+02 0.10000E+03 0.50000E+02 0.35900E+02
0.31000E+02 0.10000E+03 0.50000E+02 0.36000E+02
0.32000E+02 0.10000E+03 0.50000E+02 0.36200E+02
0.33000E+02 0.10000E+03 0.50000E+02 0.36200E+02
0.34000E+02 0.10000E+03 0.50000E+02 0.36500E+02
0.35000E+02 0.10000E+03 0.50000E+02 0.36700E+02
0.36000E+02 0.10000E+03 0.50000E+02 0.36700E+02
0.37000E+02 0.10000E+03 0.50000E+02 0.36800E+02
0.38000E+02 0.10000E+03 0.50000E+02 0.37000E+02
0.39000E+02 0.10000E+03 0.50000E+02 0.37000E+02
0.40000E+02 0.10000E+03 0.50000E+02 0.37200E+02
0.41000E+02 0.10000E+03 0.50000E+02 0.37300E+02
0.42000E+02 0.10000E+03 0.50000E+02 0.37200E+02
0.43000E+02 0.10000E+03 0.50000E+02 0.37600E+02
0.44000E+02 0.10000E+03 0.50000E+02 0.37600E+02
0.45000E+02 0.10000E+03 0.50000E+02 0.37900E+02
0.46000E+02 0.10000E+03 0.50000E+02 0.38100E+02
0.47000E+02 0.10000E+03 0.50000E+02 0.38300E+02
0.48000E+02 0.10000E+03 0.50000E+02 0.38600E+02
0.49000E+02 0.10000E+03 0.50000E+02 0.38600E+02
0.50000E+02 0.10000E+03 0.50000E+02 0.38900E+02
0.51000E+02 0.10000E+03 0.50000E+02 0.39000E+02
