0 0 100 26.50 1403012883289 1403012928401 1403012928419 1403012883350 0.10000E+01
1 30 50 26.50 1403012888500 1403012933631 1403012933649 1403012888558 0.10000E+01
2 30 50 26.50 1403012889501 1403012934638 1403012934657 1403012889568 0.20000E+01
3 30 50 26.50 1403012890502 1403012935619 1403012935637 1403012890544 0.30000E+01
4 30 50 26.50 1403012891502 1403012936614 1403012936633 1403012891547 0.40000E+01
5 30 50 26.50 1403012892501 1403012937616 1403012937633 1403012892541 0.50000E+01
6 30 50 26.50 1403012893502 1403012938615 1403012938633 1403012893542 0.60000E+01
7 30 50 26.60 1403012894503 1403012939612 1403012939631 1403012894538 0.70000E+01
8 30 50 26.60 1403012895502 1403012940613 1403012940632 1403012895540 0.80000E+01
9 30 50 26.70 1403012896501 1403012941616 1403012941633 1403012896545 0.90000E+01
10 30 50 26.80 1403012897502 1403012942618 1403012942633 1403012897542 0.10000E+02
11 30 50 26.80 1403012898502 1403012943612 1403012943630 1403012898541 0.11000E+02
12 30 50 27.00 1403012899501 1403012944616 1403012944634 1403012899541 0.12000E+02
13 30 50 27.00 1403012900502 1403012945613 1403012945630 1403012900539 0.13000E+02
14 30 50 27.00 1403012901502 1403012946616 1403012946634 1403012901542 0.14000E+02
15 30 50 27.20 1403012902502 1403012947620 1403012947638 1403012902546 0.15000E+02
16 30 50 27.30 1403012903501 1403012948623 1403012948641 1403012903549 0.16000E+02
17 30 50 27.30 1403012904502 1403012949615 1403012949632 1403012904540 0.17000E+02
18 30 50 27.50 1403012905502 1403012950612 1403012950630 1403012905540 0.18000E+02
19 30 50 27.50 1403012906502 1403012951616 1403012951634 1403012906542 0.19000E+02
20 30 50 27.60 1403012907502 1403012952632 1403012952650 1403012907558 0.20000E+02
21 30 50 27.60 1403012908503 1403012953648 1403012953665 1403012908576 0.21000E+02
22 30 50 27.90 1403012909502 1403012954614 1403012954632 1403012909542 0.22000E+02
23 30 50 27.90 1403012910502 1403012955621 1403012955638 1403012910547 0.23000E+02
24 30 50 28.00 1403012911502 1403012956632 1403012956650 1403012911587 0.24000E+02
25 30 50 28.00 1403012912502 1403012957640 1403012957656 1403012912569 0.25000E+02
26 30 50 28.00 1403012913502 1403012958616 1403012958634 1403012913544 0.26000E+02
27 30 50 28.20 1403012914502 1403012959616 1403012959633 1403012914541 0.27000E+02
28 30 50 28.20 1403012915502 1403012960613 1403012960631 1403012915540 0.28000E+02
29 30 50 28.30 1403012916501 1403012961620 1403012961636 1403012916545 0.29000E+02
30 30 50 28.30 1403012917502 1403012962616 1403012962635 1403012917543 0.30000E+02
31 30 50 28.30 1403012918502 1403012963625 1403012963641 1403012918549 0.31000E+02
32 30 50 28.40 1403012919501 1403012964634 1403012964652 1403012919561 0.32000E+02
33 30 50 28.40 1403012920502 1403012965626 1403012965643 1403012920551 0.33000E+02
34 30 50 28.60 1403012921502 1403012966618 1403012966635 1403012921545 0.34000E+02
35 30 50 28.60 1403012922502 1403012967613 1403012967630 1403012922540 0.35000E+02
36 30 50 28.60 1403012923505 1403012968629 1403012968647 1403012923555 0.36000E+02
37 30 50 28.70 1403012924502 1403012969618 1403012969634 1403012924543 0.37000E+02
38 30 50 28.80 1403012925502 1403012970614 1403012970631 1403012925894 0.38000E+02
39 30 50 28.80 1403012926503 1403012971612 1403012971629 1403012926541 0.39000E+02
40 30 50 28.90 1403012927502 1403012972633 1403012972650 1403012927558 0.40000E+02
41 30 50 28.90 1403012928502 1403012973614 1403012973631 1403012928541 0.41000E+02
42 30 50 28.90 1403012929502 1403012974617 1403012974634 1403012929542 0.42000E+02
43 30 50 28.90 1403012930502 1403012975619 1403012975636 1403012930544 0.43000E+02
44 30 50 28.90 1403012931501 1403012976614 1403012976631 1403012931539 0.44000E+02
45 30 50 29.00 1403012932502 1403012977638 1403012977655 1403012932564 0.45000E+02
46 30 50 29.00 1403012933502 1403012978616 1403012978633 1403012933541 0.46000E+02
47 30 50 29.00 1403012934502 1403012979615 1403012979632 1403012934542 0.47000E+02
48 30 50 29.00 1403012935502 1403012980613 1403012980631 1403012935541 0.48000E+02
49 30 50 29.10 1403012936502 1403012981614 1403012981631 1403012936537 0.49000E+02
50 30 50 29.10 1403012937502 1403012982613 1403012982630 1403012937539 0.50000E+02
51 30 50 29.10 1403012938507 1403012983615 1403012983633 1403012938544 0.51000E+02
52 30 50 29.30 1403012939502 1403012984640 1403012984658 1403012939568 0.52000E+02
53 30 50 29.10 1403012940502 1403012985614 1403012985632 1403012940538 0.53000E+02
54 30 50 29.30 1403012941501 1403012986660 1403012986677 1403012941636 0.54000E+02
55 30 50 29.30 1403012942502 1403012987622 1403012987639 1403012942553 0.55000E+02
56 30 50 29.30 1403012943502 1403012988621 1403012988640 1403012943547 0.56000E+02
57 30 50 29.30 1403012944502 1403012989616 1403012989633 1403012944540 0.57000E+02
58 30 50 29.30 1403012945501 1403012990615 1403012990633 1403012945542 0.58000E+02
59 30 50 29.40 1403012946503 1403012991618 1403012991636 1403012946543 0.59000E+02
60 30 50 29.30 1403012947502 1403012992615 1403012992632 1403012947541 0.60000E+02
61 30 50 29.30 1403012948502 1403012993630 1403012993648 1403012948555 0.61000E+02
62 30 50 29.40 1403012949503 1403012994614 1403012994632 1403012949539 0.62000E+02
63 30 50 29.40 1403012950502 1403012995617 1403012995635 1403012950542 0.63000E+02
64 30 50 29.40 1403012951502 1403012996613 1403012996631 1403012951542 0.64000E+02
65 30 50 29.40 1403012952502 1403012997688 1403012997705 1403012952612 0.65000E+02
66 30 50 29.40 1403012953502 1403012998707 1403012998724 1403012953632 0.66000E+02
67 30 50 29.40 1403012954502 1403012999745 1403012999763 1403012954670 0.67000E+02
68 30 50 29.40 1403012955503 1403013000746 1403013000763 1403012955671 0.68000E+02
69 30 50 29.40 1403012956503 1403013001742 1403013001761 1403012956668 0.69000E+02
70 30 50 29.50 1403012957502 1403013002731 1403013002749 1403012957658 0.70000E+02
71 30 50 29.50 1403012958502 1403013003611 1403013003629 1403012958537 0.71000E+02
72 30 50 29.50 1403012959502 1403013004613 1403013004631 1403012959540 0.72000E+02
73 30 50 29.40 1403012960502 1403013005613 1403013005630 1403012960538 0.73000E+02
74 30 50 29.40 1403012961501 1403013006616 1403013006633 1403012961540 0.74000E+02
75 30 50 29.50 1403012962502 1403013007613 1403013007630 1403012962541 0.75000E+02
76 30 50 29.50 1403012963502 1403013008616 1403013008634 1403012963541 0.76000E+02
77 30 50 29.50 1403012964501 1403013009627 1403013009645 1403012964555 0.77000E+02
78 30 50 29.50 1403012965501 1403013010614 1403013010631 1403012965539 0.78000E+02
79 30 50 29.50 1403012966502 1403013011612 1403013011629 1403012966538 0.79000E+02
80 30 50 29.50 1403012967500 1403013012618 1403013012634 1403012967542 0.80000E+02
81 30 50 29.60 1403012968502 1403013013682 1403013013699 1403012968609 0.81000E+02
82 30 50 29.60 1403012969501 1403013014619 1403013014636 1403012969543 0.82000E+02
83 30 50 29.50 1403012970502 1403013015621 1403013015638 1403012970545 0.83000E+02
84 30 50 29.60 1403012971501 1403013016658 1403013016675 1403012971584 0.84000E+02
85 30 50 29.50 1403012972501 1403013017619 1403013017637 1403012972544 0.85000E+02
86 30 50 29.50 1403012973502 1403013018612 1403013018629 1403012973544 0.86000E+02
87 30 50 29.60 1403012974504 1403013019618 1403013019636 1403012974545 0.87000E+02
88 30 50 29.60 1403012975501 1403013020614 1403013020630 1403012975537 0.88000E+02
89 30 50 29.60 1403012976502 1403013021614 1403013021631 1403012976538 0.89000E+02
90 30 50 29.60 1403012977502 1403013022614 1403013022631 1403012977538 0.90000E+02
91 30 50 29.60 1403012978500 1403013023613 1403013023630 1403012978539 0.91000E+02
92 30 50 29.50 1403012979502 1403013024612 1403013024629 1403012979537 0.92000E+02
93 30 50 29.70 1403012980502 1403013025618 1403013025635 1403012980543 0.93000E+02
94 30 50 29.60 1403012981502 1403013026615 1403013026632 1403012981539 0.94000E+02
95 30 50 29.60 1403012982501 1403013027614 1403013027632 1403012982540 0.95000E+02
96 30 50 29.60 1403012983502 1403013028613 1403013028630 1403012983538 0.96000E+02
97 30 50 29.70 1403012984502 1403013029618 1403013029635 1403012984542 0.97000E+02
98 30 50 29.70 1403012985502 1403013030616 1403013030633 1403012985539 0.98000E+02
99 30 50 29.70 1403012986502 1403013031625 1403013031642 1403012986549 0.99000E+02
100 30 50 29.70 1403012987503 1403013032618 1403013032635 1403012987542 0.10000E+03
101 30 50 29.70 1403012988502 1403013033619 1403013033637 1403012988543 0.10100E+03
102 30 50 29.60 1403012989502 1403013034624 1403013034642 1403012989548 0.10200E+03
103 30 50 29.60 1403012990503 1403013035613 1403013035631 1403012990538 0.10300E+03
104 30 50 29.70 1403012991502 1403013036624 1403013036641 1403012991548 0.10400E+03
105 30 50 29.70 1403012992502 1403013037630 1403013037647 1403012992759 0.10500E+03
106 30 50 29.70 1403012993502 1403013038612 1403013038629 1403012993535 0.10600E+03
107 30 50 29.60 1403012994501 1403013039684 1403013039702 1403012994608 0.10700E+03
108 30 50 29.70 1403012995502 1403013040620 1403013040638 1403012995544 0.10800E+03
109 30 50 29.70 1403012996503 1403013041614 1403013041631 1403012996537 0.10900E+03
110 30 50 29.70 1403012997501 1403013042616 1403013042634 1403012997540 0.11000E+03
111 30 50 29.60 1403012998502 1403013048626 1403013048644 1403013003554 0.11100E+03
117 30 50 29.70 1403013004502 1403013049615 1403013049632 1403013004540 0.11700E+03
118 30 50 29.70 1403013005501 1403013050619 1403013050636 1403013005542 0.11800E+03
119 30 50 29.70 1403013006502 1403013051613 1403013051631 1403013006539 0.11900E+03
120 30 50 29.70 1403013007502 1403013052614 1403013052631 1403013007539 0.12000E+03
121 30 50 29.60 1403013008503 1403013053622 1403013053639 1403013008551 0.12100E+03
122 30 50 29.70 1403013009502 1403013054617 1403013054634 1403013009544 0.12200E+03
123 30 50 29.70 1403013010502 1403013055629 1403013055646 1403013010561 0.12300E+03
124 30 50 29.80 1403013011507 1403013056621 1403013056639 1403013011546 0.12400E+03
125 30 50 29.70 1403013012502 1403013057646 1403013057663 1403013012570 0.12500E+03
126 30 50 29.60 1403013013501 1403013058612 1403013058630 1403013013536 0.12600E+03
127 30 50 29.70 1403013014502 1403013059618 1403013059635 1403013014542 0.12700E+03
128 30 50 29.70 1403013015502 1403013060615 1403013060633 1403013015540 0.12800E+03
129 30 50 29.70 1403013016507 1403013061634 1403013061651 1403013016559 0.12900E+03
130 30 50 29.70 1403013017502 1403013062613 1403013062631 1403013017538 0.13000E+03
131 30 50 29.70 1403013018502 1403013063616 1403013063633 1403013018540 0.13100E+03
132 30 50 29.80 1403013019503 1403013064630 1403013064647 1403013019554 0.13200E+03
133 30 50 29.70 1403013020502 1403013065678 1403013065695 1403013020602 0.13300E+03
134 30 50 29.70 1403013021502 1403013066614 1403013066631 1403013021537 0.13400E+03
135 30 50 29.70 1403013022502 1403013067618 1403013067635 1403013022548 0.13500E+03
136 30 50 29.80 1403013023502 1403013068615 1403013068632 1403013023539 0.13600E+03
137 30 50 29.80 1403013024503 1403013069617 1403013069634 1403013024541 0.13700E+03
138 30 50 29.80 1403013025501 1403013070616 1403013070634 1403013025540 0.13800E+03
139 30 50 29.70 1403013026502 1403013071616 1403013071633 1403013026542 0.13900E+03
140 30 50 29.70 1403013027507 1403013072630 1403013072647 1403013027553 0.14000E+03
141 30 50 29.70 1403013028503 1403013073623 1403013073639 1403013028546 0.14100E+03
142 30 50 29.70 1403013029503 1403013074618 1403013074635 1403013029543 0.14200E+03
143 30 50 29.70 1403013030503 1403013075614 1403013075630 1403013030536 0.14300E+03
144 30 50 29.70 1403013031502 1403013076624 1403013076641 1403013031548 0.14400E+03
145 30 50 29.70 1403013032503 1403013077772 1403013077789 1403013032696 0.14500E+03
146 30 50 29.80 1403013033501 1403013078629 1403013078646 1403013033558 0.14600E+03
147 30 50 29.80 1403013034502 1403013079615 1403013079632 1403013034553 0.14700E+03
148 30 50 29.80 1403013035503 1403013080620 1403013080637 1403013035544 0.14800E+03
149 30 50 29.80 1403013036502 1403013081615 1403013081632 1403013036542 0.14900E+03
150 30 50 29.70 1403013037503 1403013082613 1403013082630 1403013037537 0.15000E+03
151 30 50 29.70 1403013038502 1403013088618 1403013088636 1403013043542 0.15100E+03
157 30 50 29.80 1403013044501 1403013089635 1403013089653 1403013044564 0.15700E+03
158 30 50 29.80 1403013045503 1403013090617 1403013090635 1403013045541 0.15800E+03
159 30 50 29.70 1403013046502 1403013091694 1403013091711 1403013046644 0.15900E+03
160 30 50 29.70 1403013047501 1403013092618 1403013092635 1403013047541 0.16000E+03
161 30 50 29.80 1403013048507 1403013093625 1403013093643 1403013048558 0.16100E+03
162 30 50 29.80 1403013049502 1403013094615 1403013094633 1403013049546 0.16200E+03
163 30 50 29.70 1403013050502 1403013095698 1403013095715 1403013050621 0.16300E+03
164 30 50 29.70 1403013051502 1403013096614 1403013096631 1403013051537 0.16400E+03
165 30 50 29.80 1403013052503 1403013097630 1403013097648 1403013052555 0.16500E+03
166 30 50 29.80 1403013053506 1403013098632 1403013098650 1403013053556 0.16600E+03
167 30 50 29.80 1403013054502 1403013099614 1403013099631 1403013054538 0.16700E+03
168 30 50 29.70 1403013055503 1403013100621 1403013100638 1403013055546 0.16800E+03
169 30 50 29.70 1403013056503 1403013101620 1403013101638 1403013056546 0.16900E+03
170 30 50 29.70 1403013057502 1403013102630 1403013102648 1403013057699 0.17000E+03
171 30 50 29.80 1403013058506 1403013108625 1403013108642 1403013063548 0.17100E+03
177 30 50 29.80 1403013064503 1403013109626 1403013109643 1403013064549 0.17700E+03
178 30 50 29.80 1403013065502 1403013110617 1403013110635 1403013065550 0.17800E+03
179 30 50 29.80 1403013066503 1403013111680 1403013111697 1403013066606 0.17900E+03
180 30 50 29.70 1403013067503 1403013112613 1403013112631 1403013067537 0.18000E+03
181 30 50 29.80 1403013068503 1403013113641 1403013113658 1403013068564 0.18100E+03
182 30 50 29.70 1403013069502 1403013114617 1403013114634 1403013069540 0.18200E+03
183 30 50 29.70 1403013070502 1403013115615 1403013115633 1403013070539 0.18300E+03
184 30 50 29.80 1403013071502 1403013116614 1403013116631 1403013071537 0.18400E+03
185 30 50 29.80 1403013072502 1403013117619 1403013117636 1403013072543 0.18500E+03
186 30 50 29.80 1403013073503 1403013118615 1403013118632 1403013073543 0.18600E+03
187 30 50 29.80 1403013074502 1403013124618 1403013124634 1403013079541 0.18700E+03
193 30 50 29.80 1403013080502 1403013125616 1403013125634 1403013080541 0.19300E+03
194 30 50 29.70 1403013081502 1403013126613 1403013126630 1403013081536 0.19400E+03
195 30 50 29.80 1403013082502 1403013127621 1403013127638 1403013082543 0.19500E+03
196 30 50 29.80 1403013083502 1403013128651 1403013128668 1403013083583 0.19600E+03
197 30 50 29.80 1403013084502 1403013129615 1403013129632 1403013084539 0.19700E+03
198 30 50 29.80 1403013085527 1403013130642 1403013130658 1403013085563 0.19800E+03
199 30 50 29.80 1403013086502 1403013131618 1403013131635 1403013086540 0.19900E+03
200 30 50 29.80 1403013087501 1403013132656 1403013132673 1403013087579 0.20000E+03
201 30 50 29.80 1403013088503 1403013133617 1403013133634 1403013088540 0.20100E+03
202 30 50 30.00 1403013089502 1403013134616 1403013134633 1403013089542 0.20200E+03
203 30 50 29.70 1403013090502 1403013135617 1403013135635 1403013090541 0.20300E+03
204 30 50 29.80 1403013091502 1403013136624 1403013136641 1403013091551 0.20400E+03
205 30 50 29.80 1403013092502 1403013137614 1403013137631 1403013092541 0.20500E+03
206 30 50 29.70 1403013093502 1403013138621 1403013138637 1403013093544 0.20600E+03
207 30 50 29.80 1403013094502 1403013139646 1403013139663 1403013094569 0.20700E+03
208 30 50 29.80 1403013095502 1403013140620 1403013140637 1403013095543 0.20800E+03
209 30 50 29.80 1403013096502 1403013141636 1403013141653 1403013096559 0.20900E+03
210 30 50 29.70 1403013097502 1403013142613 1403013142630 1403013097537 0.21000E+03
211 30 50 29.80 1403013098502 1403013143614 1403013143631 1403013098536 0.21100E+03
212 30 50 29.80 1403013099502 1403013144621 1403013144637 1403013099542 0.21200E+03
213 30 50 29.80 1403013100502 1403013145614 1403013145632 1403013100543 0.21300E+03
214 30 50 29.80 1403013101506 1403013146617 1403013146634 1403013101540 0.21400E+03
215 30 50 29.80 1403013102502 1403013147614 1403013147631 1403013102537 0.21500E+03
216 30 50 29.80 1403013103503 1403013148629 1403013148645 1403013103550 0.21600E+03
217 30 50 29.80 1403013104502 1403013149624 1403013149642 1403013104547 0.21700E+03
218 30 50 30.00 1403013105501 1403013150632 1403013150649 1403013105560 0.21800E+03
219 30 50 29.70 1403013106502 1403013151618 1403013151636 1403013106541 0.21900E+03
220 30 50 29.80 1403013107502 1403013152614 1403013152630 1403013107540 0.22000E+03
221 30 50 30.00 1403013108502 1403013153622 1403013153640 1403013108545 0.22100E+03
222 30 50 29.70 1403013109502 1403013154622 1403013154640 1403013109545 0.22200E+03
223 30 50 29.80 1403013110532 1403013155649 1403013155667 1403013110572 0.22300E+03
224 30 50 29.80 1403013111502 1403013156615 1403013156632 1403013111538 0.22400E+03
225 30 50 29.70 1403013112502 1403013157626 1403013157644 1403013112550 0.22500E+03
226 30 50 29.70 1403013113502 1403013158615 1403013158632 1403013113537 0.22600E+03
227 30 50 29.80 1403013114503 1403013159615 1403013159633 1403013114540 0.22700E+03
228 30 50 29.80 1403013115507 1403013160620 1403013160637 1403013115542 0.22800E+03
229 30 50 29.80 1403013116502 1403013161722 1403013161738 1403013116644 0.22900E+03
230 30 50 29.80 1403013117502 1403013162615 1403013162632 1403013117540 0.23000E+03
231 30 50 30.00 1403013118502 1403013163614 1403013163632 1403013118537 0.23100E+03
232 30 50 30.00 1403013119502 1403013164621 1403013164640 1403013119545 0.23200E+03
233 30 50 30.00 1403013120502 1403013170623 1403013170641 1403013125545 0.23300E+03
239 30 50 30.00 1403013126502 1403013171618 1403013171635 1403013126542 0.23900E+03
240 30 50 30.00 1403013127503 1403013172616 1403013172633 1403013127539 0.24000E+03
241 30 50 30.00 1403013128502 1403013173613 1403013173630 1403013128535 0.24100E+03
242 30 50 29.80 1403013129502 1403013174623 1403013174640 1403013129547 0.24200E+03
243 30 50 29.80 1403013130502 1403013175633 1403013175650 1403013130556 0.24300E+03
244 30 50 30.00 1403013131503 1403013176617 1403013176634 1403013131539 0.24400E+03
245 30 50 29.80 1403013132501 1403013177613 1403013177630 1403013132538 0.24500E+03
246 30 50 29.80 1403013133502 1403013178622 1403013178639 1403013133550 0.24600E+03
247 30 50 29.80 1403013134502 1403013179615 1403013179632 1403013134539 0.24700E+03
248 30 50 29.80 1403013135502 1403013180615 1403013180632 1403013135537 0.24800E+03
249 30 50 29.80 1403013136502 1403013181659 1403013181677 1403013136582 0.24900E+03
250 30 50 29.80 1403013137502 1403013182620 1403013182638 1403013137543 0.25000E+03
251 30 50 30.00 1403013138502 1403013183614 1403013183632 1403013138537 0.25100E+03
252 30 50 29.80 1403013139502 1403013184615 1403013184633 1403013139543 0.25200E+03
253 30 50 29.80 1403013140501 1403013185670 1403013185687 1403013140592 0.25300E+03
254 30 50 30.00 1403013141501 1403013186614 1403013186631 1403013141536 0.25400E+03
255 30 50 29.80 1403013142501 1403013187619 1403013187636 1403013142541 0.25500E+03
256 30 50 29.80 1403013143502 1403013188618 1403013188635 1403013143540 0.25600E+03
257 30 50 29.80 1403013144501 1403013189686 1403013189704 1403013144620 0.25700E+03
258 30 50 29.80 1403013145502 1403013190614 1403013190632 1403013145537 0.25800E+03
259 30 50 30.00 1403013146502 1403013191724 1403013191741 1403013146659 0.25900E+03
260 30 50 30.00 1403013147502 1403013192617 1403013192634 1403013147546 0.26000E+03
261 30 50 29.80 1403013148502 1403013193636 1403013193653 1403013148560 0.26100E+03
262 30 50 30.00 1403013149502 1403013194616 1403013194634 1403013149540 0.26200E+03
263 30 50 29.80 1403013150503 1403013195625 1403013195643 1403013150550 0.26300E+03
264 30 50 30.00 1403013151503 1403013196616 1403013196633 1403013151539 0.26400E+03
265 30 50 29.80 1403013152502 1403013198815 1403013198833 1403013153738 0.26500E+03
267 30 50 29.80 1403013154502 1403013199623 1403013199640 1403013154546 0.26700E+03
268 30 50 29.80 1403013155503 1403013200626 1403013200643 1403013155548 0.26800E+03
269 30 50 30.00 1403013156502 1403013201694 1403013201712 1403013156617 0.26900E+03
270 30 50 30.00 1403013157502 1403013202621 1403013202639 1403013157544 0.27000E+03
271 30 50 29.80 1403013158507 1403013203621 1403013203638 1403013158543 0.27100E+03
272 30 50 29.70 1403013159502 1403013204625 1403013204643 1403013159548 0.27200E+03
273 30 50 30.00 1403013160502 1403013205616 1403013205633 1403013160539 0.27300E+03
274 30 50 30.00 1403013161502 1403013206616 1403013206633 1403013161539 0.27400E+03
275 30 50 29.80 1403013162502 1403013207619 1403013207636 1403013162541 0.27500E+03
276 30 50 30.00 1403013163507 1403013208625 1403013208642 1403013163547 0.27600E+03
277 30 50 30.00 1403013164503 1403013209690 1403013209708 1403013164613 0.27700E+03
278 30 50 29.80 1403013165502 1403013210617 1403013210634 1403013165539 0.27800E+03
279 30 50 30.00 1403013166500 1403013211612 1403013211629 1403013166533 0.27900E+03
280 30 50 29.80 1403013167503 1403013212621 1403013212639 1403013167547 0.28000E+03
281 30 50 29.80 1403013168502 1403013213666 1403013213684 1403013168588 0.28100E+03
282 30 50 29.80 1403013169501 1403013214612 1403013214630 1403013169534 0.28200E+03
283 30 50 30.00 1403013170502 1403013215622 1403013215640 1403013170545 0.28300E+03
284 30 50 30.00 1403013171502 1403013221627 1403013221645 1403013176549 0.28400E+03
290 30 50 29.80 1403013177503 1403013222628 1403013222646 1403013177550 0.29000E+03
291 30 50 30.00 1403013178507 1403013223620 1403013223638 1403013178543 0.29100E+03
292 30 50 29.80 1403013179502 1403013224622 1403013224640 1403013179544 0.29200E+03
293 30 50 29.80 1403013180502 1403013225619 1403013225637 1403013180541 0.29300E+03
294 30 50 29.80 1403013181502 1403013226615 1403013226633 1403013181542 0.29400E+03
295 30 50 29.80 1403013182502 1403013227615 1403013227634 1403013182538 0.29500E+03
296 30 50 29.80 1403013183502 1403013228616 1403013228633 1403013183537 0.29600E+03
297 30 50 29.80 1403013184502 1403013229619 1403013229637 1403013184545 0.29700E+03
298 30 50 29.70 1403013185502 1403013230616 1403013230633 1403013185537 0.29800E+03
299 30 50 29.80 1403013186502 1403013231620 1403013231637 1403013186545 0.29900E+03
300 30 50 30.20 1403013187502 1403013232617 1403013232634 1403013187540 0.30000E+03
301 40 50 29.80 1403013188501 1403013233622 1403013233639 1403013188543 0.30100E+03
302 40 50 29.80 1403013189506 1403013234637 1403013234654 1403013189705 0.30200E+03
303 40 50 29.80 1403013190503 1403013235624 1403013235641 1403013190545 0.30300E+03
304 40 50 29.80 1403013191502 1403013236638 1403013236655 1403013191568 0.30400E+03
305 40 50 29.70 1403013192502 1403013237616 1403013237634 1403013192539 0.30500E+03
306 40 50 29.80 1403013193502 1403013238626 1403013238643 1403013193548 0.30600E+03
307 40 50 30.00 1403013194502 1403013239616 1403013239633 1403013194649 0.30700E+03
308 40 50 29.80 1403013195502 1403013240742 1403013240758 1403013195662 0.30800E+03
309 40 50 30.00 1403013196502 1403013241742 1403013241760 1403013196665 0.30900E+03
310 40 50 30.00 1403013197501 1403013242723 1403013242741 1403013197645 0.31000E+03
311 40 50 30.00 1403013198503 1403013243627 1403013243645 1403013198549 0.31100E+03
312 40 50 30.00 1403013199507 1403013244644 1403013244662 1403013199566 0.31200E+03
313 40 50 30.00 1403013200502 1403013245698 1403013245715 1403013200623 0.31300E+03
314 40 50 30.10 1403013201503 1403013246619 1403013246636 1403013201543 0.31400E+03
315 40 50 30.10 1403013202502 1403013247615 1403013247633 1403013202538 0.31500E+03
316 40 50 30.20 1403013203502 1403013248617 1403013248634 1403013203538 0.31600E+03
317 40 50 30.10 1403013204503 1403013249649 1403013249666 1403013204572 0.31700E+03
318 40 50 30.20 1403013205502 1403013250616 1403013250633 1403013205538 0.31800E+03
319 40 50 30.30 1403013206503 1403013251623 1403013251640 1403013206544 0.31900E+03
320 40 50 30.30 1403013207502 1403013252626 1403013252643 1403013207551 0.32000E+03
321 40 50 30.30 1403013208502 1403013253617 1403013253635 1403013208540 0.32100E+03
322 40 50 30.30 1403013209502 1403013254616 1403013254633 1403013209539 0.32200E+03
323 40 50 30.30 1403013210502 1403013255619 1403013255636 1403013210541 0.32300E+03
324 40 50 30.30 1403013211502 1403013256649 1403013256666 1403013211570 0.32400E+03
325 40 50 30.40 1403013212503 1403013257619 1403013257636 1403013212541 0.32500E+03
326 40 50 30.30 1403013213502 1403013258616 1403013258634 1403013213538 0.32600E+03
327 40 50 30.40 1403013214502 1403013259621 1403013259638 1403013214543 0.32700E+03
328 40 50 30.50 1403013215507 1403013260619 1403013260636 1403013215540 0.32800E+03
329 40 50 30.50 1403013216503 1403013261616 1403013261634 1403013216537 0.32900E+03
330 40 50 30.50 1403013217502 1403013262691 1403013262709 1403013217615 0.33000E+03
331 40 50 30.50 1403013218502 1403013263620 1403013263638 1403013218542 0.33100E+03
332 40 50 30.50 1403013219501 1403013264612 1403013264630 1403013219534 0.33200E+03
333 40 50 30.50 1403013220508 1403013265629 1403013265647 1403013220550 0.33300E+03
334 40 50 30.50 1403013221503 1403013266618 1403013266636 1403013221539 0.33400E+03
335 40 50 30.70 1403013222503 1403013267617 1403013267635 1403013222539 0.33500E+03
336 40 50 30.50 1403013223503 1403013268620 1403013268638 1403013223543 0.33600E+03
337 40 50 30.50 1403013224502 1403013269618 1403013269636 1403013224540 0.33700E+03
338 40 50 30.70 1403013225506 1403013270621 1403013270638 1403013225542 0.33800E+03
339 40 50 30.70 1403013226502 1403013271625 1403013271642 1403013226548 0.33900E+03
340 40 50 30.70 1403013227502 1403013272623 1403013272640 1403013227543 0.34000E+03
341 40 50 30.70 1403013228502 1403013273619 1403013273636 1403013228544 0.34100E+03
342 40 50 30.80 1403013229502 1403013274618 1403013274634 1403013229538 0.34200E+03
343 40 50 30.70 1403013230502 1403013275637 1403013275654 1403013230558 0.34300E+03
344 40 50 30.80 1403013231503 1403013276735 1403013276753 1403013231657 0.34400E+03
345 40 50 30.80 1403013232502 1403013277633 1403013277650 1403013232579 0.34500E+03
346 40 50 30.80 1403013233501 1403013278614 1403013278632 1403013233537 0.34600E+03
347 40 50 30.80 1403013234720 1403013279840 1403013279858 1403013234762 0.34700E+03
348 40 50 30.80 1403013235502 1403013280618 1403013280635 1403013235540 0.34800E+03
349 40 50 30.80 1403013236502 1403013281621 1403013281639 1403013236543 0.34900E+03
350 40 50 30.80 1403013237503 1403013282636 1403013282654 1403013237558 0.35000E+03
351 40 50 30.80 1403013238503 1403013283622 1403013283639 1403013238543 0.35100E+03
352 40 50 30.80 1403013239503 1403013284629 1403013284646 1403013239550 0.35200E+03
353 40 50 30.80 1403013240502 1403013285619 1403013285636 1403013240540 0.35300E+03
354 40 50 30.80 1403013241501 1403013286615 1403013286633 1403013241538 0.35400E+03
355 40 50 30.80 1403013242503 1403013287618 1403013287635 1403013242540 0.35500E+03
356 40 50 30.80 1403013243502 1403013288618 1403013288635 1403013243540 0.35600E+03
357 40 50 30.80 1403013244503 1403013289617 1403013289633 1403013244537 0.35700E+03
358 40 50 30.80 1403013245502 1403013290621 1403013290638 1403013245543 0.35800E+03
359 40 50 30.80 1403013246502 1403013291623 1403013291640 1403013246544 0.35900E+03
360 40 50 30.80 1403013247502 1403013292615 1403013292634 1403013247537 0.36000E+03
361 40 50 30.80 1403013248502 1403013293620 1403013293637 1403013248543 0.36100E+03
362 40 50 30.80 1403013249502 1403013294617 1403013294634 1403013249538 0.36200E+03
363 40 50 30.80 1403013250507 1403013295621 1403013295638 1403013250546 0.36300E+03
364 40 50 30.80 1403013251502 1403013296620 1403013296638 1403013251542 0.36400E+03
365 40 50 30.80 1403013252502 1403013297633 1403013297650 1403013252554 0.36500E+03
366 40 50 30.80 1403013253502 1403013298621 1403013298639 1403013253542 0.36600E+03
367 40 50 30.80 1403013254502 1403013299620 1403013299638 1403013254542 0.36700E+03
368 40 50 30.80 1403013255507 1403013300621 1403013300639 1403013255565 0.36800E+03
369 40 50 30.80 1403013256501 1403013301618 1403013301636 1403013256540 0.36900E+03
370 40 50 31.00 1403013257502 1403013302620 1403013302638 1403013257541 0.37000E+03
371 40 50 30.90 1403013258503 1403013303618 1403013303636 1403013258540 0.37100E+03
372 40 50 30.90 1403013259502 1403013304629 1403013304646 1403013259551 0.37200E+03
373 40 50 31.00 1403013260512 1403013305631 1403013305649 1403013260553 0.37300E+03
374 40 50 30.90 1403013261502 1403013306615 1403013306633 1403013261536 0.37400E+03
375 40 50 30.90 1403013262502 1403013307616 1403013307633 1403013262541 0.37500E+03
376 40 50 30.90 1403013263502 1403013308635 1403013308652 1403013263555 0.37600E+03
377 40 50 30.90 1403013264502 1403013309625 1403013309642 1403013264557 0.37700E+03
378 40 50 30.90 1403013265502 1403013310619 1403013310636 1403013265541 0.37800E+03
379 40 50 30.90 1403013266502 1403013311616 1403013311634 1403013266537 0.37900E+03
380 40 50 30.90 1403013267503 1403013312624 1403013312641 1403013267544 0.38000E+03
381 40 50 30.90 1403013268503 1403013313649 1403013313667 1403013268571 0.38100E+03
382 40 50 30.90 1403013269503 1403013314617 1403013314635 1403013269538 0.38200E+03
383 40 50 31.00 1403013270501 1403013315617 1403013315635 1403013270538 0.38300E+03
384 40 50 30.90 1403013271502 1403013316637 1403013316655 1403013271561 0.38400E+03
385 40 50 30.90 1403013272502 1403013317617 1403013317634 1403013272539 0.38500E+03
386 40 50 31.00 1403013273502 1403013318628 1403013318646 1403013273571 0.38600E+03
387 40 50 31.00 1403013274502 1403013319627 1403013319644 1403013274548 0.38700E+03
388 40 50 30.90 1403013275502 1403013320626 1403013320643 1403013275546 0.38800E+03
389 40 50 31.00 1403013276501 1403013321614 1403013321631 1403013276534 0.38900E+03
390 40 50 30.90 1403013277501 1403013322655 1403013322672 1403013277579 0.39000E+03
391 40 50 30.90 1403013278503 1403013323623 1403013323640 1403013278543 0.39100E+03
392 40 50 30.90 1403013279502 1403013324619 1403013324636 1403013279541 0.39200E+03
393 40 50 30.90 1403013280502 1403013325618 1403013325635 1403013280538 0.39300E+03
394 40 50 30.90 1403013281507 1403013326622 1403013326640 1403013281543 0.39400E+03
395 40 50 30.90 1403013282502 1403013327624 1403013327641 1403013282545 0.39500E+03
396 40 50 31.00 1403013283502 1403013328621 1403013328638 1403013283542 0.39600E+03
397 40 50 30.90 1403013284502 1403013329619 1403013329636 1403013284543 0.39700E+03
398 40 50 30.90 1403013285502 1403013330623 1403013330640 1403013285545 0.39800E+03
399 40 50 31.00 1403013286502 1403013331638 1403013331656 1403013286571 0.39900E+03
400 40 50 30.90 1403013287501 1403013332619 1403013332637 1403013287540 0.40000E+03
401 40 50 31.00 1403013288501 1403013333623 1403013333640 1403013288543 0.40100E+03
402 40 50 31.00 1403013289502 1403013334619 1403013334636 1403013289539 0.40200E+03
403 40 50 31.00 1403013290502 1403013335647 1403013335665 1403013290568 0.40300E+03
404 40 50 31.00 1403013291501 1403013336616 1403013336634 1403013291537 0.40400E+03
405 40 50 30.90 1403013292502 1403013337616 1403013337634 1403013292537 0.40500E+03
406 40 50 30.90 1403013293501 1403013338620 1403013338637 1403013293540 0.40600E+03
407 40 50 30.90 1403013294501 1403013339634 1403013339651 1403013294555 0.40700E+03
408 40 50 31.00 1403013295500 1403013340621 1403013340638 1403013295541 0.40800E+03
409 40 50 31.00 1403013296502 1403013341616 1403013341634 1403013296539 0.40900E+03
410 40 50 31.00 1403013297501 1403013342613 1403013342631 1403013297534 0.41000E+03
411 40 50 31.00 1403013298501 1403013343621 1403013343638 1403013298542 0.41100E+03
412 40 50 31.00 1403013299501 1403013344632 1403013344650 1403013299554 0.41200E+03
413 40 50 30.90 1403013300501 1403013345752 1403013345769 1403013300672 0.41300E+03
414 40 50 31.00 1403013301501 1403013346621 1403013346638 1403013301547 0.41400E+03
415 40 50 31.00 1403013302501 1403013347622 1403013347639 1403013302542 0.41500E+03
416 40 50 30.80 1403013303501 1403013348630 1403013348647 1403013303550 0.41600E+03
417 40 50 31.00 1403013304500 1403013349619 1403013349636 1403013304539 0.41700E+03
418 40 50 31.00 1403013305502 1403013350622 1403013350639 1403013305542 0.41800E+03
419 40 50 31.00 1403013306503 1403013351616 1403013351633 1403013306538 0.41900E+03
420 40 50 31.00 1403013307502 1403013352620 1403013352638 1403013307541 0.42000E+03
421 40 50 30.90 1403013308502 1403013353629 1403013353645 1403013308554 0.42100E+03
422 40 50 30.90 1403013309503 1403013354623 1403013354640 1403013309544 0.42200E+03
423 40 50 31.00 1403013310501 1403013355623 1403013355640 1403013310553 0.42300E+03
424 40 50 31.00 1403013311502 1403013356617 1403013356634 1403013311537 0.42400E+03
425 40 50 31.00 1403013312502 1403013357643 1403013357660 1403013312563 0.42500E+03
426 40 50 30.90 1403013313502 1403013358619 1403013358636 1403013313541 0.42600E+03
427 40 50 31.00 1403013314503 1403013359751 1403013359769 1403013314672 0.42700E+03
428 40 50 31.00 1403013315503 1403013360765 1403013360783 1403013315687 0.42800E+03
429 40 50 30.90 1403013316503 1403013361729 1403013361746 1403013316649 0.42900E+03
430 40 50 31.00 1403013317501 1403013362725 1403013362742 1403013317645 0.43000E+03
431 40 50 30.90 1403013318503 1403013363630 1403013363647 1403013318554 0.43100E+03
432 40 50 30.90 1403013319502 1403013364618 1403013364635 1403013319538 0.43200E+03
433 40 50 31.00 1403013320502 1403013365618 1403013365634 1403013320537 0.43300E+03
434 40 50 31.00 1403013321503 1403013366621 1403013366639 1403013321541 0.43400E+03
435 40 50 30.90 1403013322539 1403013367662 1403013367680 1403013322582 0.43500E+03
436 40 50 31.00 1403013323501 1403013368613 1403013368631 1403013323535 0.43600E+03
437 40 50 31.10 1403013324502 1403013369616 1403013369634 1403013324541 0.43700E+03
438 40 50 31.00 1403013325501 1403013370615 1403013370633 1403013325536 0.43800E+03
439 40 50 31.00 1403013326501 1403013371613 1403013371630 1403013326532 0.43900E+03
440 40 50 31.00 1403013327502 1403013372617 1403013372634 1403013327536 0.44000E+03
441 40 50 30.90 1403013328503 1403013373709 1403013373727 1403013328629 0.44100E+03
442 40 50 31.00 1403013329503 1403013374622 1403013374640 1403013329544 0.44200E+03
443 40 50 31.00 1403013330507 1403013375627 1403013375645 1403013330547 0.44300E+03
444 40 50 31.00 1403013331502 1403013376618 1403013376636 1403013331538 0.44400E+03
445 40 50 31.00 1403013332502 1403013377622 1403013377639 1403013332541 0.44500E+03
446 40 50 31.00 1403013333502 1403013378651 1403013378669 1403013333571 0.44600E+03
447 40 50 30.90 1403013334501 1403013379656 1403013379674 1403013334576 0.44700E+03
448 40 50 31.00 1403013335502 1403013380705 1403013380723 1403013335625 0.44800E+03
449 40 50 31.00 1403013336502 1403013381624 1403013381641 1403013336557 0.44900E+03
450 40 50 31.00 1403013337501 1403013382613 1403013382631 1403013337534 0.45000E+03
451 40 50 31.00 1403013338502 1403013383621 1403013383648 1403013338550 0.45100E+03
452 40 50 31.00 1403013339502 1403013384620 1403013384638 1403013339540 0.45200E+03
453 40 50 31.00 1403013340501 1403013385614 1403013385631 1403013340533 0.45300E+03
454 40 50 31.10 1403013341503 1403013386622 1403013386640 1403013341543 0.45400E+03
455 40 50 31.00 1403013342501 1403013387620 1403013387637 1403013342539 0.45500E+03
456 40 50 31.00 1403013343502 1403013388766 1403013388784 1403013343686 0.45600E+03
457 40 50 31.00 1403013344502 1403013389622 1403013389640 1403013344542 0.45700E+03
458 40 50 31.10 1403013345501 1403013390613 1403013390631 1403013345533 0.45800E+03
459 40 50 31.00 1403013346503 1403013391631 1403013391648 1403013346551 0.45900E+03
460 40 50 31.10 1403013347502 1403013392622 1403013392640 1403013347542 0.46000E+03
461 40 50 31.00 1403013348502 1403013393626 1403013393643 1403013348550 0.46100E+03
462 40 50 31.10 1403013349503 1403013394621 1403013394639 1403013349541 0.46200E+03
463 40 50 31.00 1403013350502 1403013395618 1403013395635 1403013350537 0.46300E+03
464 40 50 31.00 1403013351502 1403013396632 1403013396650 1403013351554 0.46400E+03
465 40 50 31.00 1403013352503 1403013397627 1403013397645 1403013352552 0.46500E+03
466 40 50 31.10 1403013353502 1403013398617 1403013398634 1403013353539 0.46600E+03
467 40 50 31.10 1403013354503 1403013399619 1403013399637 1403013354539 0.46700E+03
468 40 50 31.10 1403013355503 1403013400624 1403013400641 1403013355543 0.46800E+03
469 40 50 31.10 1403013356502 1403013401621 1403013401638 1403013356545 0.46900E+03
470 40 50 31.00 1403013357503 1403013402619 1403013402636 1403013357541 0.47000E+03
471 40 50 31.00 1403013358503 1403013403633 1403013403650 1403013358552 0.47100E+03
472 40 50 31.10 1403013359502 1403013404620 1403013404637 1403013359540 0.47200E+03
473 40 50 31.00 1403013360502 1403013405621 1403013405638 1403013360540 0.47300E+03
474 40 50 31.20 1403013361501 1403013406688 1403013406705 1403013361608 0.47400E+03
475 40 50 31.10 1403013362502 1403013407620 1403013407638 1403013362541 0.47500E+03
476 40 50 31.00 1403013363502 1403013408620 1403013408637 1403013363543 0.47600E+03
477 40 50 31.10 1403013364506 1403013409640 1403013409657 1403013364559 0.47700E+03
478 40 50 31.10 1403013365502 1403013410618 1403013410635 1403013365542 0.47800E+03
479 40 50 31.10 1403013366503 1403013411619 1403013411636 1403013366539 0.47900E+03
480 40 50 31.10 1403013367503 1403013412621 1403013412638 1403013367541 0.48000E+03
481 40 50 31.10 1403013368502 1403013413664 1403013413681 1403013368584 0.48100E+03
482 40 50 31.10 1403013369507 1403013414627 1403013414644 1403013369550 0.48200E+03
483 40 50 31.10 1403013370503 1403013415625 1403013415642 1403013370545 0.48300E+03
484 40 50 31.10 1403013371502 1403013416710 1403013416726 1403013371631 0.48400E+03
485 40 50 31.00 1403013372503 1403013417617 1403013417634 1403013372537 0.48500E+03
486 40 50 31.00 1403013373502 1403013418619 1403013418636 1403013373543 0.48600E+03
487 40 50 31.10 1403013374503 1403013419625 1403013419642 1403013374545 0.48700E+03
488 40 50 31.00 1403013375502 1403013420626 1403013420643 1403013375546 0.48800E+03
489 40 50 31.00 1403013376502 1403013421621 1403013421639 1403013376546 0.48900E+03
490 40 50 31.10 1403013377502 1403013422626 1403013422643 1403013377553 0.49000E+03
491 40 50 31.10 1403013378503 1403013423619 1403013423636 1403013378538 0.49100E+03
492 40 50 31.10 1403013379503 1403013424662 1403013424679 1403013379585 0.49200E+03
493 40 50 31.00 1403013380502 1403013425636 1403013425654 1403013380556 0.49300E+03
494 40 50 31.10 1403013381503 1403013426625 1403013426642 1403013381544 0.49400E+03
495 40 50 31.00 1403013382503 1403013427619 1403013427636 1403013382540 0.49500E+03
496 40 50 31.10 1403013383503 1403013428691 1403013428708 1403013383612 0.49600E+03
497 40 50 31.10 1403013384503 1403013429618 1403013429635 1403013384538 0.49700E+03
498 40 50 31.00 1403013385502 1403013430627 1403013430645 1403013385547 0.49800E+03
499 40 50 31.00 1403013386505 1403013431623 1403013431641 1403013386543 0.49900E+03
500 40 50 31.10 1403013387507 1403013432623 1403013432640 1403013387543 0.50000E+03
501 40 50 30.90 1403013388503 1403013433648 1403013433665 1403013388573 0.50100E+03
502 40 50 31.00 1403013389502 1403013434626 1403013434641 1403013389552 0.50200E+03
503 40 50 31.00 1403013390503 1403013435623 1403013435640 1403013390544 0.50300E+03
504 40 50 31.10 1403013391502 1403013436617 1403013436634 1403013391536 0.50400E+03
505 40 50 31.00 1403013392508 1403013437635 1403013437653 1403013392554 0.50500E+03
506 40 50 31.00 1403013393503 1403013438691 1403013438709 1403013393623 0.50600E+03
507 40 50 31.10 1403013394503 1403013439665 1403013439683 1403013394585 0.50700E+03
508 40 50 31.10 1403013395502 1403013440619 1403013440637 1403013395538 0.50800E+03
509 40 50 31.10 1403013396502 1403013441621 1403013441638 1403013396540 0.50900E+03
510 40 50 31.00 1403013397501 1403013442617 1403013442634 1403013397540 0.51000E+03
511 40 50 31.00 1403013398502 1403013443625 1403013443642 1403013398543 0.51100E+03
512 40 50 31.10 1403013399502 1403013444705 1403013444722 1403013399624 0.51200E+03
513 40 50 31.10 1403013400503 1403013445620 1403013445637 1403013400539 0.51300E+03
514 40 50 31.00 1403013401502 1403013446616 1403013446634 1403013401535 0.51400E+03
515 40 50 31.10 1403013402502 1403013447629 1403013447646 1403013402549 0.51500E+03
516 40 50 31.10 1403013403503 1403013448627 1403013448645 1403013403547 0.51600E+03
517 40 50 31.10 1403013404503 1403013449623 1403013449640 1403013404542 0.51700E+03
518 40 50 31.10 1403013405503 1403013450724 1403013450742 1403013405643 0.51800E+03
519 40 50 31.00 1403013406503 1403013451624 1403013451641 1403013406543 0.51900E+03
520 40 50 31.10 1403013407507 1403013452623 1403013452641 1403013407543 0.52000E+03
521 40 50 31.00 1403013408503 1403013453619 1403013453636 1403013408538 0.52100E+03
522 40 50 31.10 1403013409502 1403013454628 1403013454646 1403013409551 0.52200E+03
523 40 50 31.00 1403013410503 1403013455623 1403013455641 1403013410544 0.52300E+03
524 40 50 31.00 1403013411502 1403013456764 1403013456782 1403013411683 0.52400E+03
525 40 50 31.10 1403013412503 1403013457618 1403013457636 1403013412537 0.52500E+03
526 40 50 31.10 1403013413501 1403013458621 1403013458638 1403013413540 0.52600E+03
527 40 50 31.00 1403013414503 1403013459618 1403013459636 1403013414539 0.52700E+03
528 40 50 31.40 1403013415503 1403013460626 1403013460644 1403013415546 0.52800E+03
529 40 50 31.10 1403013416503 1403013461620 1403013461638 1403013416540 0.52900E+03
530 40 50 31.10 1403013417503 1403013462620 1403013462637 1403013417539 0.53000E+03
531 40 50 31.10 1403013418503 1403013463622 1403013463639 1403013418541 0.53100E+03
532 40 50 31.10 1403013419503 1403013464619 1403013464636 1403013419541 0.53200E+03
533 40 50 31.00 1403013420501 1403013465616 1403013465633 1403013420535 0.53300E+03
534 40 50 31.10 1403013421501 1403013466615 1403013466632 1403013421533 0.53400E+03
535 40 50 31.20 1403013422503 1403013467660 1403013467677 1403013422582 0.53500E+03
536 40 50 31.10 1403013423502 1403013468624 1403013468641 1403013423543 0.53600E+03
537 40 50 31.00 1403013424503 1403013469669 1403013469687 1403013424589 0.53700E+03
538 40 50 31.00 1403013425502 1403013470617 1403013470634 1403013425536 0.53800E+03
539 40 50 31.00 1403013426502 1403013471622 1403013471639 1403013426541 0.53900E+03
540 40 50 31.00 1403013427503 1403013472623 1403013472641 1403013427543 0.54000E+03
541 40 50 31.10 1403013428502 1403013473625 1403013473642 1403013428544 0.54100E+03
542 40 50 31.10 1403013429503 1403013474624 1403013474641 1403013429544 0.54200E+03
543 40 50 31.00 1403013430503 1403013475628 1403013475645 1403013430547 0.54300E+03
544 40 50 31.10 1403013431507 1403013476622 1403013476638 1403013431540 0.54400E+03
545 40 50 31.10 1403013432502 1403013477622 1403013477639 1403013432541 0.54500E+03
546 40 50 31.10 1403013433503 1403013478622 1403013478639 1403013433541 0.54600E+03
547 40 50 31.00 1403013434503 1403013479757 1403013479773 1403013434675 0.54700E+03
548 40 50 31.10 1403013435502 1403013480746 1403013480763 1403013435667 0.54800E+03
549 40 50 31.10 1403013436514 1403013481741 1403013481758 1403013436660 0.54900E+03
550 40 50 31.10 1403013437503 1403013482727 1403013482744 1403013437646 0.55000E+03
551 40 50 31.10 1403013438503 1403013483619 1403013483636 1403013438538 0.55100E+03
552 40 50 31.00 1403013439503 1403013484697 1403013484713 1403013439615 0.55200E+03
553 40 50 31.10 1403013440503 1403013485623 1403013485641 1403013440547 0.55300E+03
554 40 50 31.20 1403013441509 1403013486632 1403013486649 1403013441551 0.55400E+03
555 40 50 31.20 1403013442501 1403013487615 1403013487633 1403013442534 0.55500E+03
556 40 50 31.10 1403013443500 1403013488627 1403013488644 1403013443545 0.55600E+03
557 40 50 31.40 1403013444501 1403013489621 1403013489638 1403013444540 0.55700E+03
558 40 50 31.10 1403013445503 1403013490625 1403013490642 1403013445543 0.55800E+03
559 40 50 31.10 1403013446502 1403013491634 1403013491650 1403013446555 0.55900E+03
560 40 50 31.10 1403013447502 1403013492621 1403013492639 1403013447541 0.56000E+03
561 40 50 31.10 1403013448503 1403013493620 1403013493637 1403013448539 0.56100E+03
562 40 50 31.10 1403013449502 1403013494623 1403013494640 1403013449549 0.56200E+03
563 40 50 31.20 1403013450502 1403013495628 1403013495645 1403013450549 0.56300E+03
564 40 50 31.20 1403013451507 1403013496625 1403013496641 1403013451543 0.56400E+03
565 40 50 31.10 1403013452503 1403013497623 1403013497640 1403013452542 0.56500E+03
566 40 50 31.10 1403013453503 1403013498622 1403013498639 1403013453541 0.56600E+03
567 40 50 31.20 1403013454503 1403013499626 1403013499642 1403013454544 0.56700E+03
568 40 50 31.20 1403013455503 1403013500698 1403013500713 1403013455615 0.56800E+03
569 40 50 31.20 1403013456507 1403013501706 1403013501723 1403013456624 0.56900E+03
570 40 50 31.20 1403013457503 1403013502624 1403013502640 1403013457545 0.57000E+03
571 40 50 31.20 1403013458502 1403013503619 1403013503636 1403013458538 0.57100E+03
572 40 50 31.10 1403013459503 1403013504618 1403013504635 1403013459537 0.57200E+03
573 40 50 31.10 1403013460502 1403013505695 1403013505713 1403013460641 0.57300E+03
574 40 50 31.10 1403013461503 1403013506621 1403013506637 1403013461539 0.57400E+03
575 40 50 31.10 1403013462502 1403013507628 1403013507646 1403013462547 0.57500E+03
576 40 50 31.10 1403013463503 1403013508627 1403013508644 1403013463544 0.57600E+03
577 40 50 31.10 1403013464503 1403013509625 1403013509642 1403013464543 0.57700E+03
578 40 50 31.10 1403013465503 1403013510621 1403013510638 1403013465539 0.57800E+03
579 40 50 31.10 1403013466503 1403013511654 1403013511672 1403013466573 0.57900E+03
580 40 50 31.10 1403013467503 1403013512620 1403013512638 1403013467539 0.58000E+03
581 40 50 31.10 1403013468503 1403013513619 1403013513637 1403013468538 0.58100E+03
582 40 50 31.10 1403013469502 1403013514619 1403013514637 1403013469538 0.58200E+03
583 40 50 31.10 1403013470502 1403013515623 1403013515640 1403013470541 0.58300E+03
584 40 50 31.20 1403013471502 1403013516623 1403013516641 1403013471542 0.58400E+03
585 40 50 31.20 1403013472502 1403013517617 1403013517634 1403013472535 0.58500E+03
586 40 50 31.10 1403013473503 1403013518624 1403013518641 1403013473541 0.58600E+03
587 40 50 31.10 1403013474503 1403013519623 1403013519640 1403013474570 0.58700E+03
588 40 50 31.10 1403013475503 1403013520620 1403013520637 1403013475538 0.58800E+03
589 40 50 31.10 1403013476502 1403013521621 1403013521639 1403013476548 0.58900E+03
590 40 50 31.20 1403013477506 1403013522629 1403013522647 1403013477548 0.59000E+03
591 40 50 31.10 1403013478503 1403013523619 1403013523637 1403013478538 0.59100E+03
592 40 50 31.20 1403013479503 1403013524638 1403013524655 1403013479556 0.59200E+03
593 40 50 31.10 1403013480502 1403013525623 1403013525641 1403013480542 0.59300E+03
594 40 50 31.10 1403013481503 1403013526640 1403013526657 1403013481564 0.59400E+03
595 40 50 31.20 1403013482507 1403013527626 1403013527643 1403013482544 0.59500E+03
596 40 50 31.20 1403013483503 1403013528628 1403013528646 1403013483547 0.59600E+03
597 40 50 31.10 1403013484501 1403013529622 1403013529640 1403013484547 0.59700E+03
598 40 50 31.10 1403013485503 1403013530621 1403013530639 1403013485540 0.59800E+03
599 40 50 31.10 1403013486503 1403013531623 1403013531640 1403013486541 0.59900E+03
600 40 50 31.20 1403013487507 1403013532623 1403013532640 1403013487541 0.60000E+03
601 40 50 31.10 1403013488503 1403013533636 1403013533652 1403013488553 0.60100E+03
602 40 50 31.20 1403013489502 1403013534619 1403013534636 1403013489537 0.60200E+03
603 40 50 31.10 1403013490503 1403013535685 1403013535702 1403013490605 0.60300E+03
604 40 50 31.20 1403013491503 1403013536623 1403013536640 1403013491542 0.60400E+03
605 40 50 31.20 1403013492503 1403013537628 1403013537646 1403013492547 0.60500E+03
606 40 50 31.10 1403013493503 1403013538643 1403013538661 1403013493562 0.60600E+03
607 40 50 31.10 1403013494503 1403013539622 1403013539639 1403013494540 0.60700E+03
608 40 50 31.20 1403013495503 1403013540620 1403013540637 1403013495539 0.60800E+03
609 40 50 31.20 1403013496502 1403013541623 1403013541640 1403013496545 0.60900E+03
610 40 50 31.20 1403013497503 1403013542622 1403013542638 1403013497539 0.61000E+03
611 40 50 31.10 1403013498503 1403013543621 1403013543638 1403013498539 0.61100E+03
612 40 50 31.20 1403013499503 1403013544621 1403013544638 1403013499539 0.61200E+03
613 40 50 31.10 1403013500503 1403013545630 1403013545647 1403013500548 0.61300E+03
614 40 50 31.10 1403013501502 1403013546620 1403013546637 1403013501545 0.61400E+03
615 40 50 31.20 1403013502503 1403013547697 1403013547714 1403013502615 0.61500E+03
616 40 50 31.10 1403013503500 1403013548623 1403013548640 1403013503545 0.61600E+03
617 40 50 31.10 1403013504501 1403013549621 1403013549637 1403013504538 0.61700E+03
618 40 50 31.10 1403013505503 1403013550623 1403013550639 1403013505541 0.61800E+03
619 40 50 31.20 1403013506501 1403013551615 1403013551632 1403013506533 0.61900E+03
620 40 50 31.10 1403013507503 1403013552622 1403013552639 1403013507540 0.62000E+03
621 40 50 31.10 1403013508503 1403013553637 1403013553655 1403013508555 0.62100E+03
622 40 50 31.20 1403013509503 1403013554704 1403013554722 1403013509623 0.62200E+03
623 40 50 31.20 1403013510501 1403013555617 1403013555634 1403013510535 0.62300E+03
624 40 50 31.10 1403013511503 1403013556676 1403013556694 1403013511595 0.62400E+03
625 40 50 31.10 1403013512506 1403013557625 1403013557641 1403013512542 0.62500E+03
626 40 50 31.10 1403013513501 1403013558658 1403013558676 1403013513576 0.62600E+03
627 40 50 31.10 1403013514501 1403013559619 1403013559637 1403013514538 0.62700E+03
628 40 50 31.20 1403013515503 1403013560619 1403013560637 1403013515537 0.62800E+03
629 40 50 31.10 1403013516502 1403013561621 1403013561638 1403013516538 0.62900E+03
630 40 50 31.20 1403013517502 1403013562622 1403013562640 1403013517540 0.63000E+03
631 40 50 31.20 1403013518503 1403013563621 1403013563639 1403013518543 0.63100E+03
632 40 50 31.20 1403013519503 1403013564631 1403013564648 1403013519556 0.63200E+03
633 40 50 31.20 1403013520503 1403013565621 1403013565638 1403013520540 0.63300E+03
634 40 50 31.20 1403013521501 1403013566635 1403013566653 1403013521553 0.63400E+03
635 40 50 31.10 1403013522507 1403013567636 1403013567654 1403013522554 0.63500E+03
636 40 50 31.10 1403013523501 1403013568617 1403013568635 1403013523536 0.63600E+03
637 40 50 31.20 1403013524503 1403013569621 1403013569639 1403013524539 0.63700E+03
638 40 50 31.20 1403013525503 1403013570619 1403013570637 1403013525539 0.63800E+03
639 40 50 31.10 1403013526501 1403013571625 1403013571642 1403013526544 0.63900E+03
640 40 50 31.20 1403013527500 1403013572615 1403013572633 1403013527533 0.64000E+03
641 40 50 31.20 1403013528502 1403013573619 1403013573636 1403013528536 0.64100E+03
642 40 50 31.10 1403013529501 1403013574616 1403013574633 1403013529534 0.64200E+03
643 40 50 31.20 1403013530503 1403013575632 1403013575650 1403013530551 0.64300E+03
644 40 50 31.10 1403013531501 1403013576619 1403013576637 1403013531538 0.64400E+03
645 40 50 31.10 1403013532501 1403013577627 1403013577645 1403013532545 0.64500E+03
646 40 50 31.10 1403013533501 1403013578624 1403013578641 1403013533542 0.64600E+03
647 40 50 31.10 1403013534501 1403013579951 1403013579968 1403013534876 0.64700E+03
648 40 50 31.10 1403013535502 1403013580622 1403013580640 1403013535540 0.64800E+03
649 40 50 31.20 1403013536501 1403013581625 1403013581642 1403013536555 0.64900E+03
650 40 50 31.10 1403013537501 1403013582643 1403013582660 1403013537560 0.65000E+03
651 40 50 31.10 1403013538501 1403013583635 1403013583653 1403013538553 0.65100E+03
652 40 50 31.10 1403013539500 1403013584665 1403013584682 1403013539584 0.65200E+03
653 40 50 31.20 1403013540501 1403013585618 1403013585636 1403013540538 0.65300E+03
654 40 50 31.20 1403013541501 1403013586621 1403013586638 1403013541539 0.65400E+03
655 40 50 31.10 1403013542500 1403013587635 1403013587652 1403013542553 0.65500E+03
656 40 50 31.10 1403013543502 1403013588662 1403013588679 1403013543579 0.65600E+03
657 40 50 31.10 1403013544503 1403013589627 1403013589645 1403013544546 0.65700E+03
658 40 50 31.10 1403013545504 1403013590622 1403013590639 1403013545540 0.65800E+03
659 40 50 31.10 1403013546502 1403013591637 1403013591654 1403013546555 0.65900E+03
660 40 50 31.10 1403013547503 1403013592623 1403013592640 1403013547862 0.66000E+03
661 40 50 31.10 1403013548501 1403013593619 1403013593636 1403013548538 0.66100E+03
662 40 50 31.10 1403013549502 1403013594619 1403013594637 1403013549537 0.66200E+03
663 40 50 31.10 1403013550503 1403013595624 1403013595641 1403013550541 0.66300E+03
664 40 50 31.10 1403013551503 1403013596625 1403013596642 1403013551543 0.66400E+03
665 40 50 31.10 1403013552503 1403013597624 1403013597641 1403013552542 0.66500E+03
666 40 50 31.20 1403013553506 1403013598649 1403013598666 1403013553570 0.66600E+03
667 40 50 31.20 1403013554502 1403013599618 1403013599636 1403013554754 0.66700E+03
668 40 50 31.10 1403013555501 1403013600758 1403013600775 1403013555675 0.66800E+03
669 40 50 31.20 1403013556501 1403013601743 1403013601761 1403013556662 0.66900E+03
670 40 50 31.00 1403013557503 1403013602733 1403013602749 1403013557650 0.67000E+03
671 40 50 31.10 1403013558506 1403013603665 1403013603682 1403013558583 0.67100E+03
672 40 50 31.10 1403013559503 1403013604619 1403013604636 1403013559536 0.67200E+03
673 40 50 31.10 1403013560503 1403013605628 1403013605645 1403013560546 0.67300E+03
674 40 50 31.10 1403013561503 1403013606622 1403013606639 1403013561540 0.67400E+03
675 40 50 31.10 1403013562503 1403013607621 1403013607638 1403013562539 0.67500E+03
676 40 50 31.10 1403013563502 1403013608622 1403013608640 1403013563539 0.67600E+03
677 40 50 31.10 1403013564501 1403013609628 1403013609645 1403013564546 0.67700E+03
678 40 50 31.10 1403013565503 1403013610660 1403013610678 1403013565578 0.67800E+03
